##Some comment
#q(1/A)	R	Err
0.07	0	0
0.069862	0	0
0.069724	0	0
0.069586	0	0
0.069448	0	0
0.06931	0	0
0.069172	0	0
0.069034	0	0
0.068896	0	0
0.068758	0	0
0.06862	0	0
0.068482	0	0
0.068344	0	0
0.068206	0	0
0.068068	0	0
0.06793	0	0
0.067792	0	0
0.067654	0	0
0.067516	0	0
0.067378	0	0
0.06724	0	0
0.067102	0	0
0.066964	0	0
0.066826	0	0
0.066688	2.10837e-006	0
0.06655	5.62233e-006	0
0.066412	8.4335e-006	0
0.066274	1.12447e-005	0
0.066136	1.40558e-005	0
0.065998	1.6867e-005	0
0.06586	1.96782e-005	0
0.065722	2.0381e-005	0
0.065584	1.96782e-005	0
0.065446	1.96782e-005	0
0.065308	2.0381e-005	0
0.06517	1.96782e-005	0
0.065032	1.96782e-005	0
0.064894	1.96782e-005	0
0.064756	1.96782e-005	0
0.064618	1.96782e-005	0
0.06448	1.89754e-005	0
0.064342	1.89754e-005	0
0.064204	1.89754e-005	0
0.064066	1.89754e-005	0
0.063928	1.89754e-005	0
0.06379	1.89754e-005	0
0.063652	1.89754e-005	0
0.063514	1.89754e-005	0
0.063376	1.89754e-005	0
0.063238	1.89754e-005	0
0.0631	1.82726e-005	0
0.062962	1.54614e-005	0
0.062824	1.26502e-005	0
0.062686	9.83908e-006	0
0.062548	7.02791e-006	0
0.06241	4.21675e-006	0
0.062272	1.40558e-006	0
0.062134	0	0
0.061996	0	0
0.061858	0	0
0.06172	0	0
0.061582	0	0
0.061444	0	0
0.061306	0	0
0.061168	0	0
0.06103	0	0
0.060892	0	0
0.060754	0	0
0.060616	0	0
0.060478	0	0
0.06034	0	0
0.060202	0	0
0.060064	0	0
0.059926	0	0
0.059788	0	0
0.05965	0	0
0.059512	0	0
0.059374	0	0
0.059236	0	0
0.059098	0	0
0.05896	0	0
0.058822	0	0
0.058684	0	0
0.058546	0	0
0.058408	0	0
0.05827	0	0
0.058132	0	0
0.057994	0	0
0.057856	0	0
0.057718	0	0
0.05758	0	0
0.057442	0	0
0.057304	0	0
0.057166	1.1174e-006	0
0.057028	3.35219e-006	0
0.05689	6.14568e-006	0
0.056752	8.38047e-006	0
0.056614	1.06153e-005	0
0.056476	1.22914e-005	0
0.056338	1.17327e-005	0
0.0562	1.17327e-005	0
0.056062	1.1174e-005	0
0.055924	1.17327e-005	0
0.055786	1.17327e-005	0
0.055648	1.1174e-005	0
0.05551	1.1174e-005	0
0.055372	8.93916e-006	0
0.055234	6.70437e-006	0
0.055096	3.91088e-006	0
0.054958	1.67609e-006	0
0.05482	0	0
0.054682	0	0
0.054544	0	0
0.054406	0	0
0.054268	0	0
0.05413	0	0
0.053992	0	0
0.053854	0	0
0.053716	0	0
0.053578	0	0
0.05344	0	0
0.053302	0	0
0.053164	1.0629e-006	0
0.053026	3.1887e-006	0
0.052888	5.3145e-006	0
0.05275	7.4403e-006	0
0.052612	9.5661e-006	0
0.052474	9.5661e-006	0
0.052336	9.5661e-006	0
0.052198	1.10864e-005	0
0.05206	1.41648e-005	0
0.051922	1.87525e-005	0
0.051784	2.33521e-005	0
0.051646	2.83844e-005	0
0.051508	3.18467e-005	0
0.05137	3.32189e-005	0
0.051232	3.56292e-005	0
0.051094	3.73204e-005	0
0.050956	3.90322e-005	0
0.050818	4.21264e-005	0
0.05068	4.52526e-005	0
0.050542	4.60794e-005	0
0.050404	4.87868e-005	0
0.050266	4.92728e-005	0
0.050128	4.72351e-005	0
0.04999	4.46923e-005	0
0.049852	4.16987e-005	0
0.049714	4.1414e-005	0
0.049576	4.35093e-005	0
0.049438	4.70449e-005	0
0.0493	4.89419e-005	0
0.049162	4.70056e-005	0
0.049024	4.37571e-005	0
0.048886	4.0818e-005	0
0.048748	4.02396e-005	0
0.04861	4.2037e-005	0
0.048472	4.51232e-005	0
0.048334	4.82513e-005	0
0.048196	5.15445e-005	0
0.048058	5.39119e-005	0
0.04792	5.28177e-005	0
0.047782	5.06001e-005	0
0.047644	4.80103e-005	0
0.047506	4.55246e-005	0
0.047368	4.78743e-005	0
0.04723	5.2777e-005	0
0.047092	5.49459e-005	0
0.046954	5.7281e-005	0
0.046816	5.68088e-005	0
0.046678	5.42819e-005	0
0.04654	5.24905e-005	0
0.046402	4.93235e-005	0
0.046264	4.63697e-005	0
0.046126	4.5675e-005	0
0.045988	4.35211e-005	0
0.04585	4.11535e-005	0
0.045712	4.05189e-005	0
0.045574	3.86802e-005	0
0.045436	3.89488e-005	0
0.045298	3.80766e-005	0
0.04516	3.77194e-005	0
0.045022	3.86094e-005	0
0.044884	4.06932e-005	0
0.044746	4.2491e-005	0
0.044608	4.42942e-005	0
0.04447	4.64544e-005	0
0.044332	5.10524e-005	0
0.044194	5.52429e-005	0
0.044056	6.01654e-005	0
0.043918	6.54365e-005	0
0.04378	6.89573e-005	0
0.043642	7.04469e-005	0
0.043504	7.08877e-005	0
0.043366	7.13544e-005	0
0.043228	7.635e-005	0
0.04309	8.30757e-005	0
0.042952	8.91585e-005	0
0.042814	8.80695e-005	0
0.042676	9.00716e-005	0
0.042538	9.53154e-005	0
0.0424	0.000102999	0
0.042262	0.000106425	0
0.042124	0.000105141	0
0.041986	0.000103911	0
0.041848	0.000104091	0
0.04171	0.000102625	0
0.041572	0.00010038	0
0.041434	9.57059e-005	0
0.041296	9.09069e-005	0
0.041158	8.63473e-005	0
0.04102	8.54298e-005	0
0.040882	8.70515e-005	0
0.040744	8.82651e-005	0
0.040606	8.89089e-005	0
0.040468	8.96783e-005	0
0.04033	9.03228e-005	0
0.040192	9.18338e-005	0
0.040054	9.54948e-005	0
0.039916	9.72851e-005	0
0.039778	9.76313e-005	0
0.03964	9.32934e-005	0
0.039502	9.08128e-005	0
0.039364	8.85545e-005	0
0.039226	9.21441e-005	0
0.039088	0.000101647	0
0.03895	0.000108813	0
0.038812	0.000108766	0
0.038674	0.000109111	0
0.038536	0.000114439	0
0.038398	0.0001175	0
0.03826	0.000121038	0
0.038122	0.000121309	0
0.037984	0.000113053	0
0.037846	0.00011005	0
0.037708	0.000106491	0
0.03757	0.000114541	0
0.037432	0.000122705	0
0.037294	0.000122991	0
0.037156	0.000124284	0
0.037018	0.000127408	0
0.03688	0.000131614	0
0.036742	0.000134113	0
0.036604	0.000134307	0
0.036466	0.000129744	0
0.036328	0.000120824	0
0.03619	0.00012423	0
0.036052	0.000128044	0
0.035914	0.000137364	0
0.035776	0.000146451	0
0.035638	0.000153978	0
0.0355	0.000153077	0
0.035362	0.000146923	0
0.035224	0.000140269	0
0.035086	0.000143839	0
0.034948	0.000147774	0
0.03481	0.000147459	0
0.034672	0.000143136	0
0.034534	0.000133441	0
0.034396	0.000139717	0
0.034258	0.000145128	0
0.03412	0.000155037	0
0.033982	0.000160737	0
0.033844	0.000155191	0
0.033706	0.000155131	0
0.033568	0.000157289	0
0.03343	0.000159479	0
0.033292	0.000159848	0
0.033154	0.000158033	0
0.033016	0.000174142	0
0.032878	0.000185199	0
0.03274	0.000194195	0
0.032602	0.000200756	0
0.032464	0.000206661	0
0.032326	0.000209727	0
0.032188	0.000217909	0
0.03205	0.000219595	0
0.031912	0.000227147	0
0.031774	0.000225312	0
0.031636	0.000230254	0
0.031498	0.000238882	0
0.03136	0.000227169	0
0.031222	0.000228953	0
0.031084	0.000218972	0
0.030946	0.000223261	0
0.030808	0.000235484	0
0.03067	0.000247081	0
0.030532	0.000257003	0
0.030394	0.000267885	0
0.030256	0.000282642	0
0.030118	0.000285307	0
0.02998	0.00028761	0
0.029842	0.000290586	0
0.029704	0.000291504	0
0.029566	0.000306435	0
0.029428	0.000306847	0
0.02929	0.000313907	0
0.029152	0.000306988	0
0.029014	0.000297278	0
0.028876	0.000290303	0
0.028738	0.000297224	0
0.0286	0.000298213	0
0.028462	0.000297089	0
0.028324	0.000307065	0
0.028186	0.000312837	0
0.028048	0.000301098	0
0.02791	0.000309185	0
0.027772	0.000313361	0
0.027634	0.000327357	0
0.027496	0.000338663	0
0.027358	0.000345171	0
0.02722	0.000361444	0
0.027082	0.000372183	0
0.026944	0.00039178	0
0.026806	0.0004204	0
0.026668	0.000419063	0
0.02653	0.000425605	0
0.026392	0.000426031	0
0.026254	0.000454914	0
0.026116	0.000468036	0
0.025978	0.00046869	0
0.02584	0.000481609	0
0.025702	0.000503864	0
0.025564	0.000517244	0
0.025426	0.000518358	0
0.025288	0.000520002	0
0.02515	0.000521854	0
0.025012	0.000539962	0
0.024874	0.000549035	0
0.024736	0.000525943	0
0.024598	0.000536477	0
0.02446	0.000542385	0
0.024322	0.000540611	0
0.024184	0.000547885	0
0.024046	0.000568253	0
0.023908	0.000591419	0
0.02377	0.000603862	0
0.023632	0.000624652	0
0.023494	0.000639687	0
0.023356	0.000627755	0
0.023218	0.000638207	0
0.02308	0.000655449	0
0.022942	0.000645689	0
0.022804	0.000651947	0
0.022666	0.000646609	0
0.022528	0.000650446	0
0.02239	0.000679489	0
0.022252	0.000742576	0
0.022114	0.000739969	0
0.021976	0.000745503	0
0.021838	0.000755277	0
0.0217	0.000793108	0
0.021562	0.000813497	0
0.021424	0.00084045	0
0.021286	0.000878895	0
0.021148	0.000902317	0
0.02101	0.000936968	0
0.020872	0.000907201	0
0.020734	0.00097085	0
0.020596	0.00098177	0
0.020458	0.00100678	0
0.02032	0.00102888	0
0.020182	0.00104997	0
0.020044	0.00103771	0
0.019906	0.000847364	0
0.019768	0.00113208	0
0.01963	0.00119948	0
0.019492	0.00121738	0
0.019354	0.00125855	0
0.019216	0.00130631	0
0.019078	0.00134961	0
0.01894	0.00140766	0
0.018802	0.00141646	0
0.018664	0.00143765	0
0.018526	0.00146806	0
0.018388	0.00153524	0
0.01825	0.00159495	0
0.018112	0.00160455	0
0.017974	0.0016419	0
0.017836	0.00174162	0
0.017698	0.00182581	0
0.01756	0.00188186	0
0.017422	0.00198327	0
0.017284	0.00210492	0
0.017146	0.0021311	0
0.017008	0.00223083	0
0.01687	0.00221964	0
0.016732	0.00233556	0
0.016594	0.00246169	0
0.016456	0.00262851	0
0.016318	0.0026998	0
0.01618	0.00285576	0
0.016042	0.00299704	0
0.015904	0.00317431	0
0.015766	0.00332212	0
0.015628	0.00347898	0
0.01549	0.00361676	0
0.015352	0.00377915	0
0.015214	0.00412585	0
0.015076	0.00433931	0
0.014938	0.00472443	0
0.0148	0.00503331	0
0.014662	0.0055221	0
0.014524	0.00618012	0
0.014386	0.00686981	0
0.014248	0.00775661	0
0.01411	0.00736128	0
0.013972	0.0107144	0
0.013834	0.0132581	0
0.013696	0.015085	0
0.013558	0.0166103	0
0.01342	0.0174724	0
0.013282	0.0180518	0
0.013144	0.0176943	0
0.013006	0.0172059	0
0.012868	0.0168784	0
0.01273	0.0164091	0
0.012592	0.0153368	0
0.012454	0.0156518	0
0.012316	0.015526	0
0.012178	0.0149934	0
0.01204	0.0149202	0
0.011902	0.0149597	0
0.011764	0.0141754	0
0.011626	0.0134057	0
0.011488	0.0148312	0
0.01135	0.0130234	0
0.011212	0.0126985	0
0.011074	0.0120043	0
0.010936	0.0119347	0
0.010798	0.0111162	0
0.01066	0.0111049	0
0.010522	0.0105311	0
0.010384	0.0102388	0
0.010246	0.0103665	0
0.010108	0.00960055	0
0.00997	0.00814103	0
0.009832	0.00939538	0
0.009694	0.00861947	0
0.009556	0.00834276	0
0.009418	0.00781004	0
0.00928	0.00798502	0
0.009142	0.00770882	0
0.009004	0.00692445	0
0.008866	0.00698837	0
0.008728	0.00626095	0
0.00859	0.00629225	0
0.008452	0.00571204	0
0.008314	0.00538788	0
0.008176	0.00515859	0
0.008038	0.00852296	0
0.0079	0.0113509	0
0.007762	0.00457444	0
0.007624	0.00409217	0
0.007486	0.0042362	0
0.007348	0.00525946	0
0.00721	0.0139439	0
0.007072	0.0107535	0
0.006934	0.0319005	0
0.006796	0.0314915	0
0.006658	0.0482868	0
0.00652	0.0135999	0
0.006382	0.0311039	0
0.006244	0.0372403	0
0.006106	0.0328093	0
0.005968	0.02575	0
0.00583	0.00758179	0
0.005692	0.00396256	0
0.005554	0.00681049	0
0.005416	5.14561e-005	0
0.005278	0.00385867	0
0.00514	6.94913e-005	0
0.005002	6.10822e-006	0
0.004864	4.86681e-005	0
0.004726	2.5557e-006	0
0.004588	1.10194e-005	0
0.00445	4.2175e-005	0
0.004312	6.84547e-005	0
0.004174	4.55866e-005	0
0.004036	2.31875e-005	0
0.003898	2.79993e-005	0
0.00376	2.78916e-005	0
0.003622	3.21667e-005	0
0.003484	3.34129e-005	0
0.003346	1.62735e-005	0
0.003208	2.97283e-005	0
0.00307	6.51897e-005	0
0.002932	3.77281e-005	0
0.002794	0.00808385	0
0.002656	0.00575655	0
0.002518	0.00577658	0
0.00238	9.55576e-005	0
0.002242	5.26097e-005	0
0.002104	7.70631e-005	0
0.001966	0.000108326	0
0.001828	0.0037094	0
0.00169	9.47222e-005	0
0.001552	8.50229e-005	0
0.001414	7.47356e-005	0
0.001276	0.00014555	0
0.001138	0.0012837	0
0.001	0.000260256	0
