 LOQ Tue 26-OCT-2010 10:08 Workspace: 49651main_2D_1.38_3.82
  6 q (1/Angstrom)
  6 q (1/Angstrom)
  0 Cross Section (1/cm)
  1
 500mg/ml P85 1wt% Lys 5/s                                                       
  61
 -3.000000e-01 -2.900000e-01 -2.800000e-01 -2.700000e-01 -2.600000e-01 -2.500000e-01 -2.400000e-01 -2.300000e-01
 -2.200000e-01 -2.100000e-01 -2.000000e-01 -1.900000e-01 -1.800000e-01 -1.700000e-01 -1.600000e-01 -1.500000e-01
 -1.400000e-01 -1.300000e-01 -1.200000e-01 -1.100000e-01 -1.000000e-01 -9.000000e-02 -8.000000e-02 -7.000000e-02
 -6.000000e-02 -5.000000e-02 -4.000000e-02 -3.000000e-02 -2.000000e-02 -1.000000e-02 0.000000e+00 1.000000e-02
 2.000000e-02 3.000000e-02 4.000000e-02 5.000000e-02 6.000000e-02 7.000000e-02 8.000000e-02 9.000000e-02
 1.000000e-01 1.100000e-01 1.200000e-01 1.300000e-01 1.400000e-01 1.500000e-01 1.600000e-01 1.700000e-01
 1.800000e-01 1.900000e-01 2.000000e-01 2.100000e-01 2.200000e-01 2.300000e-01 2.400000e-01 2.500000e-01
 2.600000e-01 2.700000e-01 2.800000e-01 2.900000e-01 3.000000e-01
  61
 -3.000000e-01 -2.900000e-01 -2.800000e-01 -2.700000e-01 -2.600000e-01 -2.500000e-01 -2.400000e-01 -2.300000e-01
 -2.200000e-01 -2.100000e-01 -2.000000e-01 -1.900000e-01 -1.800000e-01 -1.700000e-01 -1.600000e-01 -1.500000e-01
 -1.400000e-01 -1.300000e-01 -1.200000e-01 -1.100000e-01 -1.000000e-01 -9.000000e-02 -8.000000e-02 -7.000000e-02
 -6.000000e-02 -5.000000e-02 -4.000000e-02 -3.000000e-02 -2.000000e-02 -1.000000e-02 0.000000e+00 1.000000e-02
 2.000000e-02 3.000000e-02 4.000000e-02 5.000000e-02 6.000000e-02 7.000000e-02 8.000000e-02 9.000000e-02
 1.000000e-01 1.100000e-01 1.200000e-01 1.300000e-01 1.400000e-01 1.500000e-01 1.600000e-01 1.700000e-01
 1.800000e-01 1.900000e-01 2.000000e-01 2.100000e-01 2.200000e-01 2.300000e-01 2.400000e-01 2.500000e-01
 2.600000e-01 2.700000e-01 2.800000e-01 2.900000e-01 3.000000e-01
   60   60  1.000000000000e+00
  3(8E12.4)
  0.0000e+00  0.0000e+00  0.0000e+00  6.6065e+01  4.4683e+02  4.7428e+00  4.8050e+02  0.0000e+00
  9.4028e+00  2.0121e+01  4.4126e+01  0.0000e+00  2.9276e+01  1.5862e+02  0.0000e+00  4.2948e+01
  9.4338e+01  1.3246e+02  2.5009e+01  1.1210e+02  1.7174e+02  2.1736e+02  8.6498e+01  1.0291e+02
  2.2281e+02  1.3539e+02  3.0025e+02  1.4568e+02  9.2026e+01  2.3972e+01  4.7501e+01  9.9719e+01
  2.2404e+02  1.2836e+02  2.5458e+02  1.6915e+02  0.0000e+00  2.9653e+01  4.2578e+01  1.0749e+02
  7.3423e+01  1.7452e+00  3.3827e+01  2.0236e+02  5.7404e+00  5.4164e+01  0.0000e+00  3.7668e+01
  3.6088e+01  0.0000e+00  0.0000e+00  1.2722e+02  0.0000e+00  1.0730e+00  9.9723e-01  1.9968e+01
  0.0000e+00  0.0000e+00  9.8585e+00  0.0000e+00  0.0000e+00  0.0000e+00  0.0000e+00  7.9991e-01
  0.0000e+00  1.5030e+01  9.6871e+00  1.2109e+01  2.5292e+01  5.5618e+01  4.0185e+02  3.5056e+01
  1.9567e+01  6.2470e+01  3.8937e+02  1.4740e+01  5.9455e+01  1.2361e+02  1.0436e+02  1.8641e+02
  1.3974e+02  2.4878e+02  9.0125e+01  1.7316e+02  2.9149e+02  1.1661e+02  1.6025e+02  1.9816e+02
  1.5789e+02  2.3329e+01  1.5002e+02  1.2828e+02  9.4072e+01  6.4824e+02  4.8533e+02  1.8992e+02
  6.6820e+02  1.3189e+02  3.9937e+01  2.4825e+02  1.0286e+02  2.5935e+01  1.1240e+02  8.8100e+01
  1.6233e+02  1.6838e+01  3.7868e+01  2.3591e+01  1.0903e+01  0.0000e+00  2.4120e+01  1.4585e+01
  1.3104e+01  4.4009e+01  7.6553e+00  0.0000e+00  5.2603e+00  2.2980e+01  1.4939e+01  0.0000e+00
  0.0000e+00  0.0000e+00  0.0000e+00  0.0000e+00  0.0000e+00  2.6249e+01  6.2675e+01  1.1806e+01
  4.1563e+01  5.5982e+00  3.3409e+01  6.4787e+01  1.4099e+01  3.9871e+01  1.2169e+02  3.2221e+02
  1.4483e+02  1.6929e+02  4.2400e+02  2.3478e+02  2.7160e+02  2.8523e+02  5.8917e+02  4.5400e+02
  2.0107e+02  1.6748e+02  2.7899e+02  9.5998e+02  2.8358e+02  2.0406e+02  1.8581e+02  6.9300e+01
  1.9535e+02  1.1279e+02  2.8254e+02  1.9634e+02  5.4372e+02  2.6013e+02  2.4823e+02  9.4496e+01
  4.7405e+02  1.1273e+02  1.6754e+02  1.2070e+02  6.0093e+01  1.1111e+02  3.3165e+02  6.8045e+01
  4.7397e+01  1.4797e+00  5.6192e+01  5.5298e+01  3.2810e+01  1.4634e+00  7.8152e+00  2.7028e+01
  3.1209e+00  0.0000e+00  2.9425e+01  0.0000e+00  0.0000e+00  3.5750e+01  0.0000e+00  1.0937e+01
  3.8418e+00  6.1261e+00  3.8619e+00  1.6425e+01  5.1230e+01  9.2778e+01  6.0114e+01  5.4182e+00
  6.4073e+01  6.0503e+01  1.3405e+02  1.4796e+02  8.7163e+01  2.0026e+02  2.0253e+02  4.6221e+02
  3.8702e+02  2.8840e+02  2.7193e+02  4.0944e+02  2.8330e+02  2.3668e+02  2.5563e+02  4.1891e+02
  3.2812e+02  2.5793e+02  1.9236e+02  2.2266e+02  2.1459e+02  5.0483e+02  3.0188e+02  5.5137e+02
  2.6576e+02  2.6853e+02  3.6060e+02  3.6204e+02  4.6363e+02  2.3828e+02  1.0655e+02  7.4320e+01
  1.2387e+02  8.6114e+01  3.1846e+01  6.8107e+01  1.5081e+01  3.8946e+01  3.8784e+00  7.0702e+01
  1.3946e+01  7.9025e+01  2.4688e+01  0.0000e+00  1.1189e+01  1.2772e+01  0.0000e+00  3.8180e+01
  1.7668e+02  4.8259e+01  3.0057e+01  6.8816e+01  3.1376e+00  1.2425e+01  3.1230e+01  1.8145e+01
  4.8319e+01  2.9127e+01  9.9713e+01  4.6641e+01  5.4621e+01  1.3696e+02  1.6533e+02  1.6734e+02
  1.5703e+02  3.1013e+02  2.7240e+02  3.4438e+02  5.2597e+02  4.2285e+02  3.6003e+02  3.3437e+02
  4.1700e+02  4.1379e+02  2.9047e+02  4.1049e+02  5.0165e+02  4.2921e+02  4.9164e+02  3.0972e+02
  4.3514e+02  3.3592e+02  6.1030e+02  5.2815e+02  4.4307e+02  2.6418e+02  3.3049e+02  4.7802e+02
  3.7750e+02  4.5819e+02  5.7685e+02  1.1459e+02  1.0151e+02  3.0840e+02  6.9221e+01  9.4477e+01
  1.1083e+02  5.0700e+01  2.5493e+01  1.4392e+01  6.5978e+01  5.2537e+01  5.6080e+01  0.0000e+00
  5.0541e+00  0.0000e+00  4.2714e+01  0.0000e+00  2.5969e+01  4.2591e+01  2.6035e+01  2.8936e+02
  0.0000e+00  2.3256e+01  3.7737e+01  9.0927e+00  3.2412e+01  2.8123e+01  6.7380e+01  5.4887e+01
  7.8950e+01  1.3655e+02  2.2603e+02  3.5089e+02  1.6288e+02  3.5632e+02  7.5479e+02  8.1389e+02
  4.2829e+02  4.1263e+02  5.0413e+02  6.1361e+02  3.6685e+02  5.4527e+02  4.9049e+02  3.2167e+02
  7.4543e+02  4.0815e+02  4.3006e+02  4.8710e+02  4.0807e+02  3.9924e+02  4.7004e+02  3.9183e+02
  4.2271e+02  3.4616e+02  5.6696e+02  6.0238e+02  4.2662e+02  4.0002e+02  3.8788e+02  4.3751e+02
  2.7688e+02  2.1081e+02  8.7624e+01  8.1659e+01  7.4005e+01  4.6142e+01  4.6554e+01  4.5609e+01
  6.1349e+00  2.7088e+01  4.6760e+01  1.4835e+01  8.4108e+00  3.4787e+01  4.1982e+01  0.0000e+00
  9.2079e+00  6.2292e+01  9.0304e+00  9.3807e+00  1.9453e+01  1.8207e+01  2.6273e+01  5.2035e+01
  7.3842e+01  8.2391e+01  1.2043e+02  1.7256e+02  1.3002e+02  1.3825e+02  2.4753e+02  3.9039e+02
  4.1685e+02  3.4926e+02  4.1157e+02  4.9903e+02  4.6225e+02  5.2633e+02  4.5649e+02  5.3067e+02
  5.4607e+02  4.9768e+02  3.6885e+02  2.5773e+02  4.1477e+02  2.4837e+02  4.1670e+02  4.1498e+02
  2.6224e+02  3.1242e+02  3.1354e+02  4.5969e+02  5.2070e+02  7.3682e+02  3.7780e+02  4.1955e+02
  4.3713e+02  4.1670e+02  3.4831e+02  4.4230e+02  4.5272e+02  1.2962e+02  3.0068e+02  9.4948e+01
  1.0261e+02  7.0023e+01  9.3610e+00  4.2233e+01  1.4910e+01  4.9704e+01  2.6527e+01  2.5704e+01
  5.1307e+01  2.9524e+01  0.0000e+00  0.0000e+00  0.0000e+00  0.0000e+00  0.0000e+00  3.7099e+01
  5.2419e+01  5.9619e+01  1.1664e+02  8.0183e+01  2.7398e+02  9.3229e+01  2.1312e+02  6.7923e+01
  1.6180e+02  2.6822e+02  2.3636e+02  3.1271e+02  3.6906e+02  6.1611e+02  4.9338e+02  7.1574e+02
  4.6979e+02  4.9816e+02  4.2651e+02  4.1505e+02  2.2512e+02  2.9168e+02  2.7900e+02  9.9421e+01
  2.4112e+02  2.0619e+02  2.9112e+02  3.1553e+02  2.6538e+02  4.9658e+02  2.6147e+02  4.0426e+02
  4.7019e+02  5.3550e+02  4.1550e+02  5.0216e+02  5.5574e+02  3.0887e+02  3.4509e+02  3.1886e+02
  3.2108e+02  1.7714e+02  1.2755e+02  2.2647e+02  6.8503e+01  5.5849e+01  2.4934e+01  1.6119e+01
  2.9154e+01  4.2724e+01  2.7976e+02  8.9811e+00  3.5015e+01  4.0093e+00  0.0000e+00  0.0000e+00
  4.2455e+01  8.0361e+01  1.1273e+01  2.9610e+01  3.4477e+02  5.7168e+01  5.9112e+01  1.7969e+01
  5.9696e+01  2.6100e+01  3.0592e+02  1.0465e+02  2.8107e+02  2.1963e+02  2.8495e+02  3.4847e+02
  2.6279e+02  3.3094e+02  5.1134e+02  2.6106e+02  2.6295e+02  2.5156e+02  2.0254e+02  1.9187e+02
  7.7332e+01  5.9806e+01  1.0258e+02  7.1948e+01  6.4717e+01  1.9721e+02  9.4506e+01  1.0909e+02
  1.9758e+02  1.9183e+02  1.1968e+02  1.6496e+02  2.2008e+02  2.7359e+02  2.5068e+02  3.2712e+02
  4.5334e+02  3.0640e+02  3.2690e+02  2.5275e+02  2.4042e+02  1.5554e+02  1.6551e+02  2.6945e+02
  6.5356e+01  5.0300e+01  5.5325e+01  1.7105e+01  1.3783e+01  1.9968e+01  8.0324e+00  3.0412e+01
  2.8969e+01  4.9864e+01  0.0000e+00  0.0000e+00  4.6134e+01  1.6176e+01  5.0146e+01  3.8873e+02
  4.0405e+01  1.9975e+01  1.0777e+02  5.3434e+01  4.3694e+01  7.4548e+01  1.2887e+02  1.1575e+02
  1.6203e+02  1.4449e+02  2.9124e+02  3.7822e+02  3.4444e+02  3.9242e+02  3.0260e+02  2.5427e+02
  1.7616e+02  1.4720e+02  1.4671e+02  6.9200e+01  5.7320e+01  8.1213e+01  5.7839e+01  2.3298e+01
  5.9900e+01  4.1562e+01  6.5194e+01  4.9675e+01  2.3271e+01  5.7288e+01  4.6016e+01  1.4106e+02
  4.1490e+01  2.0750e+02  1.7760e+02  2.7877e+02  3.8421e+02  4.3154e+02  2.7864e+02  4.2969e+02
  2.7035e+02  3.1489e+02  1.1578e+02  1.0035e+02  9.8390e+01  1.8091e+02  6.7292e+01  5.4273e+01
  3.5008e+01  2.4917e+01  5.8198e+01  5.0307e+01  4.5835e+01  3.1791e+01  6.5567e+00  0.0000e+00
  0.0000e+00  5.2482e+00  8.0296e+01  2.7088e+01  6.8082e+00  6.0284e+01  2.5875e+02  1.1169e+02
  4.7264e+01  1.6135e+02  3.2803e+02  2.4347e+02  1.8853e+02  2.4042e+02  2.0826e+02  1.6784e+02
  2.6452e+02  1.5819e+02  1.6091e+02  7.8860e+01  8.3009e+01  2.7120e+01  3.1787e+01  4.8045e+01
  6.1494e+01  4.2535e+01  1.9406e+01  2.2314e+01  7.7052e+01  5.2559e+01  2.6623e+01  3.4790e+01
  1.6531e+01  3.9527e+01  2.0729e+02  8.5133e+01  3.9720e+01  2.4677e+01  3.7634e+01  5.4106e+01
  1.8717e+02  1.6538e+02  2.2242e+02  1.8323e+02  3.6474e+02  1.8254e+02  1.6064e+02  2.4114e+02
  2.8292e+02  3.0378e+02  1.3637e+02  5.6359e+01  8.2025e+01  4.4365e+01  7.1038e+01  3.9687e+01
  4.4861e+01  3.8545e+01  1.8773e+01  1.0822e+02  3.0614e+01  3.9992e+01  6.4690e+00  8.4177e+01
  4.7819e+01  7.5452e+01  2.0491e+01  9.0860e+01  1.2387e+02  1.7294e+02  2.3264e+02  1.4558e+02
  1.2120e+02  1.3930e+02  2.1552e+02  1.7054e+02  8.6581e+01  1.2710e+02  8.0034e+01  4.2445e+01
  4.3755e+01  3.4231e+01  1.7003e+01  4.0569e+01  2.0732e+01  2.3580e+01  1.2713e+01  2.1794e+01
  4.6429e+01  2.8896e+01  4.8994e+01  1.7711e+01  5.1499e+00  5.1454e+01  4.4637e+01  4.0174e+01
  8.8645e+00  1.8106e+01  4.2930e+01  5.4049e+01  1.2592e+02  7.2693e+01  1.5008e+02  1.0888e+02
  1.9435e+02  1.6809e+02  1.7593e+02  1.7853e+02  1.3177e+02  1.0760e+02  5.6112e+01  1.0509e+02
  2.9523e+01  3.4604e+01  2.2848e+01  2.4671e+01  2.9714e+01  2.1469e+01  1.9527e+01  0.0000e+00
  8.5703e+01  5.5531e+01  5.7881e+00  7.1262e+01  1.6651e+02  1.6455e+02  3.6689e+01  1.5089e+02
  1.1896e+02  1.8901e+02  1.8069e+02  1.4467e+02  1.7491e+02  1.0331e+02  1.6370e+02  1.2444e+02
  3.3158e+01  4.0747e+01  1.5648e+01  2.1813e+01  4.9903e+01  1.1201e+01  2.0814e+01  7.0276e+00
  1.6873e+01  2.2052e+01  2.2014e+01  3.2092e+01  2.1913e+01  1.1284e+01  1.3241e+01  7.9570e+00
  2.6446e+01  4.5125e+00  1.9521e+01  2.9834e+01  2.2198e+01  1.0669e+02  8.1985e+00  1.3822e+01
  1.3035e+01  2.7962e+01  6.6053e+01  2.4477e+01  9.8177e+01  9.2857e+01  1.4840e+02  1.5476e+02
  1.6479e+02  4.0181e+02  1.2608e+02  1.3811e+02  6.2025e+01  1.2517e+02  1.0965e+02  1.2381e+00
  1.2457e+00  3.1290e+01  5.6794e+01  1.8516e+01  3.3595e+01  5.1547e+00  5.0420e+01  1.3640e+01
  1.0382e+02  9.3114e+01  1.1014e+02  2.1847e+02  2.5159e+02  2.0132e+02  1.9354e+02  1.1265e+02
  1.1302e+02  1.0366e+02  9.6613e+01  1.8024e+01  2.0600e+01  2.5397e+01  1.2084e+01  3.2384e+01
  4.2893e+01  2.2197e+01  2.3797e+01  3.1884e+01  8.6176e+00  1.3163e+01  2.5383e+01  1.6703e+01
  2.7288e+01  1.7647e+01  1.3974e+01  1.8840e+01  1.7279e+01  1.9689e+01  1.1307e+01  9.8489e+00
  2.2679e+01  2.5517e+01  3.0400e+01  9.7913e+00  2.1031e+01  4.2757e+01  5.2296e+01  1.5710e+01
  5.6900e+01  7.1486e+01  8.5301e+01  1.5190e+02  1.7274e+02  1.8724e+02  1.7184e+02  1.0202e+02
  9.9059e+01  5.3558e+01  1.5247e+02  6.4337e+01  3.5696e+01  7.2677e+00  0.0000e+00  9.9195e+01
  1.0804e+01  8.1824e+01  7.1666e+01  9.5090e+01  2.2891e+02  1.3020e+02  2.9613e+02  1.9045e+02
  1.8002e+02  2.1432e+02  1.9073e+02  1.2729e+02  1.2574e+02  1.1373e+02  4.6115e+01  8.1225e+00
  1.4660e+01  9.4730e+00  2.1842e+01  1.6629e+01  2.0945e+01  1.3670e+01  3.0921e+01  1.9624e+01
  1.5826e+01  1.7187e+01  2.0733e+01  1.6829e+01  8.3250e+00  6.0074e+00  1.1631e+01  9.3386e+00
  7.2801e+00  1.4099e+01  6.2526e+00  1.8586e+01  1.3536e+01  1.5406e+01  1.6324e+01  8.2469e+00
  2.7370e+01  2.5274e+01  1.2452e+01  2.8870e+01  1.5243e+01  3.4666e+01  1.1351e+02  2.1112e+02
  1.3108e+02  2.9993e+02  2.4005e+02  2.8109e+02  1.1921e+02  1.3152e+02  2.1278e+02  6.3168e+01
  4.3590e+01  5.2293e+01  1.8956e+01  0.0000e+00  0.0000e+00  8.7483e+01  4.4632e+01  1.0898e+02
  7.2197e+01  1.9035e+02  1.5388e+02  1.6033e+02  1.7392e+02  2.0460e+02  1.7581e+02  6.2161e+01
  7.6274e+01  1.0548e+02  1.4905e+01  4.5063e+00  1.3423e+01  1.2181e+01  2.0983e+01  1.0233e+01
  2.3532e+01  2.5289e+01  1.2463e+01  5.9838e+00  6.0237e+00  1.2080e+01  6.7226e+00  1.2833e+01
  8.2263e+00  8.7374e+00  2.0128e+01  1.2239e+01  1.5490e+01  2.0289e+01  1.0558e+01  1.3094e+01
  8.5819e+00  1.2996e+01  1.1904e+01  1.7152e+01  1.7848e+01  2.1991e+01  1.3692e+01  1.6713e+01
  8.0774e+00  3.6494e+01  3.9627e+01  1.5014e+02  1.6457e+02  1.3764e+02  2.0458e+02  2.2783e+02
  1.4004e+02  9.6115e+01  8.5632e+01  1.4546e+02  1.0461e+02  4.6516e+00  0.0000e+00  0.0000e+00
  1.2481e+01  3.7860e+01  5.2282e+01  8.9980e+01  8.4958e+01  1.0446e+02  2.3047e+02  2.6631e+02
  1.6098e+02  1.1692e+02  2.5843e+02  9.1756e+01  4.6935e+01  1.7636e+01  6.8463e+00  1.3977e+01
  1.7444e+01  1.3758e+01  1.3653e+01  1.0079e+01  7.7675e+00  4.6401e+01  1.5709e+01  2.4798e+01
  1.6511e+01  1.0158e+01  3.2822e+00  7.0403e+00  5.1452e+01  1.3276e+01  1.1249e+01  1.4004e+01
  1.1678e+01  1.1630e+01  7.5291e+00  7.9550e+00  2.4418e+01  1.3621e+01  1.2552e+01  2.1723e+01
  5.6058e+00  5.8622e+00  1.4663e+01  2.7011e+01  4.3911e+00  1.6473e+01  2.1270e+01  1.1027e+02
  2.4373e+02  2.3438e+02  2.6427e+02  1.8924e+02  9.5259e+01  2.2139e+02  2.9537e+02  1.3045e+02
  1.4801e+02  8.1007e+01  6.0071e+00  0.0000e+00  3.2430e+01  1.2871e+02  2.2356e+02  3.9846e+02
  1.0247e+02  3.2002e+02  2.1805e+02  2.2882e+02  1.6957e+02  1.5664e+02  2.1189e+02  9.1208e+01
  5.6359e+01  1.8041e+01  1.3743e+01  2.2640e+01  2.6256e+01  1.4206e+01  1.6964e+01  1.6237e+01
  1.6860e+01  5.6796e+01  1.9002e+01  1.8556e+01  1.5300e+01  1.1915e+01  1.2319e+01  3.5937e+00
  2.7874e+00  1.8991e+01  1.0926e+01  1.3594e+01  1.2454e+01  1.4295e+01  8.8721e+00  4.6286e+01
  3.2051e+01  4.1904e+01  1.7447e+01  1.2239e+01  1.6446e+01  1.0208e+01  1.8584e+01  1.9101e+01
  2.2950e+01  1.7826e+01  1.2693e+01  9.6681e+01  1.6867e+02  2.5615e+02  2.8531e+02  2.0107e+02
  1.0411e+02  2.3050e+02  6.9915e+01  1.1318e+02  9.6738e+01  6.9420e+01  3.0787e+01  2.7413e+01
  6.8257e+01  1.7901e+02  7.8798e+01  2.4784e+02  2.0807e+02  1.7924e+02  1.7285e+02  2.1812e+02
  3.0790e+02  1.2205e+02  1.3080e+02  1.0521e+02  3.1643e+01  1.1560e+01  2.3225e+01  9.3861e+00
  7.4770e+00  8.2798e+00  1.1006e+01  1.9864e+01  2.0151e+01  2.9225e+01  6.6378e+00  3.5727e+00
  6.4547e+00  1.4201e+01  8.1050e+00  1.5124e+01  7.0173e+00  1.1288e+01  1.1930e+01  2.4696e+01
  4.4073e+00  1.7060e+00  8.4666e+00  2.1605e+01  6.9568e+00  1.7434e+01  2.6416e+01  2.2786e+01
  2.3736e+01  1.7616e+01  9.2377e+00  2.1097e+01  6.2737e+00  1.0642e+01  2.6118e+01  9.1737e+01
  1.9227e+02  2.1434e+02  1.7549e+02  3.7843e+02  3.3073e+02  2.3680e+02  3.2228e+02  1.1688e+02
  7.3164e+01  3.7793e+01  3.2930e+01  8.7434e+01  1.0199e+02  4.7423e+02  1.1488e+02  2.4296e+02
  1.7763e+02  2.7615e+02  2.0865e+02  3.7553e+02  2.9587e+02  1.0186e+02  1.0286e+02  4.9919e+01
  3.0808e+01  2.8183e+01  1.3340e+01  1.1253e+01  2.0294e+01  1.0798e+01  1.9286e+01  3.1731e+01
  2.4486e+01  2.0384e+01  4.2874e+01  1.1934e+01  3.7586e+00  3.5747e+01  1.3521e+01  1.0776e+01
  9.1065e+00  7.3530e+00  3.5356e+00  8.9322e+00  1.1796e+01  7.7940e+00  2.0282e+01  1.4773e+01
  1.2681e+01  7.1956e+00  1.1611e+01  2.4225e+01  2.2612e+01  6.1194e+00  6.1096e+00  9.6540e+00
  6.4269e+00  1.7286e+01  1.6229e+01  2.1679e+01  1.1896e+02  1.0266e+02  1.4489e+02  3.6514e+02
  1.3280e+02  3.0117e+02  2.0457e+02  1.8234e+02  8.1299e+01  7.6799e+01  8.1546e+01  1.4447e+01
  1.4898e+02  2.0318e+02  1.5094e+02  2.8366e+02  1.4461e+02  2.3846e+02  2.5188e+02  3.4615e+02
  2.4003e+02  1.3368e+02  8.3854e+01  3.2177e+01  9.7986e+00  2.1539e+01  1.8599e+01  3.9019e+00
  1.4580e+01  1.3248e+01  9.0711e+00  1.2118e+01  1.8137e+01  1.1991e+01  5.2125e+00  8.4456e+00
  1.1957e+01  1.1130e+01  1.6219e+01  1.0032e+01  1.1970e+01  5.2789e+01  7.6280e+00  1.7685e+01
  2.1707e+01  2.4581e+01  1.3441e+01  9.0993e+00  7.5801e+00  1.9201e+00  1.5806e+01  1.5451e+01
  9.4665e+00  1.2650e+01  1.0410e+01  1.2194e+01  9.6690e+00  1.7453e+01  2.4690e+01  1.8904e+01
  3.3771e+01  1.3524e+02  1.4276e+02  3.3635e+02  2.9623e+02  2.2827e+02  3.2653e+02  1.5791e+02
  1.7081e+02  6.2281e+01  5.6384e+00  0.0000e+00  4.9730e+01  4.4928e+02  4.8267e+01  7.2766e+01
  6.6100e+02  3.1128e+02  2.3130e+02  2.1785e+02  2.0773e+02  1.5491e+02  6.5696e+01  3.4530e+01
  4.5525e+01  2.0521e+01  1.3107e+01  2.2351e+01  2.2018e+01  1.0849e+01  1.9877e+01  1.7930e+01
  7.7423e+00  8.2295e+00  6.9032e+00  9.1267e+00  1.6774e+01  2.5100e+01  9.9156e+00  1.8791e+01
  1.9264e+01  1.7332e+01  2.4321e+01  3.4915e+01  2.1580e+01  8.6500e+00  1.7442e+01  1.6112e+01
  8.9117e+00  6.1794e+00  6.1674e+00  8.0810e+00  1.1035e+01  4.4504e+01  1.9307e+01  3.4266e+00
  6.6743e+00  1.0789e+01  1.9518e+01  2.0010e+01  3.9052e+01  3.6632e+01  1.6831e+02  3.0820e+02
  3.1641e+02  3.5218e+02  4.4604e+02  5.7430e+02  8.5371e+01  6.3061e+02  5.0231e+01  0.0000e+00
  0.0000e+00  9.9932e+01  3.8058e+02  4.5856e+02  3.2105e+02  3.5866e+02  2.1113e+02  4.2544e+02
  7.9897e+01  6.5986e+01  1.3145e+02  1.7128e+01  2.7452e+01  3.1092e+01  1.1332e+01  1.0380e+01
  1.8648e+01  1.5885e+01  1.0234e+01  3.5342e+00  3.5305e+00  2.8691e+00  6.4502e+00  1.1468e+01
  2.6063e+01  3.3329e+01  4.3516e+01  5.1449e+01  1.3118e+02  5.9873e+01  6.8709e+01  5.9703e+01
  2.7539e+01  5.5069e+01  9.0505e+00  1.4005e+01  9.3574e+00  4.0977e+00  4.5974e+00  1.1139e+01
  5.7379e+00  1.5637e+01  1.6446e+01  4.2270e+00  1.7947e+01  9.6324e+00  1.8618e+01  5.6012e+01
  4.6224e+01  7.7727e+01  1.8948e+02  2.6395e+02  2.8188e+02  3.4585e+02  7.9715e+02  2.1729e+02
  1.4794e+02  5.8637e+01  5.1295e+01  1.2045e+01  1.0675e+02  1.6685e+02  3.9905e+02  3.8213e+02
  3.1102e+02  4.5660e+02  3.6638e+02  4.0291e+02  1.4952e+02  1.3098e+02  3.7850e+01  3.3622e+01
  3.7553e+01  3.6470e+01  1.6628e+01  2.0208e+01  2.0209e+01  8.8675e+00  6.0494e+00  1.8012e+01
  1.1854e+01  6.3489e+00  2.1559e+01  2.9542e+01  4.6551e+01  9.5692e+01  1.5733e+02  2.1110e+02
  1.7899e+02  1.3540e+02  1.6367e+02  1.9863e+02  1.3884e+02  8.2582e+01  2.4996e+01  1.6338e+01
  1.6043e+01  1.5812e+01  5.3563e+00  1.5803e+01  3.8072e+00  1.3377e+01  1.7774e+01  1.2038e+01
  1.3466e+01  2.2250e+01  1.3180e+01  2.0014e+01  9.7964e+00  5.2658e+01  2.0092e+02  2.4536e+02
  4.3801e+02  5.4743e+02  2.6229e+02  1.8752e+02  3.5155e+02  2.9111e+02  0.0000e+00  0.0000e+00
  1.1702e+02  5.1332e+02  5.0735e+02  4.2375e+02  4.3245e+02  4.0881e+02  1.9996e+02  3.8167e+02
  1.5333e+02  1.0026e+02  3.5916e+01  2.8571e+01  3.1875e+01  1.4682e+01  1.4695e+01  3.3797e+00
  7.9726e+00  8.6282e+00  1.3078e+01  4.7753e+01  2.3081e+01  6.0791e+00  7.3636e+00  2.8207e+01
  7.9784e+01  1.7486e+02  1.5203e+02  1.3680e+02  6.2855e+01  9.7663e+01  4.4767e+01  1.8328e+02
  1.9115e+02  2.3109e+02  7.5360e+01  2.4759e+01  1.6132e+01  7.8811e+00  4.1768e+00  4.7010e+00
  8.9710e+00  5.1458e+00  5.3983e+00  6.2748e+00  1.1940e+01  1.0291e+01  2.0229e+01  4.1680e+01
  2.5478e+01  6.7291e+01  1.1418e+02  2.1154e+02  3.1645e+02  3.2981e+02  4.1272e+02  3.1843e+02
  3.2635e+02  6.0198e+01  8.9044e+01  1.2899e+02  3.0976e+02  1.9953e+02  2.0977e+02  3.2604e+02
  2.2178e+02  4.1936e+02  3.3754e+02  3.9677e+02  1.4904e+02  5.2048e+01  3.5584e+01  1.9277e+01
  1.6587e+01  1.1709e+01  2.6312e+01  1.3420e+01  8.3531e+00  1.0326e+01  1.0867e+01  6.3512e+00
  7.5607e+00  1.6803e+01  2.0430e+01  8.4956e+01  1.1600e+02  1.2574e+02  6.3086e+01  2.2398e+01
  2.3507e+01  6.8471e+00  7.4297e+00  2.3613e+01  4.5756e+01  1.6829e+02  1.0957e+02  2.9955e+01
  8.2655e+00  8.7563e+00  1.6201e+01  3.8779e+00  2.0840e+01  3.6704e+00  1.4231e+01  8.6694e+00
  3.8997e+00  1.1003e+01  2.4496e+01  1.9731e+01  2.3456e+01  9.0691e+01  4.2001e+01  3.3472e+02
  5.3527e+02  4.5342e+02  5.8533e+02  3.6845e+02  1.5923e+02  9.5095e+01  1.6570e+02  1.0476e+02
  1.4843e+02  1.9605e+02  3.0906e+02  4.6368e+02  4.3318e+02  4.6328e+02  3.2924e+02  2.9796e+02
  7.4724e+01  1.5274e+01  2.4353e+01  5.5570e+01  1.9541e+01  9.5812e+00  6.6257e+00  1.2139e+01
  9.3750e+00  1.2658e+01  1.2446e+01  5.8989e+00  9.3459e+00  2.3473e+01  4.2284e+01  1.5958e+02
  1.2154e+02  4.8298e+01  1.9835e+01  1.5412e+01  4.5723e+00  3.7746e+00  4.7883e+00  1.5795e+01
  1.5203e+01  3.9204e+01  7.4010e+01  9.0586e+01  2.6571e+01  5.5631e+00  4.8673e+00  3.6719e+00
  1.0000e+01  4.8537e+00  1.3393e+01  3.5062e+00  1.2767e+01  1.1285e+01  3.5933e+01  3.6639e+01
  5.4778e+01  7.4535e+01  1.3675e+02  3.3089e+02  4.6180e+02  3.5726e+02  4.5433e+02  5.6366e+02
  2.0580e+02  6.9733e+01  3.4436e+01  6.6189e+01  6.6897e+02  5.6124e+02  4.5354e+02  2.7710e+02
  5.6247e+02  7.7304e+02  8.5280e+02  4.0537e+02  1.7439e+02  3.9451e+01  4.3847e+01  6.5863e+00
  1.8469e+01  3.0988e+00  2.6430e+01  2.6069e+00  1.1826e+01  6.0982e+00  8.4714e+00  1.4994e+01
  1.7260e+01  1.8283e+01  5.9048e+01  1.4449e+02  1.2025e+02  3.1425e+01  1.7500e+01  4.0460e+00
  1.9303e+00  2.3845e+00  2.3081e+00  3.1842e+00  4.0159e+00  5.1400e+01  6.0447e+01  1.3796e+02
  4.0137e+01  1.4079e+01  5.5947e+00  4.5469e+00  8.1903e+00  2.6914e+01  1.2646e+01  1.1659e+01
  1.0602e+01  2.4701e+01  1.4000e+01  1.8331e+01  2.7589e+01  2.4351e+01  6.8046e+01  3.2976e+02
  5.6436e+02  8.1086e+02  6.7780e+02  4.3360e+02  2.6559e+02  2.1848e+02  6.5952e+01  1.0765e+02
  6.2610e+02  3.3971e+02  6.8953e+02  1.1001e+03  3.2587e+02  5.5150e+02  4.6965e+02  1.8379e+02
  7.9534e+01  2.3886e+01  5.1863e+01  2.3201e+01  1.5481e+01  1.6092e+01  3.9698e+01  1.1392e+01
  1.2325e+01  5.4274e+00  1.0758e+01  1.1129e+01  9.8925e+00  2.8215e+01  3.9286e+01  1.1188e+02
  6.6808e+01  2.3448e+01  5.1867e+00  3.2267e+00  7.5834e-01  0.0000e+00  5.6593e-01  2.4138e+00
  4.5665e+00  2.9045e+01  6.3970e+01  1.2076e+02  6.0713e+01  2.3113e+01  7.6236e+00  5.1097e+00
  1.1369e+01  6.6399e+00  4.3438e+00  8.3251e+00  5.7090e+00  1.7793e+01  2.7805e+01  4.8230e+01
  3.0769e+01  3.1147e+01  8.1513e+01  2.4050e+02  3.6524e+02  3.2675e+02  4.0804e+02  4.6801e+02
  3.1021e+02  1.4181e+02  2.5458e+01  7.5152e+01  2.3732e+02  1.7895e+02  3.3017e+02  4.6187e+02
  7.8814e+02  5.3873e+02  4.4440e+02  3.8002e+02  1.0166e+02  1.9442e+01  6.9316e+01  2.7888e+01
  1.4373e+01  1.7724e+01  1.3141e+01  1.2591e+01  2.8064e+00  5.1501e+00  3.5284e+00  1.0228e+01
  9.1470e+00  8.7627e+00  6.4454e+01  1.6709e+02  7.4576e+01  2.3233e+01  6.3980e+00  2.1639e+00
  5.6537e-02  0.0000e+00  0.0000e+00  2.0076e+00  9.9081e+00  2.1299e+01  7.4107e+01  1.5001e+02
  8.2979e+01  2.7180e+01  1.1547e+01  1.0439e+01  1.0756e+01  7.9653e+00  2.1031e+00  9.0188e+00
  4.0011e+01  1.1107e+01  3.2599e+01  2.6609e+01  8.9258e+00  1.3251e+01  6.3191e+01  3.0196e+02
  7.7523e+02  4.7388e+02  4.5303e+02  4.4883e+02  2.7616e+02  1.0562e+02  1.3849e+02  5.7130e+01
  1.8044e+02  1.6694e+02  3.7579e+02  6.2975e+02  8.0615e+02  7.3763e+02  4.6430e+02  2.7600e+02
  1.9702e+02  5.0437e+01  6.0612e+01  9.9899e+00  4.6739e+01  1.8418e+01  1.8545e+01  1.7560e+01
  8.4535e+00  5.4466e+00  2.4598e+01  2.1364e+01  1.5874e+01  1.3738e+01  9.0339e+01  2.1931e+02
  9.0631e+01  3.0147e+01  9.3871e+00  3.1500e+00  9.1587e-01  0.0000e+00  1.3506e-01  3.5439e+00
  9.4598e+00  4.0587e+01  9.2685e+01  1.5276e+02  6.2652e+01  2.2596e+01  9.0192e+00  1.0344e+01
  2.8638e+01  4.0024e+00  1.4711e+01  4.5719e+00  6.2040e+00  8.2353e+00  1.1176e+01  1.9327e+01
  4.2098e+01  5.1106e+01  1.1806e+02  3.6848e+02  5.3224e+02  4.9633e+02  5.8135e+02  3.4402e+02
  1.5205e+02  1.0064e+02  4.8067e+01  0.0000e+00  6.2133e+02  3.1907e+02  4.1693e+02  4.9055e+02
  5.1135e+02  4.2161e+02  3.0444e+02  1.7443e+02  1.1587e+02  3.2308e+01  3.2485e+01  1.7560e+01
  2.0720e+01  1.3437e+01  1.0062e+01  8.3378e+00  1.0153e+01  1.3496e+01  1.6813e+01  1.1300e+01
  5.0680e+01  2.1713e+01  2.8642e+01  1.2379e+02  8.1384e+01  4.3469e+01  2.3251e+01  1.3035e+01
  3.6613e+00  2.2274e+00  3.7511e+00  9.6812e+00  2.9270e+01  5.7801e+01  8.1090e+01  6.9424e+01
  2.3347e+01  1.3143e+01  1.6428e+01  1.8511e+01  4.8405e+00  7.0032e+00  4.7320e+00  1.3865e+01
  2.8841e+01  1.4223e+01  2.7079e+01  1.8218e+01  1.1715e+01  5.9719e+01  4.0681e+01  2.5692e+02
  5.0489e+02  4.2483e+02  5.0207e+02  6.7944e+02  2.8462e+02  2.5004e+02  2.4224e+01  0.0000e+00
  1.1056e+01  1.5027e+02  3.7599e+02  2.6940e+02  4.0797e+02  5.5229e+02  6.2236e+02  4.8200e+02
  1.2667e+02  7.9284e+01  5.4394e+01  1.6555e+01  3.2603e+01  5.3742e+00  3.0888e+01  1.1354e+01
  1.7302e+01  3.5633e+00  5.0609e+00  1.2872e+01  6.8795e+00  1.1875e+01  3.9057e+01  6.5682e+01
  1.5426e+02  1.2831e+02  5.7345e+01  2.5978e+01  1.8923e+01  1.6681e+01  2.0565e+01  8.1747e+01
  6.2591e+01  1.4202e+02  1.1992e+02  8.3705e+01  2.3401e+01  1.9990e+01  2.3450e+01  6.6750e+00
  6.4372e+00  2.3606e+01  6.3561e+00  1.8857e+01  1.6988e+01  1.3050e+01  7.4198e+00  2.5648e+01
  6.9347e+01  5.1959e+01  1.6765e+02  4.0920e+02  4.9992e+02  3.4363e+02  3.9504e+02  5.8745e+02
  2.7776e+02  4.7248e+02  8.1449e+02  1.3357e+02  1.2236e+01  2.3914e+02  2.6181e+02  4.4112e+02
  4.9837e+02  5.4258e+02  4.0954e+02  4.8385e+02  9.5773e+01  7.8903e+01  2.6764e+01  1.6264e+01
  3.0500e+01  1.4427e+01  7.6997e+00  2.9151e+00  7.9336e+00  6.1647e+00  4.4243e+00  6.0116e+00
  8.1619e+00  2.2163e+01  1.5175e+01  4.3912e+01  1.0945e+02  2.3479e+02  1.1701e+02  5.6115e+01
  4.6866e+01  1.5381e+01  2.4830e+01  9.3805e+01  1.4120e+02  1.9452e+02  7.9336e+01  3.1340e+01
  1.4972e+01  1.1221e+01  1.1014e+01  2.7051e+00  1.4342e+01  4.3345e+00  1.6115e+01  2.0870e+01
  1.1136e+01  1.4534e+01  8.7384e+00  1.9111e+01  1.7577e+01  4.9139e+01  1.3831e+02  3.1341e+02
  3.9156e+02  3.3768e+02  4.1079e+02  4.1757e+02  1.8581e+02  6.1519e+01  4.8730e+02  6.9469e+01
  1.0834e+02  2.5697e+02  2.3331e+02  3.2232e+02  3.4480e+02  3.5725e+02  3.4589e+02  3.9586e+02
  1.5620e+02  1.0288e+02  2.5260e+01  1.2818e+01  3.4343e+01  5.2824e+00  2.8827e+01  1.9020e+01
  8.4581e+00  1.9428e+01  1.3927e+01  1.3503e+01  6.3958e+00  1.7996e+01  1.6891e+01  3.0606e+01
  7.8427e+01  1.1523e+02  3.0921e+02  1.7391e+02  1.6082e+02  1.3902e+02  2.1977e+02  2.0983e+02
  2.0596e+02  2.2568e+02  8.0923e+01  2.7563e+01  2.6072e+01  8.0497e+00  1.5790e+01  1.7054e+01
  1.3078e+01  8.1362e+00  6.7388e+00  7.0346e+00  9.9546e+00  3.0102e+01  1.3307e+01  1.7180e+01
  1.8456e+01  1.3110e+02  1.2197e+02  1.9443e+02  4.2520e+02  2.8998e+02  4.9864e+02  8.4185e+02
  2.8257e+02  4.0160e+01  0.0000e+00  0.0000e+00  7.3835e+01  4.1867e+02  1.9160e+02  3.3697e+02
  4.9226e+02  3.9740e+02  2.7230e+02  3.5037e+02  8.4458e+01  9.9430e+01  6.4151e+01  4.2148e+01
  2.9671e+01  1.1380e+01  4.1665e+00  5.6874e+00  1.0639e+01  8.7946e+00  8.6738e+00  2.2539e+00
  4.5366e+00  1.0233e+01  1.5690e+01  2.2224e+01  2.1716e+01  5.7607e+01  1.4258e+02  1.9909e+02
  1.3653e+02  1.4732e+02  1.8742e+02  1.9993e+02  1.0405e+02  7.4506e+01  1.2320e+01  1.5304e+01
  1.5220e+01  1.8273e+01  1.5956e+01  1.3620e+01  4.3530e+00  9.8544e+00  1.5434e+01  3.7328e+00
  1.7350e+01  8.3241e+00  7.1936e+00  2.3060e+01  3.6422e+01  1.0363e+02  1.2500e+02  2.3353e+02
  3.8346e+02  3.0857e+02  2.9661e+02  1.4119e+02  7.0450e+01  2.9335e+01  3.9941e+01  0.0000e+00
  1.1975e+02  6.2716e+02  6.2023e+02  3.6638e+02  2.2427e+02  2.8351e+02  2.7188e+02  3.1298e+02
  1.0691e+02  8.0890e+01  2.1663e+01  1.6984e+01  2.2371e+01  9.8540e+00  1.2610e+01  1.4331e+01
  1.2124e+01  1.4075e+01  6.9417e+00  5.5331e+00  4.9470e+00  3.9456e+00  8.8209e+00  2.1916e+01
  5.2709e+01  1.9350e+01  1.9073e+01  3.7458e+01  7.0892e+01  4.5724e+01  3.0597e+01  4.4192e+01
  5.8198e+01  1.2552e+01  1.9227e+01  4.3985e+01  5.8966e+00  6.4991e+00  5.3536e+00  5.6878e+00
  5.2537e+00  1.2710e+01  1.3406e+01  6.1935e+00  1.3173e+01  5.7005e+00  1.6679e+01  1.0479e+02
  6.2384e+01  8.2132e+01  7.9387e+01  1.7732e+02  2.1655e+02  3.9154e+02  3.4020e+02  5.2421e+02
  1.5243e+02  8.0392e+01  1.2395e+02  5.8900e+01  9.7529e+01  1.8817e+02  3.5115e+02  2.1878e+02
  4.2218e+02  5.5807e+02  3.5315e+02  2.9207e+02  1.7720e+02  1.1222e+02  3.0169e+01  2.2890e+01
  2.4623e+01  2.1758e+01  2.2432e+01  1.4899e+01  9.2668e+00  1.3299e+01  1.7141e+01  9.8922e+00
  1.5911e+01  8.5556e+00  1.0521e+01  1.3255e+01  9.3077e+00  1.4074e+01  2.3264e+01  4.9570e+01
  2.3408e+01  1.2026e+01  7.9656e+00  9.2753e+00  1.6925e+01  1.3091e+01  8.1620e+00  9.5536e+00
  1.0105e+01  6.1313e+00  2.1782e+01  7.8503e+00  1.4264e+01  1.4600e+01  1.4946e+01  1.5437e+01
  1.1350e+01  1.7928e+01  3.9953e+01  5.0266e+01  4.7388e+01  6.6078e+01  2.2011e+02  3.7891e+02
  2.4509e+02  2.7325e+02  3.3450e+02  9.6713e+01  8.7820e+02  1.0848e+02  3.3700e+01  1.3656e+02
  4.5081e+01  1.5136e+02  9.3170e+02  1.9373e+02  2.7415e+02  2.6117e+02  2.5228e+02  2.0344e+02
  1.8001e+02  1.6712e+02  2.0914e+01  4.4411e+01  4.2377e+01  2.5038e+01  1.3078e+01  5.3925e+00
  8.9562e+00  6.9642e+00  1.5670e+01  4.8654e+01  7.4142e+00  5.8632e+00  3.9898e+00  1.5928e+01
  1.0936e+01  8.6517e+00  1.0919e+01  1.1110e+01  1.1485e+01  1.1337e+01  9.4102e+00  9.9087e+00
  1.5826e+01  1.3297e+01  1.3014e+01  6.4599e+00  9.4149e+00  4.9287e+00  3.2103e+00  9.6220e+00
  1.7850e+01  7.1221e+00  1.2129e+01  1.1986e+01  1.1359e+01  8.1816e+00  7.8586e+00  2.6672e+01
  5.0470e+01  7.4569e+01  1.5373e+02  2.6095e+02  3.0260e+02  1.9105e+02  4.9678e+02  3.1385e+02
  5.3581e+02  9.4076e+01  1.7729e+02  4.1895e+01  2.8953e+01  1.3510e+02  7.0068e+01  4.2019e+02
  1.8528e+02  1.7129e+02  2.0010e+02  2.9359e+02  2.0228e+02  1.5331e+02  1.7713e+02  6.7937e+01
  3.1871e+01  3.2846e+01  6.7763e+01  7.6278e+00  4.5767e+00  9.0337e+00  1.5976e+01  2.2604e+01
  1.9718e+01  7.4008e+00  7.2325e+00  2.0332e+00  1.7209e+01  1.8955e+01  1.0988e+01  2.2564e+01
  2.9902e+00  3.4931e+00  5.9977e+00  1.4347e+01  1.1318e+01  1.4989e+01  1.8013e+00  1.7034e+01
  1.0945e+01  1.0735e+01  1.6099e+01  2.3360e+01  1.6411e+01  8.1311e+00  1.4176e+01  1.0899e+01
  1.1758e+01  9.8054e+00  3.5683e+01  4.4573e+01  1.1138e+02  1.8652e+02  2.6988e+02  2.2569e+02
  1.7018e+02  2.3995e+02  1.4838e+02  2.1085e+02  8.3371e+01  5.1838e+02  6.0955e+00  0.0000e+00
  9.6733e+01  4.5483e+01  1.7833e+02  4.8535e+02  5.2798e+02  1.6441e+02  1.1505e+02  3.2688e+02
  2.5069e+02  2.2614e+02  1.9066e+02  1.2260e+02  4.5209e+01  4.0492e+01  1.1468e+01  2.1215e+01
  8.7316e+00  1.0466e+01  1.3286e+01  1.3253e+01  1.6814e+01  2.0586e+01  8.6371e+00  8.5645e+00
  1.1476e+01  6.2823e+00  1.0648e+01  1.0531e+01  8.3582e+00  1.5643e+01  7.7233e+00  1.8040e+01
  1.3964e+00  1.2842e+01  9.3735e+00  5.5624e+00  7.6711e+00  8.7902e+00  1.9400e+01  1.0590e+01
  1.6989e+01  1.0939e+01  9.0068e+00  1.5845e+01  2.1585e+01  3.8979e+01  3.6962e+01  8.3569e+01
  1.4038e+02  3.8233e+02  2.3041e+02  1.9805e+02  1.3436e+02  2.7771e+02  7.0052e+02  9.6523e+01
  7.5683e+01  6.5793e+01  2.1229e+01  5.6746e+01  0.0000e+00  6.0823e+01  1.3951e+02  1.3585e+02
  1.4205e+02  3.1305e+02  1.8319e+02  2.2660e+02  1.8108e+02  1.9441e+02  1.9280e+02  5.5806e+01
  7.3759e+01  1.5598e+01  1.7424e+01  1.8687e+01  5.0266e+00  1.2399e+01  1.3470e+01  1.3295e+01
  5.4640e+00  1.2667e+01  1.8449e+01  1.0623e+01  1.6968e+01  4.9852e+00  1.8245e+00  1.1088e+01
  1.0714e+01  5.1448e+00  1.1268e+01  9.7580e+00  4.9285e+00  1.5316e+01  5.4862e+00  6.9313e+00
  1.1056e+01  4.3685e+00  1.1229e+01  8.2847e+00  1.8377e+01  5.5945e+00  1.0175e+01  1.2473e+01
  2.9176e+01  1.1803e+01  5.0428e+01  8.6997e+01  1.9121e+02  1.8744e+02  1.9024e+02  1.2506e+02
  1.6595e+02  3.1358e+02  1.4216e+02  4.8230e+02  1.8193e+02  3.2314e+01  3.2910e+01  0.0000e+00
  3.6665e+01  3.6057e+01  1.0323e+02  1.1979e+02  2.2770e+02  1.6407e+02  9.3400e+01  2.4782e+02
  1.6745e+02  2.0100e+02  1.7744e+02  9.8049e+01  6.0935e+01  6.6274e+01  1.9453e+01  1.6373e+01
  8.7653e+00  7.9604e+00  1.1515e+01  1.5935e+01  3.9849e+00  1.3660e+01  9.1145e+00  4.7478e+01
  6.4911e+00  9.2677e+00  1.5659e+01  1.4341e+00  7.2854e+00  1.8245e+01  4.3839e+00  4.9926e+00
  1.1473e+01  3.4934e+00  6.2698e+00  9.9512e+00  6.7022e+00  9.3489e+00  1.1767e+01  3.1256e+00
  1.2413e+01  1.4717e+01  1.2685e+01  9.7336e+00  2.7567e+01  2.2805e+01  2.5655e+01  1.7008e+02
  1.6462e+02  2.3971e+02  4.9696e+02  1.4847e+02  3.7280e+02  2.9607e+02  1.0660e+02  1.1521e+02
  1.2966e+02  3.0471e+01  6.7714e+01  0.0000e+00  0.0000e+00  1.0864e+02  7.6044e+01  2.0922e+02
  7.7021e+01  3.2043e+02  1.9256e+02  2.2355e+02  2.2188e+02  1.2563e+02  1.9289e+02  1.2361e+02
  1.7966e+02  2.0479e+01  3.6619e+01  1.1319e+01  1.5755e+01  1.6396e+01  6.5688e+00  1.4279e+01
  2.1831e+01  2.2151e+01  8.1856e+00  5.1143e+00  2.7527e+01  1.0740e+01  2.1667e+01  1.5250e+01
  1.9704e+01  8.3607e+00  7.3389e+00  1.6222e+01  2.1863e+00  1.0075e+01  1.3170e+01  3.5740e+00
  1.4473e+01  9.2848e+00  1.5514e+01  4.9966e+00  6.3105e+00  1.3587e+01  1.8878e+01  1.0890e+01
  3.4891e+01  2.9076e+01  3.0937e+01  2.3936e+02  1.9903e+02  2.2791e+02  1.5715e+02  1.7790e+02
  2.3112e+02  1.4207e+02  1.0854e+02  4.4267e+01  5.6516e+01  5.6816e+01  0.0000e+00  1.2920e+01
  0.0000e+00  2.7548e+01  4.2256e+02  1.6914e+02  6.2969e+02  4.2862e+02  1.1683e+02  1.0481e+02
  1.0764e+02  1.5407e+02  1.0974e+02  1.5047e+02  1.5520e+02  6.8114e+01  5.3305e+01  3.2639e+01
  2.4269e+01  1.5241e+01  1.0954e+01  2.4627e+01  2.2011e+01  9.0130e+00  3.4383e+00  4.5409e+00
  6.5333e+00  6.0727e+00  9.8318e+00  1.4561e+00  1.7976e+01  1.6941e+01  3.8302e+00  5.1799e+00
  1.0552e+01  7.6032e+00  6.3657e+00  1.0731e+01  7.6532e+00  2.5369e+01  8.3108e+00  1.6861e+01
  1.8748e+01  1.2270e+01  2.9111e+01  1.8282e+01  3.7342e+01  1.2701e+02  1.1964e+02  2.4899e+02
  1.2029e+02  1.8450e+02  2.1742e+02  1.3198e+02  1.8114e+02  3.1917e+01  5.3461e+01  6.9045e+01
  9.7186e+01  9.4444e+01  6.0495e+00  0.0000e+00  0.0000e+00  1.0008e+01  1.0726e+02  1.2567e+02
  1.0201e+02  3.6427e+02  9.0875e+01  3.5504e+02  1.1382e+02  2.2969e+02  1.7274e+02  1.8777e+02
  1.5623e+02  1.4945e+02  1.8543e+02  8.4215e+01  3.2553e+01  3.0995e+01  1.7478e+01  2.5270e+01
  2.1719e+01  2.0408e+01  1.3904e+01  3.5306e+01  1.8159e+00  1.2932e+01  1.2261e+01  3.9672e+00
  3.1670e+01  1.2825e+01  1.3239e+01  1.0347e+01  4.7799e+00  1.8457e+01  3.8171e+01  1.9197e+01
  1.1942e+01  8.5143e+01  1.6262e+01  3.1718e+01  3.9081e+01  6.2589e+01  1.8419e+01  4.4454e+01
  1.1926e+02  1.0442e+02  2.2168e+02  2.5327e+02  1.9813e+02  1.6534e+02  9.3584e+01  6.8445e+01
  1.0509e+02  9.7599e+01  5.7078e+01  3.7528e+02  1.0980e+02  1.2100e+02  2.6275e+01  0.0000e+00
  1.0472e+02  6.7474e+01  2.7847e+01  4.7580e+01  1.3356e+02  2.6685e+01  9.6500e+01  6.4838e+01
  1.3203e+02  2.8193e+02  2.0567e+02  1.3790e+02  2.1885e+02  2.0540e+02  1.8924e+02  1.5211e+02
  1.0012e+02  1.3128e+02  8.5289e+01  3.2272e+01  2.7418e+01  1.3387e+01  9.9862e+01  1.5055e+01
  2.6366e+01  2.1188e+01  1.6263e+01  1.7593e+01  2.2313e+01  1.1551e+01  4.2249e+01  2.0263e+01
  5.5747e+01  2.8255e+01  1.1391e+02  6.3801e+00  3.2368e+01  3.7293e+01  1.4041e+01  2.3548e+01
  5.3467e+01  4.5652e+01  1.5016e+02  1.3449e+02  2.1962e+02  1.7760e+02  2.4052e+02  2.3049e+02
  1.5754e+02  1.0339e+02  1.0574e+02  7.7689e+01  1.0655e+02  1.3912e+02  4.4070e+01  7.0999e+01
  2.5252e+01  1.1410e+01  0.0000e+00  0.0000e+00  0.0000e+00  0.0000e+00  0.0000e+00  5.0292e+01
  6.4684e+01  4.8865e+02  1.2517e+02  9.7003e+01  1.6289e+02  1.7167e+02  1.5185e+02  1.1307e+02
  1.8233e+02  2.0809e+02  2.3145e+02  2.0146e+02  2.4876e+02  1.8772e+02  8.0682e+01  3.1293e+01
  4.5927e+01  4.0224e+01  2.8564e+01  7.2552e+00  3.6061e+01  4.1963e+01  1.1618e+01  2.8899e+01
  1.5531e+01  8.1427e+00  4.6659e+01  1.1436e+01  1.3011e+01  2.5665e+01  5.1771e+00  2.5594e+01
  2.4283e+01  3.0812e+01  3.4430e+01  5.5114e+01  1.5248e+02  7.2042e+01  1.8513e+02  2.1656e+02
  3.0888e+02  1.9018e+02  1.9773e+02  1.6655e+02  1.5149e+02  3.0156e+02  7.7145e+01  4.3675e+01
  2.2211e+01  1.5142e+02  9.6762e+01  1.2464e+02  2.6578e+01  2.3270e+01  0.0000e+00  0.0000e+00
  0.0000e+00  0.0000e+00  5.3268e+01  2.3826e+01  6.8939e+01  4.0360e+01  3.6302e+01  2.4376e+01
  9.1958e+01  1.2424e+02  9.7851e+01  1.3408e+02  2.4381e+02  1.8251e+02  2.6561e+02  2.6163e+02
  3.0824e+02  3.7567e+02  3.9794e+02  2.6795e+02  9.7962e+01  1.9227e+02  2.0499e+02  4.5970e+01
  5.9245e+01  1.8759e+01  2.1401e+01  1.5191e+01  1.1817e+01  5.0184e+00  1.4818e+01  5.0636e+01
  3.0588e+01  4.6344e+01  1.2847e+02  3.6661e+01  4.4879e+01  6.3025e+01  1.7735e+02  3.5191e+02
  2.8167e+02  2.4200e+02  4.3437e+02  2.7079e+02  4.1062e+02  3.7497e+02  2.2763e+02  2.4376e+02
  2.9763e+02  1.4541e+02  8.6785e+01  1.5516e+02  4.4283e+01  6.7557e+01  6.5182e+01  3.8488e+01
  4.8067e+01  0.0000e+00  0.0000e+00  0.0000e+00  3.1570e+01  2.6160e+01  6.3804e+01  4.5324e+00
  8.3524e+01  4.8460e+01  3.1584e+01  7.5565e+01  6.0091e+01  1.9844e+02  2.7156e+02  2.0461e+02
  3.9158e+02  3.0501e+02  2.3336e+02  2.6027e+02  3.0243e+02  3.3731e+02  5.2003e+02  5.0228e+02
  2.8315e+02  1.4582e+02  2.3980e+02  8.0179e+01  1.6368e+02  5.5445e+01  6.6709e+01  2.5682e+01
  7.8978e+01  2.5042e+01  7.8611e+01  5.2351e+01  1.3615e+01  1.2931e+02  8.3095e+01  7.4518e+01
  5.6347e+01  1.2135e+02  3.3583e+02  3.8727e+02  3.3387e+02  3.6122e+02  3.7604e+02  3.3673e+02
  2.9901e+02  2.3005e+02  3.4812e+02  2.8978e+02  7.8050e+01  9.2504e+01  1.6788e+01  5.0586e+01
  2.6691e+01  1.1157e+01  5.7570e+01  2.2481e+01  7.6988e+01  2.5670e+01  2.2381e+01  0.0000e+00
  0.0000e+00  0.0000e+00  2.3137e+01  4.9238e+01  7.9858e+00  8.8566e+01  4.2011e+01  9.5195e+01
  4.5803e+01  9.1175e+01  3.2931e+02  1.2945e+02  2.0151e+02  1.1425e+02  3.6964e+02  4.3472e+02
  3.4467e+02  3.6934e+02  4.9515e+02  5.3338e+02  5.1672e+02  4.3525e+02  2.5796e+02  2.9543e+02
  2.6543e+02  2.6212e+02  2.3455e+02  2.2846e+02  2.6075e+02  1.5720e+02  2.0482e+02  1.2232e+02
  1.1272e+02  2.4201e+02  1.8058e+02  2.3731e+02  2.6960e+02  4.8367e+02  4.2556e+02  4.3802e+02
  4.8174e+02  4.2019e+02  3.1134e+02  2.6143e+02  2.8374e+02  1.6959e+02  1.9142e+02  2.3408e+02
  6.0102e+01  9.1002e+01  4.4025e+01  1.1883e+01  1.0045e+01  5.0522e+00  1.3309e+00  1.1366e+01
  1.7846e+01  5.0706e+00  0.0000e+00  0.0000e+00  3.0429e+01  5.2368e+01  0.0000e+00  3.8182e+00
  5.2362e+00  1.0785e+00  2.9943e+01  2.4904e+02  1.8240e+02  9.4886e+00  2.8466e+02  8.0753e+01
  1.3648e+02  2.0727e+02  4.1832e+02  3.3019e+02  2.7173e+02  2.5679e+02  4.0095e+02  3.4889e+02
  3.9294e+02  3.1188e+02  3.9655e+02  4.1173e+02  3.6992e+02  1.8504e+02  4.6462e+02  2.4559e+02
  3.4036e+02  2.4499e+02  2.6627e+02  1.5393e+02  1.2899e+02  3.6962e+02  2.3951e+02  4.0621e+02
  3.2774e+02  4.6247e+02  5.6495e+02  3.4754e+02  2.6664e+02  4.5373e+02  3.3558e+02  1.5485e+02
  3.2117e+02  9.7986e+01  3.2026e+02  1.1592e+02  7.7851e+01  3.2127e+01  3.4049e+01  2.6285e+01
  2.2491e+01  2.8478e+00  1.7459e+01  7.3972e+01  4.0253e+01  2.2884e+01  2.6626e+01  0.0000e+00
  0.0000e+00  3.5868e+01  1.2789e+00  1.8265e+01  2.0917e+01  8.2254e+00  5.6797e+01  2.4945e+00
  0.0000e+00  2.7326e+01  9.6731e+01  7.0202e+01  3.1940e+02  8.4455e+01  2.8075e+02  1.6916e+02
  2.1202e+02  4.8890e+02  2.0434e+02  3.8732e+02  2.7364e+02  3.1425e+02  2.1057e+02  1.8094e+02
  2.4176e+02  2.5948e+02  1.9105e+02  3.1186e+02  2.0299e+02  1.8714e+02  1.8509e+02  2.2638e+02
  2.5823e+02  1.9333e+02  2.2682e+02  3.9840e+02  3.5583e+02  3.6157e+02  7.2293e+02  3.5093e+02
  2.5503e+02  1.7803e+02  3.5193e+02  1.5605e+02  1.1837e+02  5.0425e+01  5.6260e+02  1.2153e+02
  3.0604e+01  6.2430e+00  3.9829e-01  1.7533e+01  1.3612e+01  1.6517e+01  0.0000e+00  0.0000e+00
  0.0000e+00  0.0000e+00  6.7620e+00  0.0000e+00  1.0306e+01  6.2247e+00  1.9754e+01  9.0801e-01
  3.6324e+01  2.0732e+01  0.0000e+00  5.1213e+00  2.1744e+02  6.8448e+00  5.1865e+01  5.5411e+01
  2.5218e+00  8.3578e+01  7.6628e+01  1.6805e+02  2.7746e+02  1.6525e+02  4.8182e+02  1.7732e+02
  3.3398e+02  2.8885e+02  2.7668e+02  2.2656e+02  1.7325e+02  2.8592e+02  8.8425e+01  2.4549e+02
  4.2247e+02  1.8422e+02  1.5320e+02  1.9636e+02  3.0441e+02  3.4538e+02  2.2916e+02  3.6492e+02
  1.7400e+02  2.0352e+02  5.5432e+02  3.3845e+02  3.1054e+02  2.2336e+02  1.8676e+02  1.4334e+02
  4.3469e+01  1.3736e+01  7.7755e+01  3.0371e+02  4.5838e+01  4.0303e+01  2.5997e+01  0.0000e+00
  0.0000e+00  3.0621e+00  8.8324e+00  1.4683e+01  0.0000e+00  2.3685e+01  1.0159e+01  1.1563e+02
  4.3988e+01  1.0509e+01  2.3374e+01  2.5291e+01  1.5174e+01  0.0000e+00  3.6519e+01  2.6627e+01
  0.0000e+00  1.2686e+00  1.9042e+01  3.3133e+02  1.0680e+02  1.0822e+02  7.7485e+01  9.0055e+01
  4.8895e+02  1.0551e+02  2.5325e+02  2.5565e+02  2.7515e+02  2.3090e+02  2.0231e+02  2.1582e+02
  1.4674e+02  2.0298e+02  4.3821e+02  1.4909e+02  1.9281e+02  2.6609e+02  1.5204e+02  2.6455e+02
  1.0213e+02  2.1021e+02  1.7418e+02  2.7281e+02  3.2951e+02  1.9680e+02  5.6393e+02  2.1641e+02
  1.6798e+02  1.1898e+02  1.1453e+02  8.6501e+01  4.8399e+01  2.8799e+02  3.6864e+02  6.6895e+01
  3.3462e+01  6.8830e+01  5.8802e+00  2.1499e+01  0.0000e+00  2.7646e+01  3.5687e+01  3.2415e+01
  2.7626e+01  0.0000e+00  0.0000e+00  0.0000e+00  2.2954e+01  0.0000e+00  3.6628e+01  3.0337e+02
  0.0000e+00  1.1209e+01  5.2016e+00  0.0000e+00  5.6807e+00  0.0000e+00  3.7577e+02  2.7005e+01
  6.2543e+01  5.4823e+01  7.1610e+01  9.4077e+01  4.7050e+02  5.5360e+01  7.0481e+01  9.6038e+01
  1.1215e+02  6.4427e+01  6.0581e+01  8.7684e+01  2.0059e+02  8.3851e+01  5.8656e+02  4.0549e+01
  1.3640e+02  1.6339e+02  6.2411e+01  1.4621e+02  1.9207e+02  4.5882e+02  2.7636e+02  1.7363e+02
  1.7545e+02  2.8870e+02  3.3073e+02  1.4240e+02  3.6193e+02  1.2437e+01  4.5969e+02  2.1861e+01
  3.2522e+01  3.1275e+01  6.9202e+01  0.0000e+00  2.5835e+01  2.7314e+01  0.0000e+00  8.9134e+01
  7.6607e+01  1.3634e+01  3.0264e+01  0.0000e+00  2.1741e+01  8.7138e+00  0.0000e+00  0.0000e+00
  0.0000e+00  1.6223e+01  9.1864e+00  0.0000e+00  7.3636e+01  3.6236e+01  0.0000e+00  0.0000e+00
  2.7043e+01  0.0000e+00  3.7445e+01  0.0000e+00  1.4716e+01  0.0000e+00  9.9918e+01  8.4815e+01
  2.8205e+02  0.0000e+00  7.1018e+00  3.1056e+01  7.0711e+01  0.0000e+00  4.0930e+02  7.5369e+01
  0.0000e+00  8.4603e+01  1.9273e+02  7.9210e+00  3.2070e+01  1.0361e+02  1.6149e+02  5.1800e+01
  4.5086e+02  4.4423e+02  4.4854e+02  6.5874e+01  1.4715e+01  9.6410e+01  4.4170e+02  4.0736e+01
  2.0892e+01  1.5201e+01  6.2192e+01  7.4359e+00  0.0000e+00  6.6430e+00  3.3020e+01  1.0809e+02
  9.5674e+00  0.0000e+00  0.0000e+00  1.8508e+01  2.7358e+01  0.0000e+00  0.0000e+00  7.1010e+01
  0.0000e+00  0.0000e+00  0.0000e+00  0.0000e+00  0.0000e+00  0.0000e+00  0.0000e+00  0.0000e+00
  0.0000e+00  0.0000e+00  0.0000e+00  0.0000e+00  0.0000e+00  0.0000e+00  0.0000e+00  3.5818e+00
  0.0000e+00  0.0000e+00  0.0000e+00  0.0000e+00  0.0000e+00  0.0000e+00  0.0000e+00  1.7533e+02
  0.0000e+00  1.2967e+01  4.7618e+02  8.4405e+01  5.0952e+01  1.9202e+01  1.3023e+02  1.4598e+02
  0.0000e+00  0.0000e+00  0.0000e+00  0.0000e+00  7.2759e+01  1.0464e+02  1.3435e+02  8.4430e+01
  0.0000e+00  1.7753e+01  4.6528e+01  0.0000e+00  1.0841e+02  0.0000e+00  2.7396e+01  0.0000e+00
  0.0000e+00  0.0000e+00  0.0000e+00  0.0000e+00  0.0000e+00  2.0006e+01  0.0000e+00  3.2285e+00
  4.8798e+01  4.3485e+01  8.9149e+00  0.0000e+00  0.0000e+00  0.0000e+00  0.0000e+00  0.0000e+00
  0.0000e+00  0.0000e+00  0.0000e+00  0.0000e+00  0.0000e+00  0.0000e+00  0.0000e+00  0.0000e+00
  0.0000e+00  0.0000e+00  1.5068e+02  0.0000e+00  0.0000e+00  0.0000e+00  0.0000e+00  0.0000e+00
  0.0000e+00  0.0000e+00  0.0000e+00  0.0000e+00  2.7505e+01  0.0000e+00  0.0000e+00  9.8325e+01
  0.0000e+00  0.0000e+00  1.1098e+02  0.0000e+00  0.0000e+00  0.0000e+00  0.0000e+00  0.0000e+00
  0.0000e+00  0.0000e+00  0.0000e+00  1.4822e+02  0.0000e+00  0.0000e+00  0.0000e+00  0.0000e+00
  0.0000e+00  0.0000e+00  9.9566e+00  0.0000e+00  0.0000e+00  5.6784e+01  0.0000e+00  0.0000e+00
  0.0000e+00  0.0000e+00  0.0000e+00  0.0000e+00  1.2652e+02  1.2119e+02  4.8922e+01  0.0000e+00
  0.0000e+00  3.6482e+00  0.0000e+00  0.0000e+00  0.0000e+00  0.0000e+00  0.0000e+00  0.0000e+00
  0.0000e+00  0.0000e+00  0.0000e+00  0.0000e+00  0.0000e+00  0.0000e+00  0.0000e+00  0.0000e+00
  0.0000e+00  0.0000e+00  0.0000e+00  0.0000e+00  0.0000e+00  0.0000e+00  0.0000e+00  1.4790e+02
  7.4694e+01  0.0000e+00  0.0000e+00  0.0000e+00  0.0000e+00  0.0000e+00  0.0000e+00  0.0000e+00
  0.0000e+00  0.0000e+00  0.0000e+00  0.0000e+00  0.0000e+00  0.0000e+00  0.0000e+00  0.0000e+00
  0.0000e+00  0.0000e+00  0.0000e+00  0.0000e+00  0.0000e+00  0.0000e+00  0.0000e+00  0.0000e+00
  0.0000e+00  1.5131e+02  0.0000e+00  0.0000e+00  0.0000e+00  0.0000e+00  0.0000e+00  0.0000e+00
  0.0000e+00  0.0000e+00  0.0000e+00  0.0000e+00  0.0000e+00  0.0000e+00  2.4429e+02  0.0000e+00
  0.0000e+00  0.0000e+00  0.0000e+00  0.0000e+00  0.0000e+00  0.0000e+00  0.0000e+00  0.0000e+00
  0.0000e+00  0.0000e+00  0.0000e+00  0.0000e+00  0.0000e+00  0.0000e+00  0.0000e+00  0.0000e+00
  0.0000e+00  0.0000e+00  0.0000e+00  0.0000e+00  0.0000e+00  0.0000e+00  0.0000e+00  0.0000e+00
  0.0000e+00  0.0000e+00  0.0000e+00  0.0000e+00  0.0000e+00  0.0000e+00  0.0000e+00  0.0000e+00
  0.0000e+00  0.0000e+00  0.0000e+00  0.0000e+00  0.0000e+00  0.0000e+00  0.0000e+00  0.0000e+00
  0.0000e+00  0.0000e+00  0.0000e+00  0.0000e+00  0.0000e+00  0.0000e+00  0.0000e+00  0.0000e+00
  0.0000e+00  0.0000e+00  0.0000e+00  0.0000e+00  0.0000e+00  0.0000e+00  0.0000e+00  0.0000e+00
  0.0000e+00  0.0000e+00  0.0000e+00  0.0000e+00  0.0000e+00  0.0000e+00  0.0000e+00  0.0000e+00
  0.0000e+00  0.0000e+00  0.0000e+00  0.0000e+00  0.0000e+00  0.0000e+00  0.0000e+00  0.0000e+00
  0.0000e+00  0.0000e+00  0.0000e+00  0.0000e+00  0.0000e+00  0.0000e+00  0.0000e+00  0.0000e+00
  0.0000e+00  0.0000e+00  0.0000e+00  0.0000e+00  0.0000e+00  0.0000e+00  0.0000e+00  0.0000e+00
  0.0000e+00  0.0000e+00  0.0000e+00  0.0000e+00  0.0000e+00  0.0000e+00  0.0000e+00  0.0000e+00
  0.0000e+00  0.0000e+00  0.0000e+00  0.0000e+00  0.0000e+00  0.0000e+00  0.0000e+00  0.0000e+00
  0.0000e+00  0.0000e+00  0.0000e+00  0.0000e+00  0.0000e+00  0.0000e+00  0.0000e+00  0.0000e+00
  0.0000e+00  0.0000e+00  0.0000e+00  0.0000e+00  0.0000e+00  0.0000e+00  0.0000e+00  0.0000e+00
  0.0000e+00  0.0000e+00  0.0000e+00  0.0000e+00  0.0000e+00  0.0000e+00  0.0000e+00  0.0000e+00
  0.0000e+00  0.0000e+00  0.0000e+00  0.0000e+00  0.0000e+00  0.0000e+00  0.0000e+00  0.0000e+00
  0.0000e+00  0.0000e+00  0.0000e+00  0.0000e+00  0.0000e+00  0.0000e+00  0.0000e+00  0.0000e+00
  0.0000e+00  0.0000e+00  0.0000e+00  0.0000e+00  0.0000e+00  0.0000e+00  0.0000e+00  0.0000e+00
  0.0000e+00  0.0000e+00  0.0000e+00  0.0000e+00  0.0000e+00  0.0000e+00  0.0000e+00  0.0000e+00
  0.0000e+00  0.0000e+00  0.0000e+00  0.0000e+00  0.0000e+00  0.0000e+00  0.0000e+00  0.0000e+00
  0.0000e+00  0.0000e+00  0.0000e+00  0.0000e+00  0.0000e+00  0.0000e+00  0.0000e+00  0.0000e+00
  0.0000e+00  0.0000e+00  0.0000e+00  0.0000e+00  0.0000e+00  0.0000e+00  0.0000e+00  0.0000e+00
  0.0000e+00  0.0000e+00  0.0000e+00  0.0000e+00  0.0000e+00  0.0000e+00  0.0000e+00  0.0000e+00
  0.0000e+00  0.0000e+00  0.0000e+00  0.0000e+00  0.0000e+00  0.0000e+00  0.0000e+00  0.0000e+00
  0.0000e+00  0.0000e+00  0.0000e+00  0.0000e+00  0.0000e+00  0.0000e+00  0.0000e+00  0.0000e+00
  0.0000e+00  0.0000e+00  0.0000e+00  0.0000e+00  0.0000e+00  0.0000e+00  0.0000e+00  0.0000e+00
  0.0000e+00  0.0000e+00  0.0000e+00  0.0000e+00  0.0000e+00  0.0000e+00  0.0000e+00  0.0000e+00
  0.0000e+00  0.0000e+00  0.0000e+00  0.0000e+00  0.0000e+00  0.0000e+00  0.0000e+00  0.0000e+00
  0.0000e+00  0.0000e+00  0.0000e+00  0.0000e+00  0.0000e+00  0.0000e+00  0.0000e+00  0.0000e+00
  0.0000e+00  0.0000e+00  0.0000e+00  0.0000e+00  0.0000e+00  0.0000e+00  0.0000e+00  0.0000e+00
  0.0000e+00  0.0000e+00  0.0000e+00  0.0000e+00  0.0000e+00  0.0000e+00  0.0000e+00  0.0000e+00
  0.0000e+00  0.0000e+00  0.0000e+00  0.0000e+00  0.0000e+00  0.0000e+00  0.0000e+00  0.0000e+00
  0.0000e+00  0.0000e+00  0.0000e+00  0.0000e+00  0.0000e+00  0.0000e+00  0.0000e+00  0.0000e+00
  0.0000e+00  0.0000e+00  0.0000e+00  0.0000e+00  0.0000e+00  0.0000e+00  0.0000e+00  0.0000e+00
  0.0000e+00  0.0000e+00  0.0000e+00  0.0000e+00  0.0000e+00  0.0000e+00  0.0000e+00  0.0000e+00
  0.0000e+00  0.0000e+00  0.0000e+00  0.0000e+00  0.0000e+00  0.0000e+00  0.0000e+00  0.0000e+00
  0.0000e+00  0.0000e+00  0.0000e+00  0.0000e+00  0.0000e+00  0.0000e+00  0.0000e+00  0.0000e+00
  0.0000e+00  0.0000e+00  0.0000e+00  0.0000e+00  0.0000e+00  0.0000e+00  0.0000e+00  0.0000e+00
  0.0000e+00  0.0000e+00  0.0000e+00  0.0000e+00  0.0000e+00  0.0000e+00  0.0000e+00  0.0000e+00
  0.0000e+00  0.0000e+00  0.0000e+00  0.0000e+00  0.0000e+00  0.0000e+00  0.0000e+00  0.0000e+00
  0.0000e+00  0.0000e+00  0.0000e+00  0.0000e+00  0.0000e+00  0.0000e+00  0.0000e+00  0.0000e+00
  0.0000e+00  0.0000e+00  0.0000e+00  0.0000e+00  0.0000e+00  0.0000e+00  0.0000e+00  0.0000e+00
  0.0000e+00  0.0000e+00  0.0000e+00  0.0000e+00  0.0000e+00  0.0000e+00  0.0000e+00  0.0000e+00
  0.0000e+00  0.0000e+00  0.0000e+00  0.0000e+00  0.0000e+00  0.0000e+00  0.0000e+00  0.0000e+00
  0.0000e+00  0.0000e+00  0.0000e+00  0.0000e+00  0.0000e+00  0.0000e+00  0.0000e+00  0.0000e+00
  0.0000e+00  0.0000e+00  0.0000e+00  0.0000e+00  0.0000e+00  0.0000e+00  0.0000e+00  0.0000e+00
  0.0000e+00  0.0000e+00  0.0000e+00  0.0000e+00  0.0000e+00  0.0000e+00  0.0000e+00  0.0000e+00
  0.0000e+00  0.0000e+00  0.0000e+00  0.0000e+00  0.0000e+00  0.0000e+00  0.0000e+00  0.0000e+00
  0.0000e+00  0.0000e+00  0.0000e+00  0.0000e+00  0.0000e+00  0.0000e+00  0.0000e+00  0.0000e+00
  0.0000e+00  0.0000e+00  0.0000e+00  0.0000e+00  0.0000e+00  0.0000e+00  0.0000e+00  0.0000e+00
  0.0000e+00  0.0000e+00  0.0000e+00  0.0000e+00  0.0000e+00  0.0000e+00  0.0000e+00  0.0000e+00
  0.0000e+00  0.0000e+00  0.0000e+00  0.0000e+00  0.0000e+00  0.0000e+00  0.0000e+00  0.0000e+00
  0.0000e+00  0.0000e+00  0.0000e+00  0.0000e+00  0.0000e+00  0.0000e+00  0.0000e+00  0.0000e+00
  0.0000e+00  0.0000e+00  0.0000e+00  0.0000e+00  0.0000e+00  0.0000e+00  0.0000e+00  0.0000e+00
  0.0000e+00  0.0000e+00  0.0000e+00  0.0000e+00  0.0000e+00  0.0000e+00  0.0000e+00  0.0000e+00
  0.0000e+00  0.0000e+00  0.0000e+00  0.0000e+00  0.0000e+00  0.0000e+00  0.0000e+00  0.0000e+00
  0.0000e+00  0.0000e+00  0.0000e+00  0.0000e+00  0.0000e+00  0.0000e+00  0.0000e+00  0.0000e+00
  0.0000e+00  0.0000e+00  0.0000e+00  0.0000e+00  0.0000e+00  0.0000e+00  0.0000e+00  0.0000e+00
  0.0000e+00  0.0000e+00  0.0000e+00  0.0000e+00  0.0000e+00  0.0000e+00  0.0000e+00  0.0000e+00
  0.0000e+00  0.0000e+00  0.0000e+00  0.0000e+00  0.0000e+00  0.0000e+00  0.0000e+00  0.0000e+00
  0.0000e+00  0.0000e+00  0.0000e+00  0.0000e+00  0.0000e+00  0.0000e+00  0.0000e+00  0.0000e+00
  0.0000e+00  0.0000e+00  0.0000e+00  0.0000e+00  0.0000e+00  0.0000e+00  0.0000e+00  0.0000e+00
  0.0000e+00  0.0000e+00  0.0000e+00  0.0000e+00  0.0000e+00  0.0000e+00  0.0000e+00  0.0000e+00
  0.0000e+00  0.0000e+00  0.0000e+00  0.0000e+00  0.0000e+00  0.0000e+00  0.0000e+00  0.0000e+00
  0.0000e+00  0.0000e+00  0.0000e+00  0.0000e+00  0.0000e+00  0.0000e+00  0.0000e+00  0.0000e+00
  0.0000e+00  0.0000e+00  0.0000e+00  0.0000e+00  0.0000e+00  0.0000e+00  0.0000e+00  0.0000e+00
  0.0000e+00  0.0000e+00  0.0000e+00  0.0000e+00  0.0000e+00  0.0000e+00  0.0000e+00  0.0000e+00
  0.0000e+00  0.0000e+00  0.0000e+00  0.0000e+00  0.0000e+00  0.0000e+00  0.0000e+00  0.0000e+00
  0.0000e+00  0.0000e+00  0.0000e+00  0.0000e+00  0.0000e+00  0.0000e+00  0.0000e+00  0.0000e+00
  0.0000e+00  0.0000e+00  0.0000e+00  0.0000e+00  0.0000e+00  0.0000e+00  0.0000e+00  0.0000e+00
  0.0000e+00  0.0000e+00  0.0000e+00  0.0000e+00  0.0000e+00  0.0000e+00  0.0000e+00  0.0000e+00
  0.0000e+00  0.0000e+00  0.0000e+00  0.0000e+00  0.0000e+00  0.0000e+00  0.0000e+00  0.0000e+00
  0.0000e+00  0.0000e+00  0.0000e+00  0.0000e+00  0.0000e+00  0.0000e+00  0.0000e+00  0.0000e+00
  0.0000e+00  0.0000e+00  0.0000e+00  0.0000e+00  0.0000e+00  0.0000e+00  0.0000e+00  0.0000e+00
  0.0000e+00  0.0000e+00  0.0000e+00  0.0000e+00  0.0000e+00  0.0000e+00  0.0000e+00  0.0000e+00
  0.0000e+00  0.0000e+00  0.0000e+00  0.0000e+00  0.0000e+00  0.0000e+00  0.0000e+00  0.0000e+00
  0.0000e+00  0.0000e+00  0.0000e+00  0.0000e+00  0.0000e+00  0.0000e+00  0.0000e+00  0.0000e+00
  0.0000e+00  0.0000e+00  0.0000e+00  0.0000e+00  0.0000e+00  0.0000e+00  0.0000e+00  0.0000e+00
  0.0000e+00  0.0000e+00  0.0000e+00  0.0000e+00  0.0000e+00  0.0000e+00  0.0000e+00  0.0000e+00
  0.0000e+00  0.0000e+00  0.0000e+00  0.0000e+00  0.0000e+00  0.0000e+00  0.0000e+00  0.0000e+00
  0.0000e+00  0.0000e+00  0.0000e+00  0.0000e+00  0.0000e+00  0.0000e+00  0.0000e+00  0.0000e+00
  0.0000e+00  0.0000e+00  0.0000e+00  0.0000e+00  0.0000e+00  0.0000e+00  0.0000e+00  0.0000e+00
  0.0000e+00  0.0000e+00  0.0000e+00  0.0000e+00  0.0000e+00  0.0000e+00  0.0000e+00  0.0000e+00
  0.0000e+00  0.0000e+00  0.0000e+00  0.0000e+00  0.0000e+00  0.0000e+00  0.0000e+00  0.0000e+00
  0.0000e+00  0.0000e+00  0.0000e+00  0.0000e+00  0.0000e+00  0.0000e+00  0.0000e+00  0.0000e+00
  0.0000e+00  0.0000e+00  0.0000e+00  0.0000e+00  0.0000e+00  0.0000e+00  0.0000e+00  0.0000e+00
  0.0000e+00  0.0000e+00  0.0000e+00  0.0000e+00  0.0000e+00  0.0000e+00  0.0000e+00  0.0000e+00
  0.0000e+00  0.0000e+00  0.0000e+00  0.0000e+00  0.0000e+00  0.0000e+00  0.0000e+00  0.0000e+00
  0.0000e+00  0.0000e+00  0.0000e+00  0.0000e+00  0.0000e+00  0.0000e+00  0.0000e+00  0.0000e+00
  0.0000e+00  0.0000e+00  0.0000e+00  0.0000e+00  0.0000e+00  0.0000e+00  0.0000e+00  0.0000e+00
  0.0000e+00  0.0000e+00  0.0000e+00  0.0000e+00  0.0000e+00  0.0000e+00  0.0000e+00  0.0000e+00
  0.0000e+00  0.0000e+00  0.0000e+00  0.0000e+00  0.0000e+00  0.0000e+00  0.0000e+00  0.0000e+00
  0.0000e+00  0.0000e+00  0.0000e+00  0.0000e+00  0.0000e+00  0.0000e+00  0.0000e+00  0.0000e+00
  0.0000e+00  0.0000e+00  0.0000e+00  0.0000e+00  0.0000e+00  0.0000e+00  0.0000e+00  0.0000e+00
  0.0000e+00  0.0000e+00  0.0000e+00  0.0000e+00  0.0000e+00  0.0000e+00  0.0000e+00  0.0000e+00
  0.0000e+00  0.0000e+00  0.0000e+00  0.0000e+00  0.0000e+00  0.0000e+00  0.0000e+00  0.0000e+00
  0.0000e+00  0.0000e+00  0.0000e+00  0.0000e+00  0.0000e+00  0.0000e+00  0.0000e+00  0.0000e+00
  0.0000e+00  0.0000e+00  0.0000e+00  0.0000e+00  0.0000e+00  0.0000e+00  0.0000e+00  0.0000e+00
  0.0000e+00  0.0000e+00  0.0000e+00  0.0000e+00  0.0000e+00  0.0000e+00  0.0000e+00  0.0000e+00
  0.0000e+00  0.0000e+00  0.0000e+00  0.0000e+00  0.0000e+00  0.0000e+00  0.0000e+00  0.0000e+00
  0.0000e+00  0.0000e+00  0.0000e+00  0.0000e+00  0.0000e+00  0.0000e+00  0.0000e+00  0.0000e+00
  0.0000e+00  0.0000e+00  0.0000e+00  0.0000e+00  0.0000e+00  0.0000e+00  0.0000e+00  0.0000e+00
  0.0000e+00  0.0000e+00  0.0000e+00  0.0000e+00  0.0000e+00  0.0000e+00  0.0000e+00  0.0000e+00
  0.0000e+00  0.0000e+00  0.0000e+00  0.0000e+00  0.0000e+00  0.0000e+00  0.0000e+00  0.0000e+00
  0.0000e+00  0.0000e+00  0.0000e+00  0.0000e+00  0.0000e+00  0.0000e+00  0.0000e+00  0.0000e+00
  0.0000e+00  0.0000e+00  0.0000e+00  0.0000e+00  0.0000e+00  0.0000e+00  0.0000e+00  0.0000e+00
  0.0000e+00  0.0000e+00  0.0000e+00  0.0000e+00  0.0000e+00  0.0000e+00  0.0000e+00  0.0000e+00
  0.0000e+00  0.0000e+00  0.0000e+00  0.0000e+00  0.0000e+00  0.0000e+00  0.0000e+00  0.0000e+00
  0.0000e+00  0.0000e+00  0.0000e+00  0.0000e+00  0.0000e+00  0.0000e+00  0.0000e+00  0.0000e+00
  0.0000e+00  0.0000e+00  0.0000e+00  0.0000e+00  0.0000e+00  0.0000e+00  0.0000e+00  0.0000e+00
  0.0000e+00  0.0000e+00  0.0000e+00  0.0000e+00  0.0000e+00  0.0000e+00  0.0000e+00  0.0000e+00
  0.0000e+00  0.0000e+00  0.0000e+00  0.0000e+00  0.0000e+00  0.0000e+00  0.0000e+00  0.0000e+00
  0.0000e+00  0.0000e+00  0.0000e+00  0.0000e+00  0.0000e+00  0.0000e+00  0.0000e+00  0.0000e+00
  0.0000e+00  0.0000e+00  0.0000e+00  0.0000e+00  0.0000e+00  0.0000e+00  0.0000e+00  0.0000e+00
  0.0000e+00  0.0000e+00  0.0000e+00  0.0000e+00  0.0000e+00  0.0000e+00  0.0000e+00  0.0000e+00
  0.0000e+00  0.0000e+00  0.0000e+00  0.0000e+00  0.0000e+00  0.0000e+00  0.0000e+00  0.0000e+00
  0.0000e+00  0.0000e+00  0.0000e+00  0.0000e+00  0.0000e+00  0.0000e+00  0.0000e+00  0.0000e+00
  0.0000e+00  0.0000e+00  0.0000e+00  0.0000e+00  0.0000e+00  0.0000e+00  0.0000e+00  0.0000e+00
  0.0000e+00  0.0000e+00  0.0000e+00  0.0000e+00  0.0000e+00  0.0000e+00  0.0000e+00  0.0000e+00
  0.0000e+00  0.0000e+00  0.0000e+00  0.0000e+00  0.0000e+00  0.0000e+00  0.0000e+00  0.0000e+00
  0.0000e+00  0.0000e+00  0.0000e+00  0.0000e+00  0.0000e+00  0.0000e+00  0.0000e+00  0.0000e+00
  0.0000e+00  0.0000e+00  0.0000e+00  0.0000e+00  0.0000e+00  0.0000e+00  0.0000e+00  0.0000e+00
  0.0000e+00  0.0000e+00  0.0000e+00  0.0000e+00  0.0000e+00  0.0000e+00  0.0000e+00  0.0000e+00
  0.0000e+00  0.0000e+00  0.0000e+00  0.0000e+00  0.0000e+00  0.0000e+00  0.0000e+00  0.0000e+00
  0.0000e+00  0.0000e+00  0.0000e+00  0.0000e+00  0.0000e+00  0.0000e+00  0.0000e+00  0.0000e+00
  0.0000e+00  0.0000e+00  0.0000e+00  0.0000e+00  0.0000e+00  0.0000e+00  0.0000e+00  0.0000e+00
  0.0000e+00  0.0000e+00  0.0000e+00  0.0000e+00  0.0000e+00  0.0000e+00  0.0000e+00  0.0000e+00
  0.0000e+00  0.0000e+00  0.0000e+00  0.0000e+00  0.0000e+00  0.0000e+00  0.0000e+00  0.0000e+00
  0.0000e+00  0.0000e+00  0.0000e+00  0.0000e+00  0.0000e+00  0.0000e+00  0.0000e+00  0.0000e+00
  0.0000e+00  0.0000e+00  0.0000e+00  0.0000e+00  0.0000e+00  0.0000e+00  0.0000e+00  0.0000e+00
  0.0000e+00  0.0000e+00  0.0000e+00  0.0000e+00  0.0000e+00  0.0000e+00  0.0000e+00  0.0000e+00
  0.0000e+00  0.0000e+00  0.0000e+00  0.0000e+00  0.0000e+00  0.0000e+00  0.0000e+00  0.0000e+00
  0.0000e+00  0.0000e+00  0.0000e+00  0.0000e+00  0.0000e+00  0.0000e+00  0.0000e+00  0.0000e+00
  0.0000e+00  0.0000e+00  0.0000e+00  0.0000e+00  0.0000e+00  0.0000e+00  0.0000e+00  0.0000e+00
  0.0000e+00  0.0000e+00  0.0000e+00  0.0000e+00  0.0000e+00  0.0000e+00  0.0000e+00  0.0000e+00
  0.0000e+00  0.0000e+00  0.0000e+00  0.0000e+00  0.0000e+00  0.0000e+00  0.0000e+00  0.0000e+00
  0.0000e+00  0.0000e+00  0.0000e+00  0.0000e+00  0.0000e+00  0.0000e+00  0.0000e+00  0.0000e+00
  0.0000e+00  0.0000e+00  0.0000e+00  0.0000e+00  0.0000e+00  0.0000e+00  0.0000e+00  0.0000e+00
  0.0000e+00  0.0000e+00  0.0000e+00  0.0000e+00  0.0000e+00  0.0000e+00  0.0000e+00  0.0000e+00
  0.0000e+00  0.0000e+00  0.0000e+00  0.0000e+00  0.0000e+00  0.0000e+00  0.0000e+00  0.0000e+00
  0.0000e+00  0.0000e+00  0.0000e+00  0.0000e+00  0.0000e+00  0.0000e+00  0.0000e+00  0.0000e+00
  0.0000e+00  0.0000e+00  0.0000e+00  0.0000e+00  0.0000e+00  0.0000e+00  0.0000e+00  0.0000e+00
  0.0000e+00  0.0000e+00  0.0000e+00  0.0000e+00  0.0000e+00  0.0000e+00  0.0000e+00  0.0000e+00
  0.0000e+00  0.0000e+00  0.0000e+00  0.0000e+00  0.0000e+00  0.0000e+00  0.0000e+00  0.0000e+00
  0.0000e+00  0.0000e+00  0.0000e+00  0.0000e+00  0.0000e+00  0.0000e+00  0.0000e+00  0.0000e+00
  0.0000e+00  0.0000e+00  0.0000e+00  0.0000e+00  0.0000e+00  0.0000e+00  0.0000e+00  0.0000e+00
  0.0000e+00  0.0000e+00  0.0000e+00  0.0000e+00  0.0000e+00  0.0000e+00  0.0000e+00  0.0000e+00
  0.0000e+00  0.0000e+00  0.0000e+00  0.0000e+00  0.0000e+00  0.0000e+00  0.0000e+00  0.0000e+00
  0.0000e+00  0.0000e+00  0.0000e+00  0.0000e+00  0.0000e+00  0.0000e+00  0.0000e+00  0.0000e+00
  0.0000e+00  0.0000e+00  0.0000e+00  0.0000e+00  0.0000e+00  0.0000e+00  0.0000e+00  0.0000e+00
  0.0000e+00  0.0000e+00  0.0000e+00  0.0000e+00  0.0000e+00  0.0000e+00  0.0000e+00  0.0000e+00
  0.0000e+00  0.0000e+00  0.0000e+00  0.0000e+00  0.0000e+00  0.0000e+00  0.0000e+00  0.0000e+00
  0.0000e+00  0.0000e+00  0.0000e+00  0.0000e+00  0.0000e+00  0.0000e+00  0.0000e+00  0.0000e+00
  0.0000e+00  0.0000e+00  0.0000e+00  0.0000e+00  0.0000e+00  0.0000e+00  0.0000e+00  0.0000e+00
  0.0000e+00  0.0000e+00  0.0000e+00  0.0000e+00  0.0000e+00  0.0000e+00  0.0000e+00  0.0000e+00
  0.0000e+00  0.0000e+00  0.0000e+00  0.0000e+00  0.0000e+00  0.0000e+00  0.0000e+00  0.0000e+00
  0.0000e+00  0.0000e+00  0.0000e+00  0.0000e+00  0.0000e+00  0.0000e+00  0.0000e+00  0.0000e+00
  0.0000e+00  0.0000e+00  0.0000e+00  0.0000e+00  0.0000e+00  0.0000e+00  0.0000e+00  0.0000e+00
  0.0000e+00  0.0000e+00  0.0000e+00  0.0000e+00  0.0000e+00  0.0000e+00  0.0000e+00  0.0000e+00
  0.0000e+00  0.0000e+00  0.0000e+00  0.0000e+00  0.0000e+00  0.0000e+00  0.0000e+00  0.0000e+00
  0.0000e+00  0.0000e+00  0.0000e+00  0.0000e+00  0.0000e+00  0.0000e+00  0.0000e+00  0.0000e+00
  0.0000e+00  0.0000e+00  0.0000e+00  0.0000e+00  0.0000e+00  0.0000e+00  0.0000e+00  0.0000e+00
  0.0000e+00  0.0000e+00  0.0000e+00  0.0000e+00  0.0000e+00  0.0000e+00  0.0000e+00  0.0000e+00
  0.0000e+00  0.0000e+00  0.0000e+00  0.0000e+00  0.0000e+00  0.0000e+00  0.0000e+00  0.0000e+00
  0.0000e+00  0.0000e+00  0.0000e+00  0.0000e+00  0.0000e+00  0.0000e+00  0.0000e+00  0.0000e+00
  0.0000e+00  0.0000e+00  0.0000e+00  0.0000e+00  0.0000e+00  0.0000e+00  0.0000e+00  0.0000e+00
  0.0000e+00  0.0000e+00  0.0000e+00  0.0000e+00  0.0000e+00  0.0000e+00  0.0000e+00  0.0000e+00
  0.0000e+00  0.0000e+00  0.0000e+00  0.0000e+00  0.0000e+00  0.0000e+00  0.0000e+00  0.0000e+00
  0.0000e+00  0.0000e+00  0.0000e+00  0.0000e+00  0.0000e+00  0.0000e+00  0.0000e+00  0.0000e+00
  0.0000e+00  0.0000e+00  0.0000e+00  0.0000e+00  0.0000e+00  0.0000e+00  0.0000e+00  0.0000e+00
  0.0000e+00  0.0000e+00  0.0000e+00  0.0000e+00  0.0000e+00  0.0000e+00  0.0000e+00  0.0000e+00
  0.0000e+00  0.0000e+00  0.0000e+00  0.0000e+00  0.0000e+00  0.0000e+00  0.0000e+00  0.0000e+00
  0.0000e+00  0.0000e+00  0.0000e+00  0.0000e+00  0.0000e+00  0.0000e+00  0.0000e+00  0.0000e+00
  0.0000e+00  0.0000e+00  0.0000e+00  0.0000e+00  0.0000e+00  0.0000e+00  0.0000e+00  0.0000e+00
  0.0000e+00  0.0000e+00  0.0000e+00  0.0000e+00  0.0000e+00  0.0000e+00  0.0000e+00  0.0000e+00
  0.0000e+00  0.0000e+00  0.0000e+00  0.0000e+00  0.0000e+00  0.0000e+00  0.0000e+00  0.0000e+00
  0.0000e+00  0.0000e+00  0.0000e+00  0.0000e+00  0.0000e+00  0.0000e+00  0.0000e+00  0.0000e+00
  0.0000e+00  0.0000e+00  0.0000e+00  0.0000e+00  0.0000e+00  0.0000e+00  0.0000e+00  0.0000e+00
  0.0000e+00  0.0000e+00  0.0000e+00  0.0000e+00  0.0000e+00  0.0000e+00  0.0000e+00  0.0000e+00
  0.0000e+00  0.0000e+00  0.0000e+00  0.0000e+00  0.0000e+00  0.0000e+00  0.0000e+00  0.0000e+00
  0.0000e+00  0.0000e+00  0.0000e+00  0.0000e+00  0.0000e+00  0.0000e+00  0.0000e+00  0.0000e+00
  0.0000e+00  0.0000e+00  0.0000e+00  0.0000e+00  0.0000e+00  0.0000e+00  0.0000e+00  0.0000e+00
  0.0000e+00  0.0000e+00  0.0000e+00  0.0000e+00  0.0000e+00  0.0000e+00  0.0000e+00  0.0000e+00
  0.0000e+00  0.0000e+00  0.0000e+00  0.0000e+00  0.0000e+00  0.0000e+00  0.0000e+00  0.0000e+00
  0.0000e+00  0.0000e+00  0.0000e+00  0.0000e+00  0.0000e+00  0.0000e+00  0.0000e+00  0.0000e+00
  0.0000e+00  0.0000e+00  0.0000e+00  0.0000e+00  0.0000e+00  0.0000e+00  0.0000e+00  0.0000e+00
  0.0000e+00  0.0000e+00  0.0000e+00  0.0000e+00  0.0000e+00  0.0000e+00  0.0000e+00  0.0000e+00
  0.0000e+00  0.0000e+00  0.0000e+00  0.0000e+00  0.0000e+00  0.0000e+00  0.0000e+00  0.0000e+00
  0.0000e+00  0.0000e+00  0.0000e+00  0.0000e+00  0.0000e+00  0.0000e+00  0.0000e+00  0.0000e+00
  0.0000e+00  0.0000e+00  0.0000e+00  0.0000e+00  0.0000e+00  0.0000e+00  0.0000e+00  0.0000e+00
  0.0000e+00  0.0000e+00  0.0000e+00  0.0000e+00  0.0000e+00  0.0000e+00  0.0000e+00  0.0000e+00
  0.0000e+00  0.0000e+00  0.0000e+00  0.0000e+00  0.0000e+00  0.0000e+00  0.0000e+00  0.0000e+00
  0.0000e+00  0.0000e+00  0.0000e+00  0.0000e+00  0.0000e+00  0.0000e+00  0.0000e+00  0.0000e+00
  0.0000e+00  0.0000e+00  0.0000e+00  0.0000e+00  0.0000e+00  0.0000e+00  0.0000e+00  0.0000e+00
  0.0000e+00  0.0000e+00  0.0000e+00  0.0000e+00  0.0000e+00  0.0000e+00  0.0000e+00  0.0000e+00
  0.0000e+00  0.0000e+00  0.0000e+00  0.0000e+00  0.0000e+00  0.0000e+00  0.0000e+00  0.0000e+00
  0.0000e+00  0.0000e+00  0.0000e+00  0.0000e+00  0.0000e+00  0.0000e+00  0.0000e+00  0.0000e+00
  0.0000e+00  0.0000e+00  0.0000e+00  0.0000e+00  0.0000e+00  0.0000e+00  0.0000e+00  0.0000e+00
  0.0000e+00  0.0000e+00  0.0000e+00  0.0000e+00  0.0000e+00  0.0000e+00  0.0000e+00  0.0000e+00
  0.0000e+00  0.0000e+00  0.0000e+00  0.0000e+00  0.0000e+00  0.0000e+00  0.0000e+00  0.0000e+00
  0.0000e+00  0.0000e+00  0.0000e+00  0.0000e+00  0.0000e+00  0.0000e+00  0.0000e+00  0.0000e+00
  0.0000e+00  0.0000e+00  0.0000e+00  0.0000e+00  0.0000e+00  0.0000e+00  0.0000e+00  0.0000e+00
  0.0000e+00  0.0000e+00  0.0000e+00  0.0000e+00  0.0000e+00  0.0000e+00  0.0000e+00  0.0000e+00
  0.0000e+00  0.0000e+00  0.0000e+00  0.0000e+00  0.0000e+00  0.0000e+00  0.0000e+00  0.0000e+00
  0.0000e+00  0.0000e+00  0.0000e+00  0.0000e+00  0.0000e+00  0.0000e+00  0.0000e+00  0.0000e+00
  0.0000e+00  0.0000e+00  0.0000e+00  0.0000e+00  0.0000e+00  0.0000e+00  0.0000e+00  0.0000e+00
  0.0000e+00  0.0000e+00  0.0000e+00  0.0000e+00  0.0000e+00  0.0000e+00  0.0000e+00  0.0000e+00
  0.0000e+00  0.0000e+00  0.0000e+00  0.0000e+00  0.0000e+00  0.0000e+00  0.0000e+00  0.0000e+00
  0.0000e+00  0.0000e+00  0.0000e+00  0.0000e+00  0.0000e+00  0.0000e+00  0.0000e+00  0.0000e+00
  0.0000e+00  0.0000e+00  0.0000e+00  0.0000e+00  0.0000e+00  0.0000e+00  0.0000e+00  0.0000e+00
  0.0000e+00  0.0000e+00  0.0000e+00  0.0000e+00  0.0000e+00  0.0000e+00  0.0000e+00  0.0000e+00
  0.0000e+00  0.0000e+00  0.0000e+00  0.0000e+00  0.0000e+00  0.0000e+00  0.0000e+00  0.0000e+00
  0.0000e+00  0.0000e+00  0.0000e+00  0.0000e+00  0.0000e+00  0.0000e+00  0.0000e+00  0.0000e+00
  0.0000e+00  0.0000e+00  0.0000e+00  0.0000e+00  0.0000e+00  0.0000e+00  0.0000e+00  0.0000e+00
  0.0000e+00  0.0000e+00  0.0000e+00  0.0000e+00  0.0000e+00  0.0000e+00  0.0000e+00  0.0000e+00
  0.0000e+00  0.0000e+00  0.0000e+00  0.0000e+00  0.0000e+00  0.0000e+00  0.0000e+00  0.0000e+00
  0.0000e+00  0.0000e+00  0.0000e+00  0.0000e+00  0.0000e+00  0.0000e+00  0.0000e+00  0.0000e+00
  0.0000e+00  0.0000e+00  0.0000e+00  0.0000e+00  0.0000e+00  0.0000e+00  0.0000e+00  0.0000e+00
  0.0000e+00  0.0000e+00  0.0000e+00  0.0000e+00  0.0000e+00  0.0000e+00  0.0000e+00  0.0000e+00
  0.0000e+00  0.0000e+00  0.0000e+00  0.0000e+00  0.0000e+00  0.0000e+00  0.0000e+00  0.0000e+00
  0.0000e+00  0.0000e+00  0.0000e+00  0.0000e+00  0.0000e+00  0.0000e+00  0.0000e+00  0.0000e+00
  0.0000e+00  0.0000e+00  0.0000e+00  0.0000e+00  0.0000e+00  0.0000e+00  0.0000e+00  0.0000e+00
  0.0000e+00  0.0000e+00  0.0000e+00  0.0000e+00  0.0000e+00  0.0000e+00  0.0000e+00  0.0000e+00
  0.0000e+00  0.0000e+00  0.0000e+00  0.0000e+00  0.0000e+00  0.0000e+00  0.0000e+00  0.0000e+00
  0.0000e+00  0.0000e+00  0.0000e+00  0.0000e+00  0.0000e+00  0.0000e+00  0.0000e+00  0.0000e+00
  0.0000e+00  0.0000e+00  0.0000e+00  0.0000e+00  0.0000e+00  0.0000e+00  0.0000e+00  0.0000e+00
  0.0000e+00  0.0000e+00  0.0000e+00  0.0000e+00  0.0000e+00  0.0000e+00  0.0000e+00  0.0000e+00
  0.0000e+00  0.0000e+00  0.0000e+00  0.0000e+00  0.0000e+00  0.0000e+00  0.0000e+00  0.0000e+00
  0.0000e+00  0.0000e+00  0.0000e+00  0.0000e+00  0.0000e+00  0.0000e+00  0.0000e+00  0.0000e+00
  0.0000e+00  0.0000e+00  0.0000e+00  0.0000e+00  0.0000e+00  0.0000e+00  0.0000e+00  0.0000e+00
  0.0000e+00  0.0000e+00  0.0000e+00  0.0000e+00  0.0000e+00  0.0000e+00  0.0000e+00  0.0000e+00
  0.0000e+00  0.0000e+00  0.0000e+00  0.0000e+00  0.0000e+00  0.0000e+00  0.0000e+00  0.0000e+00
  0.0000e+00  0.0000e+00  0.0000e+00  0.0000e+00  0.0000e+00  0.0000e+00  0.0000e+00  0.0000e+00
  0.0000e+00  0.0000e+00  0.0000e+00  0.0000e+00  0.0000e+00  0.0000e+00  0.0000e+00  0.0000e+00
  0.0000e+00  0.0000e+00  0.0000e+00  0.0000e+00  0.0000e+00  0.0000e+00  0.0000e+00  0.0000e+00
  0.0000e+00  0.0000e+00  0.0000e+00  0.0000e+00  0.0000e+00  0.0000e+00  0.0000e+00  0.0000e+00
  0.0000e+00  0.0000e+00  0.0000e+00  0.0000e+00  0.0000e+00  0.0000e+00  0.0000e+00  0.0000e+00
  0.0000e+00  0.0000e+00  0.0000e+00  0.0000e+00  0.0000e+00  0.0000e+00  0.0000e+00  0.0000e+00
  0.0000e+00  0.0000e+00  0.0000e+00  0.0000e+00  0.0000e+00  0.0000e+00  0.0000e+00  0.0000e+00
  0.0000e+00  0.0000e+00  0.0000e+00  0.0000e+00  0.0000e+00  0.0000e+00  0.0000e+00  0.0000e+00
  0.0000e+00  0.0000e+00  0.0000e+00  0.0000e+00  0.0000e+00  0.0000e+00  0.0000e+00  0.0000e+00
  0.0000e+00  0.0000e+00  0.0000e+00  0.0000e+00  0.0000e+00  0.0000e+00  0.0000e+00  0.0000e+00
  0.0000e+00  0.0000e+00  0.0000e+00  0.0000e+00  0.0000e+00  0.0000e+00  0.0000e+00  0.0000e+00
  0.0000e+00  0.0000e+00  0.0000e+00  0.0000e+00  0.0000e+00  0.0000e+00  0.0000e+00  0.0000e+00
  0.0000e+00  0.0000e+00  0.0000e+00  0.0000e+00  0.0000e+00  0.0000e+00  0.0000e+00  0.0000e+00
  0.0000e+00  0.0000e+00  0.0000e+00  0.0000e+00  0.0000e+00  0.0000e+00  0.0000e+00  0.0000e+00
  0.0000e+00  0.0000e+00  0.0000e+00  0.0000e+00  0.0000e+00  0.0000e+00  0.0000e+00  0.0000e+00
  0.0000e+00  0.0000e+00  0.0000e+00  0.0000e+00  0.0000e+00  0.0000e+00  0.0000e+00  0.0000e+00
  0.0000e+00  0.0000e+00  0.0000e+00  0.0000e+00  0.0000e+00  0.0000e+00  0.0000e+00  0.0000e+00
  0.0000e+00  0.0000e+00  0.0000e+00  0.0000e+00  0.0000e+00  0.0000e+00  0.0000e+00  0.0000e+00
  0.0000e+00  0.0000e+00  0.0000e+00  0.0000e+00  0.0000e+00  0.0000e+00  0.0000e+00  0.0000e+00
  0.0000e+00  0.0000e+00  0.0000e+00  0.0000e+00  0.0000e+00  0.0000e+00  0.0000e+00  0.0000e+00
  0.0000e+00  0.0000e+00  0.0000e+00  0.0000e+00  0.0000e+00  0.0000e+00  0.0000e+00  0.0000e+00
  0.0000e+00  0.0000e+00  0.0000e+00  0.0000e+00  0.0000e+00  0.0000e+00  0.0000e+00  0.0000e+00
  0.0000e+00  0.0000e+00  0.0000e+00  0.0000e+00  0.0000e+00  0.0000e+00  0.0000e+00  0.0000e+00
  0.0000e+00  0.0000e+00  0.0000e+00  0.0000e+00  0.0000e+00  0.0000e+00  0.0000e+00  0.0000e+00
  0.0000e+00  0.0000e+00  0.0000e+00  0.0000e+00  0.0000e+00  0.0000e+00  0.0000e+00  0.0000e+00
  0.0000e+00  0.0000e+00  0.0000e+00  0.0000e+00  0.0000e+00  0.0000e+00  0.0000e+00  0.0000e+00
  0.0000e+00  0.0000e+00  0.0000e+00  0.0000e+00  0.0000e+00  0.0000e+00  0.0000e+00  0.0000e+00
  0.0000e+00  0.0000e+00  0.0000e+00  0.0000e+00  0.0000e+00  0.0000e+00  0.0000e+00  0.0000e+00
  0.0000e+00  0.0000e+00  0.0000e+00  0.0000e+00  0.0000e+00  0.0000e+00  0.0000e+00  0.0000e+00
  0.0000e+00  0.0000e+00  0.0000e+00  0.0000e+00  0.0000e+00  0.0000e+00  0.0000e+00  0.0000e+00
  0.0000e+00  0.0000e+00  0.0000e+00  0.0000e+00  0.0000e+00  0.0000e+00  0.0000e+00  0.0000e+00
  0.0000e+00  0.0000e+00  0.0000e+00  0.0000e+00  0.0000e+00  0.0000e+00  0.0000e+00  0.0000e+00
  0.0000e+00  0.0000e+00  0.0000e+00  0.0000e+00  0.0000e+00  0.0000e+00  0.0000e+00  0.0000e+00
  0.0000e+00  0.0000e+00  0.0000e+00  0.0000e+00  0.0000e+00  0.0000e+00  0.0000e+00  0.0000e+00
  0.0000e+00  0.0000e+00  0.0000e+00  0.0000e+00  0.0000e+00  0.0000e+00  0.0000e+00  0.0000e+00
  0.0000e+00  0.0000e+00  0.0000e+00  0.0000e+00  0.0000e+00  0.0000e+00  0.0000e+00  0.0000e+00
  0.0000e+00  0.0000e+00  0.0000e+00  0.0000e+00  0.0000e+00  0.0000e+00  0.0000e+00  0.0000e+00
  0.0000e+00  0.0000e+00  0.0000e+00  0.0000e+00  0.0000e+00  0.0000e+00  0.0000e+00  0.0000e+00
  0.0000e+00  0.0000e+00  0.0000e+00  0.0000e+00  0.0000e+00  0.0000e+00  0.0000e+00  0.0000e+00
  0.0000e+00  0.0000e+00  0.0000e+00  0.0000e+00  0.0000e+00  0.0000e+00  0.0000e+00  0.0000e+00
  0.0000e+00  0.0000e+00  0.0000e+00  0.0000e+00  0.0000e+00  0.0000e+00  0.0000e+00  0.0000e+00
  0.0000e+00  0.0000e+00  0.0000e+00  0.0000e+00  0.0000e+00  0.0000e+00  0.0000e+00  0.0000e+00
  0.0000e+00  0.0000e+00  0.0000e+00  0.0000e+00  0.0000e+00  0.0000e+00  0.0000e+00  0.0000e+00
  0.0000e+00  0.0000e+00  0.0000e+00  0.0000e+00  0.0000e+00  0.0000e+00  0.0000e+00  0.0000e+00
  0.0000e+00  0.0000e+00  0.0000e+00  0.0000e+00  0.0000e+00  0.0000e+00  0.0000e+00  0.0000e+00
  0.0000e+00  0.0000e+00  0.0000e+00  0.0000e+00  0.0000e+00  0.0000e+00  0.0000e+00  0.0000e+00
  0.0000e+00  0.0000e+00  0.0000e+00  0.0000e+00  0.0000e+00  0.0000e+00  0.0000e+00  0.0000e+00
  0.0000e+00  0.0000e+00  0.0000e+00  0.0000e+00  0.0000e+00  0.0000e+00  0.0000e+00  0.0000e+00
  0.0000e+00  0.0000e+00  0.0000e+00  0.0000e+00  0.0000e+00  0.0000e+00  0.0000e+00  0.0000e+00
  0.0000e+00  0.0000e+00  0.0000e+00  0.0000e+00  0.0000e+00  0.0000e+00  0.0000e+00  0.0000e+00
  0.0000e+00  0.0000e+00  0.0000e+00  0.0000e+00  0.0000e+00  0.0000e+00  0.0000e+00  0.0000e+00
  0.0000e+00  0.0000e+00  0.0000e+00  0.0000e+00  0.0000e+00  0.0000e+00  0.0000e+00  0.0000e+00
  0.0000e+00  0.0000e+00  0.0000e+00  0.0000e+00  0.0000e+00  0.0000e+00  0.0000e+00  0.0000e+00
  0.0000e+00  0.0000e+00  0.0000e+00  0.0000e+00  0.0000e+00  0.0000e+00  0.0000e+00  0.0000e+00
  0.0000e+00  0.0000e+00  0.0000e+00  0.0000e+00  0.0000e+00  0.0000e+00  0.0000e+00  0.0000e+00
  0.0000e+00  0.0000e+00  0.0000e+00  0.0000e+00  0.0000e+00  0.0000e+00  0.0000e+00  0.0000e+00
  0.0000e+00  0.0000e+00  0.0000e+00  0.0000e+00  0.0000e+00  0.0000e+00  0.0000e+00  0.0000e+00
  0.0000e+00  0.0000e+00  0.0000e+00  0.0000e+00  0.0000e+00  0.0000e+00  0.0000e+00  0.0000e+00
  0.0000e+00  0.0000e+00  0.0000e+00  0.0000e+00  0.0000e+00  0.0000e+00  0.0000e+00  0.0000e+00
  0.0000e+00  0.0000e+00  0.0000e+00  0.0000e+00  0.0000e+00  0.0000e+00  0.0000e+00  0.0000e+00
  0.0000e+00  0.0000e+00  0.0000e+00  0.0000e+00  0.0000e+00  0.0000e+00  0.0000e+00  0.0000e+00
  0.0000e+00  0.0000e+00  0.0000e+00  0.0000e+00  0.0000e+00  0.0000e+00  0.0000e+00  0.0000e+00
  0.0000e+00  0.0000e+00  0.0000e+00  0.0000e+00  0.0000e+00  0.0000e+00  0.0000e+00  0.0000e+00
  0.0000e+00  0.0000e+00  0.0000e+00  0.0000e+00  0.0000e+00  0.0000e+00  0.0000e+00  0.0000e+00
  0.0000e+00  0.0000e+00  0.0000e+00  0.0000e+00  0.0000e+00  0.0000e+00  0.0000e+00  0.0000e+00
  0.0000e+00  0.0000e+00  0.0000e+00  0.0000e+00  0.0000e+00  0.0000e+00  0.0000e+00  0.0000e+00
  0.0000e+00  0.0000e+00  0.0000e+00  0.0000e+00  0.0000e+00  0.0000e+00  0.0000e+00  0.0000e+00
  0.0000e+00  0.0000e+00  0.0000e+00  0.0000e+00  0.0000e+00  0.0000e+00  0.0000e+00  0.0000e+00
  0.0000e+00  0.0000e+00  0.0000e+00  0.0000e+00  0.0000e+00  0.0000e+00  0.0000e+00  0.0000e+00
  0.0000e+00  0.0000e+00  0.0000e+00  0.0000e+00  0.0000e+00  0.0000e+00  0.0000e+00  0.0000e+00
  0.0000e+00  0.0000e+00  0.0000e+00  0.0000e+00  0.0000e+00  0.0000e+00  0.0000e+00  0.0000e+00
  0.0000e+00  0.0000e+00  0.0000e+00  0.0000e+00  0.0000e+00  0.0000e+00  0.0000e+00  0.0000e+00
  0.0000e+00  0.0000e+00  0.0000e+00  0.0000e+00  0.0000e+00  0.0000e+00  0.0000e+00  0.0000e+00
  0.0000e+00  0.0000e+00  0.0000e+00  0.0000e+00  0.0000e+00  0.0000e+00  0.0000e+00  0.0000e+00
  0.0000e+00  0.0000e+00  0.0000e+00  0.0000e+00  0.0000e+00  0.0000e+00  0.0000e+00  0.0000e+00
  0.0000e+00  0.0000e+00  0.0000e+00  0.0000e+00  0.0000e+00  0.0000e+00  0.0000e+00  0.0000e+00
  0.0000e+00  0.0000e+00  0.0000e+00  0.0000e+00  0.0000e+00  0.0000e+00  0.0000e+00  0.0000e+00
  0.0000e+00  0.0000e+00  0.0000e+00  0.0000e+00  0.0000e+00  0.0000e+00  0.0000e+00  0.0000e+00
  0.0000e+00  0.0000e+00  0.0000e+00  0.0000e+00  0.0000e+00  0.0000e+00  0.0000e+00  0.0000e+00
  0.0000e+00  0.0000e+00  0.0000e+00  0.0000e+00  0.0000e+00  0.0000e+00  0.0000e+00  0.0000e+00
  0.0000e+00  0.0000e+00  0.0000e+00  0.0000e+00  0.0000e+00  0.0000e+00  0.0000e+00  0.0000e+00
  0.0000e+00  0.0000e+00  0.0000e+00  0.0000e+00  0.0000e+00  0.0000e+00  0.0000e+00  0.0000e+00
  0.0000e+00  0.0000e+00  0.0000e+00  0.0000e+00  0.0000e+00  0.0000e+00  0.0000e+00  0.0000e+00
  0.0000e+00  0.0000e+00  0.0000e+00  0.0000e+00  0.0000e+00  0.0000e+00  0.0000e+00  0.0000e+00
  0.0000e+00  0.0000e+00  0.0000e+00  0.0000e+00  0.0000e+00  0.0000e+00  0.0000e+00  0.0000e+00
  0.0000e+00  0.0000e+00  0.0000e+00  0.0000e+00  0.0000e+00  0.0000e+00  0.0000e+00  0.0000e+00
  0.0000e+00  0.0000e+00  0.0000e+00  0.0000e+00  0.0000e+00  0.0000e+00  0.0000e+00  0.0000e+00
  0.0000e+00  0.0000e+00  0.0000e+00  0.0000e+00  0.0000e+00  0.0000e+00  0.0000e+00  0.0000e+00
  0.0000e+00  0.0000e+00  0.0000e+00  0.0000e+00  0.0000e+00  0.0000e+00  0.0000e+00  0.0000e+00
  0.0000e+00  0.0000e+00  0.0000e+00  0.0000e+00  0.0000e+00  0.0000e+00  0.0000e+00  0.0000e+00
  0.0000e+00  0.0000e+00  0.0000e+00  0.0000e+00  0.0000e+00  0.0000e+00  0.0000e+00  0.0000e+00
  0.0000e+00  0.0000e+00  0.0000e+00  0.0000e+00  0.0000e+00  0.0000e+00  0.0000e+00  0.0000e+00
  0.0000e+00  0.0000e+00  0.0000e+00  0.0000e+00  0.0000e+00  0.0000e+00  0.0000e+00  0.0000e+00
  0.0000e+00  0.0000e+00  0.0000e+00  0.0000e+00  0.0000e+00  0.0000e+00  0.0000e+00  0.0000e+00
  0.0000e+00  0.0000e+00  0.0000e+00  0.0000e+00  0.0000e+00  0.0000e+00  0.0000e+00  0.0000e+00
  0.0000e+00  0.0000e+00  0.0000e+00  0.0000e+00  0.0000e+00  0.0000e+00  0.0000e+00  0.0000e+00
  0.0000e+00  0.0000e+00  0.0000e+00  0.0000e+00  0.0000e+00  0.0000e+00  0.0000e+00  0.0000e+00
  0.0000e+00  0.0000e+00  0.0000e+00  0.0000e+00  0.0000e+00  0.0000e+00  0.0000e+00  0.0000e+00
  0.0000e+00  0.0000e+00  0.0000e+00  0.0000e+00  0.0000e+00  0.0000e+00  0.0000e+00  0.0000e+00
  0.0000e+00  0.0000e+00  0.0000e+00  0.0000e+00  0.0000e+00  0.0000e+00  0.0000e+00  0.0000e+00
  0.0000e+00  0.0000e+00  0.0000e+00  0.0000e+00  0.0000e+00  0.0000e+00  0.0000e+00  0.0000e+00
  0.0000e+00  0.0000e+00  0.0000e+00  0.0000e+00  0.0000e+00  0.0000e+00  0.0000e+00  0.0000e+00
  0.0000e+00  0.0000e+00  0.0000e+00  0.0000e+00  0.0000e+00  0.0000e+00  0.0000e+00  0.0000e+00
  0.0000e+00  0.0000e+00  0.0000e+00  0.0000e+00  0.0000e+00  0.0000e+00  0.0000e+00  0.0000e+00
  0.0000e+00  0.0000e+00  0.0000e+00  0.0000e+00  0.0000e+00  0.0000e+00  0.0000e+00  0.0000e+00
  0.0000e+00  0.0000e+00  0.0000e+00  0.0000e+00  0.0000e+00  0.0000e+00  0.0000e+00  0.0000e+00
  0.0000e+00  0.0000e+00  0.0000e+00  0.0000e+00  0.0000e+00  0.0000e+00  0.0000e+00  0.0000e+00
  0.0000e+00  0.0000e+00  0.0000e+00  0.0000e+00  0.0000e+00  0.0000e+00  0.0000e+00  0.0000e+00
  0.0000e+00  0.0000e+00  0.0000e+00  0.0000e+00  0.0000e+00  0.0000e+00  0.0000e+00  0.0000e+00
  0.0000e+00  0.0000e+00  0.0000e+00  0.0000e+00  0.0000e+00  0.0000e+00  0.0000e+00  0.0000e+00
  0.0000e+00  0.0000e+00  0.0000e+00  0.0000e+00  0.0000e+00  0.0000e+00  0.0000e+00  0.0000e+00
  0.0000e+00  0.0000e+00  0.0000e+00  0.0000e+00  0.0000e+00  0.0000e+00  0.0000e+00  0.0000e+00
  0.0000e+00  0.0000e+00  0.0000e+00  0.0000e+00  0.0000e+00  0.0000e+00  0.0000e+00  0.0000e+00
  0.0000e+00  0.0000e+00  0.0000e+00  0.0000e+00  0.0000e+00  0.0000e+00  0.0000e+00  0.0000e+00
  0.0000e+00  0.0000e+00  0.0000e+00  0.0000e+00  0.0000e+00  0.0000e+00  0.0000e+00  0.0000e+00
  0.0000e+00  0.0000e+00  0.0000e+00  0.0000e+00  0.0000e+00  0.0000e+00  0.0000e+00  0.0000e+00
  0.0000e+00  0.0000e+00  0.0000e+00  0.0000e+00  0.0000e+00  0.0000e+00  0.0000e+00  0.0000e+00
  0.0000e+00  0.0000e+00  0.0000e+00  0.0000e+00  0.0000e+00  0.0000e+00  0.0000e+00  0.0000e+00
  0.0000e+00  0.0000e+00  0.0000e+00  0.0000e+00  0.0000e+00  0.0000e+00  0.0000e+00  0.0000e+00
  0.0000e+00  0.0000e+00  0.0000e+00  0.0000e+00  0.0000e+00  0.0000e+00  0.0000e+00  0.0000e+00
  0.0000e+00  0.0000e+00  0.0000e+00  0.0000e+00  0.0000e+00  0.0000e+00  0.0000e+00  0.0000e+00
  0.0000e+00  0.0000e+00  0.0000e+00  0.0000e+00  0.0000e+00  0.0000e+00  0.0000e+00  0.0000e+00
  0.0000e+00  0.0000e+00  0.0000e+00  0.0000e+00  0.0000e+00  0.0000e+00  0.0000e+00  0.0000e+00
  0.0000e+00  0.0000e+00  0.0000e+00  0.0000e+00  0.0000e+00  0.0000e+00  0.0000e+00  0.0000e+00
  0.0000e+00  0.0000e+00  0.0000e+00  0.0000e+00  0.0000e+00  0.0000e+00  0.0000e+00  0.0000e+00
  0.0000e+00  0.0000e+00  0.0000e+00  0.0000e+00  0.0000e+00  0.0000e+00  0.0000e+00  0.0000e+00
  0.0000e+00  0.0000e+00  0.0000e+00  0.0000e+00  0.0000e+00  0.0000e+00  0.0000e+00  0.0000e+00
  0.0000e+00  0.0000e+00  0.0000e+00  0.0000e+00  0.0000e+00  0.0000e+00  0.0000e+00  0.0000e+00
  0.0000e+00  0.0000e+00  0.0000e+00  0.0000e+00  0.0000e+00  0.0000e+00  0.0000e+00  0.0000e+00
  0.0000e+00  0.0000e+00  0.0000e+00  0.0000e+00  0.0000e+00  0.0000e+00  0.0000e+00  0.0000e+00
  0.0000e+00  0.0000e+00  0.0000e+00  0.0000e+00  0.0000e+00  0.0000e+00  0.0000e+00  0.0000e+00
  0.0000e+00  0.0000e+00  0.0000e+00  0.0000e+00  0.0000e+00  0.0000e+00  0.0000e+00  0.0000e+00
  0.0000e+00  0.0000e+00  0.0000e+00  0.0000e+00  0.0000e+00  0.0000e+00  0.0000e+00  0.0000e+00
  0.0000e+00  0.0000e+00  0.0000e+00  0.0000e+00  0.0000e+00  0.0000e+00  0.0000e+00  0.0000e+00
  0.0000e+00  0.0000e+00  0.0000e+00  0.0000e+00  0.0000e+00  0.0000e+00  0.0000e+00  0.0000e+00
  0.0000e+00  0.0000e+00  0.0000e+00  0.0000e+00  0.0000e+00  0.0000e+00  0.0000e+00  0.0000e+00
  0.0000e+00  0.0000e+00  0.0000e+00  0.0000e+00  0.0000e+00  0.0000e+00  0.0000e+00  0.0000e+00
  0.0000e+00  0.0000e+00  0.0000e+00  0.0000e+00  0.0000e+00  0.0000e+00  0.0000e+00  0.0000e+00
  0.0000e+00  0.0000e+00  0.0000e+00  0.0000e+00  0.0000e+00  0.0000e+00  0.0000e+00  0.0000e+00
  0.0000e+00  0.0000e+00  0.0000e+00  0.0000e+00  0.0000e+00  0.0000e+00  0.0000e+00  0.0000e+00
  0.0000e+00  0.0000e+00  0.0000e+00  0.0000e+00  0.0000e+00  0.0000e+00  0.0000e+00  0.0000e+00
  0.0000e+00  0.0000e+00  0.0000e+00  0.0000e+00  0.0000e+00  0.0000e+00  0.0000e+00  0.0000e+00
  0.0000e+00  0.0000e+00  0.0000e+00  0.0000e+00  0.0000e+00  0.0000e+00  0.0000e+00  0.0000e+00
  0.0000e+00  0.0000e+00  0.0000e+00  0.0000e+00  0.0000e+00  0.0000e+00  0.0000e+00  0.0000e+00
  0.0000e+00  0.0000e+00  0.0000e+00  0.0000e+00  0.0000e+00  0.0000e+00  0.0000e+00  0.0000e+00
  0.0000e+00  0.0000e+00  0.0000e+00  0.0000e+00  0.0000e+00  0.0000e+00  0.0000e+00  0.0000e+00
  0.0000e+00  0.0000e+00  0.0000e+00  0.0000e+00  0.0000e+00  0.0000e+00  0.0000e+00  0.0000e+00
  0.0000e+00  0.0000e+00  0.0000e+00  0.0000e+00  0.0000e+00  0.0000e+00  0.0000e+00  0.0000e+00
  0.0000e+00  0.0000e+00  0.0000e+00  0.0000e+00  0.0000e+00  0.0000e+00  0.0000e+00  0.0000e+00
  0.0000e+00  0.0000e+00  0.0000e+00  0.0000e+00  0.0000e+00  0.0000e+00  0.0000e+00  0.0000e+00
  0.0000e+00  0.0000e+00  0.0000e+00  0.0000e+00  0.0000e+00  0.0000e+00  0.0000e+00  0.0000e+00
  0.0000e+00  0.0000e+00  0.0000e+00  0.0000e+00  0.0000e+00  0.0000e+00  0.0000e+00  0.0000e+00
  0.0000e+00  0.0000e+00  0.0000e+00  0.0000e+00  0.0000e+00  0.0000e+00  0.0000e+00  0.0000e+00
  0.0000e+00  0.0000e+00  0.0000e+00  0.0000e+00  0.0000e+00  0.0000e+00  0.0000e+00  0.0000e+00
  0.0000e+00  0.0000e+00  0.0000e+00  0.0000e+00  0.0000e+00  0.0000e+00  0.0000e+00  0.0000e+00
  0.0000e+00  0.0000e+00  0.0000e+00  0.0000e+00  0.0000e+00  0.0000e+00  0.0000e+00  0.0000e+00
  0.0000e+00  0.0000e+00  0.0000e+00  0.0000e+00  0.0000e+00  0.0000e+00  0.0000e+00  0.0000e+00
  0.0000e+00  0.0000e+00  0.0000e+00  0.0000e+00  0.0000e+00  0.0000e+00  0.0000e+00  0.0000e+00
  0.0000e+00  0.0000e+00  0.0000e+00  0.0000e+00  0.0000e+00  0.0000e+00  0.0000e+00  0.0000e+00
  0.0000e+00  0.0000e+00  0.0000e+00  0.0000e+00  0.0000e+00  0.0000e+00  0.0000e+00  0.0000e+00
  0.0000e+00  0.0000e+00  0.0000e+00  0.0000e+00  0.0000e+00  0.0000e+00  0.0000e+00  0.0000e+00
  0.0000e+00  0.0000e+00  0.0000e+00  0.0000e+00  0.0000e+00  0.0000e+00  0.0000e+00  0.0000e+00
  0.0000e+00  0.0000e+00  0.0000e+00  0.0000e+00  0.0000e+00  0.0000e+00  0.0000e+00  0.0000e+00
  0.0000e+00  0.0000e+00  0.0000e+00  0.0000e+00  0.0000e+00  0.0000e+00  0.0000e+00  0.0000e+00
  0.0000e+00  0.0000e+00  0.0000e+00  0.0000e+00  0.0000e+00  0.0000e+00  0.0000e+00  0.0000e+00
  0.0000e+00  0.0000e+00  0.0000e+00  0.0000e+00  0.0000e+00  0.0000e+00  0.0000e+00  0.0000e+00
  0.0000e+00  0.0000e+00  0.0000e+00  0.0000e+00  0.0000e+00  0.0000e+00  0.0000e+00  0.0000e+00
  0.0000e+00  0.0000e+00  0.0000e+00  0.0000e+00  0.0000e+00  0.0000e+00  0.0000e+00  0.0000e+00
  0.0000e+00  0.0000e+00  0.0000e+00  0.0000e+00  0.0000e+00  0.0000e+00  0.0000e+00  0.0000e+00
  0.0000e+00  0.0000e+00  0.0000e+00  0.0000e+00  0.0000e+00  0.0000e+00  0.0000e+00  0.0000e+00
  0.0000e+00  0.0000e+00  0.0000e+00  0.0000e+00  0.0000e+00  0.0000e+00  0.0000e+00  0.0000e+00
  0.0000e+00  0.0000e+00  0.0000e+00  0.0000e+00  0.0000e+00  0.0000e+00  0.0000e+00  0.0000e+00
  0.0000e+00  0.0000e+00  0.0000e+00  0.0000e+00  0.0000e+00  0.0000e+00  0.0000e+00  0.0000e+00
  0.0000e+00  0.0000e+00  0.0000e+00  0.0000e+00  0.0000e+00  0.0000e+00  0.0000e+00  0.0000e+00
  0.0000e+00  0.0000e+00  0.0000e+00  0.0000e+00  0.0000e+00  0.0000e+00  0.0000e+00  0.0000e+00
  0.0000e+00  0.0000e+00  0.0000e+00  0.0000e+00  0.0000e+00  0.0000e+00  0.0000e+00  0.0000e+00
  0.0000e+00  0.0000e+00  0.0000e+00  0.0000e+00  0.0000e+00  0.0000e+00  0.0000e+00  0.0000e+00
  0.0000e+00  0.0000e+00  0.0000e+00  0.0000e+00  0.0000e+00  0.0000e+00  0.0000e+00  0.0000e+00
  0.0000e+00  0.0000e+00  0.0000e+00  0.0000e+00  0.0000e+00  0.0000e+00  0.0000e+00  0.0000e+00
  0.0000e+00  0.0000e+00  0.0000e+00  0.0000e+00  0.0000e+00  0.0000e+00  0.0000e+00  0.0000e+00
  0.0000e+00  0.0000e+00  0.0000e+00  0.0000e+00  0.0000e+00  0.0000e+00  0.0000e+00  0.0000e+00
  0.0000e+00  0.0000e+00  0.0000e+00  0.0000e+00  0.0000e+00  0.0000e+00  0.0000e+00  0.0000e+00
  0.0000e+00  0.0000e+00  0.0000e+00  0.0000e+00  0.0000e+00  0.0000e+00  0.0000e+00  0.0000e+00
  0.0000e+00  0.0000e+00  0.0000e+00  0.0000e+00  0.0000e+00  0.0000e+00  0.0000e+00  0.0000e+00
  0.0000e+00  0.0000e+00  0.0000e+00  0.0000e+00  0.0000e+00  0.0000e+00  0.0000e+00  0.0000e+00
  0.0000e+00  0.0000e+00  0.0000e+00  0.0000e+00  0.0000e+00  0.0000e+00  0.0000e+00  0.0000e+00
  0.0000e+00  0.0000e+00  0.0000e+00  0.0000e+00  0.0000e+00  0.0000e+00  0.0000e+00  0.0000e+00
  0.0000e+00  0.0000e+00  0.0000e+00  0.0000e+00  0.0000e+00  0.0000e+00  0.0000e+00  0.0000e+00
  0.0000e+00  0.0000e+00  0.0000e+00  0.0000e+00  0.0000e+00  0.0000e+00  0.0000e+00  0.0000e+00
  0.0000e+00  0.0000e+00  0.0000e+00  0.0000e+00  0.0000e+00  0.0000e+00  0.0000e+00  0.0000e+00
  0.0000e+00  0.0000e+00  0.0000e+00  0.0000e+00  0.0000e+00  0.0000e+00  0.0000e+00  0.0000e+00
  0.0000e+00  0.0000e+00  0.0000e+00  0.0000e+00  0.0000e+00  0.0000e+00  0.0000e+00  0.0000e+00
  0.0000e+00  0.0000e+00  0.0000e+00  0.0000e+00  0.0000e+00  0.0000e+00  0.0000e+00  0.0000e+00
  0.0000e+00  0.0000e+00  0.0000e+00  0.0000e+00  0.0000e+00  0.0000e+00  0.0000e+00  0.0000e+00
  0.0000e+00  0.0000e+00  0.0000e+00  0.0000e+00  0.0000e+00  0.0000e+00  0.0000e+00  0.0000e+00
  0.0000e+00  0.0000e+00  0.0000e+00  0.0000e+00  0.0000e+00  0.0000e+00  0.0000e+00  0.0000e+00
  0.0000e+00  0.0000e+00  0.0000e+00  0.0000e+00  0.0000e+00  0.0000e+00  0.0000e+00  0.0000e+00
  0.0000e+00  0.0000e+00  0.0000e+00  0.0000e+00  0.0000e+00  0.0000e+00  0.0000e+00  0.0000e+00
  0.0000e+00  0.0000e+00  0.0000e+00  0.0000e+00  0.0000e+00  0.0000e+00  0.0000e+00  0.0000e+00
  0.0000e+00  0.0000e+00  0.0000e+00  0.0000e+00  0.0000e+00  0.0000e+00  0.0000e+00  0.0000e+00
  0.0000e+00  0.0000e+00  0.0000e+00  0.0000e+00  0.0000e+00  0.0000e+00  0.0000e+00  0.0000e+00
  0.0000e+00  0.0000e+00  0.0000e+00  0.0000e+00  0.0000e+00  0.0000e+00  0.0000e+00  0.0000e+00
  0.0000e+00  0.0000e+00  0.0000e+00  0.0000e+00  0.0000e+00  0.0000e+00  0.0000e+00  0.0000e+00
  0.0000e+00  0.0000e+00  0.0000e+00  0.0000e+00  0.0000e+00  0.0000e+00  0.0000e+00  0.0000e+00
  0.0000e+00  0.0000e+00  0.0000e+00  0.0000e+00  0.0000e+00  0.0000e+00  0.0000e+00  0.0000e+00
  0.0000e+00  0.0000e+00  0.0000e+00  0.0000e+00  0.0000e+00  0.0000e+00  0.0000e+00  0.0000e+00
  0.0000e+00  0.0000e+00  0.0000e+00  0.0000e+00  0.0000e+00  0.0000e+00  0.0000e+00  0.0000e+00
  0.0000e+00  0.0000e+00  0.0000e+00  0.0000e+00  0.0000e+00  0.0000e+00  0.0000e+00  0.0000e+00
  0.0000e+00  0.0000e+00  0.0000e+00  0.0000e+00  0.0000e+00  0.0000e+00  0.0000e+00  0.0000e+00
  0.0000e+00  0.0000e+00  0.0000e+00  0.0000e+00  0.0000e+00  0.0000e+00  0.0000e+00  0.0000e+00
  0.0000e+00  0.0000e+00  0.0000e+00  0.0000e+00  0.0000e+00  0.0000e+00  0.0000e+00  0.0000e+00
  0.0000e+00  0.0000e+00  0.0000e+00  0.0000e+00  0.0000e+00  0.0000e+00  0.0000e+00  0.0000e+00
  0.0000e+00  0.0000e+00  0.0000e+00  0.0000e+00  0.0000e+00  0.0000e+00  0.0000e+00  0.0000e+00
  0.0000e+00  0.0000e+00  0.0000e+00  0.0000e+00  0.0000e+00  0.0000e+00  0.0000e+00  0.0000e+00
  0.0000e+00  0.0000e+00  0.0000e+00  0.0000e+00  0.0000e+00  0.0000e+00  0.0000e+00  0.0000e+00
  0.0000e+00  0.0000e+00  0.0000e+00  0.0000e+00  0.0000e+00  0.0000e+00  0.0000e+00  0.0000e+00
  0.0000e+00  0.0000e+00  0.0000e+00  0.0000e+00  0.0000e+00  0.0000e+00  0.0000e+00  0.0000e+00
