  Tue 24-MAR-2015 00:02 Workspace: directbeam_new_hist
 
  175    0    0    0    1  175    0
         0         0         0         0
 3 (F12.5,2E16.6)
     0.85000    2.925364e-01    2.755698e-02
     0.95000    2.716696e-01    1.500019e-02
     1.05000    2.978589e-01    9.922835e-03
     1.15000    6.349984e-01    1.261398e-02
     1.25000    6.166097e-01    7.664883e-03
     1.35000    8.516891e-01    8.282048e-03
     1.45000    7.230229e-01    6.056417e-03
     1.55000    6.695358e-01    8.690571e-03
     1.65000    6.208574e-01    1.306176e-02
     1.75000    5.044042e-01    1.502107e-02
     1.85000    5.760449e-01    2.225411e-02
     1.95000    6.265598e-01    2.807305e-02
     2.05000    6.723293e-01    2.759796e-02
     2.15000    6.607643e-01    2.587024e-02
     2.25000    4.977530e-01    1.956579e-02
     2.35000    4.824836e-01    1.690385e-02
     2.45000    4.490306e-01    1.406112e-02
     2.55000    4.459223e-01    1.247102e-02
     2.65000    3.873780e-01    9.971786e-03
     2.75000    3.431045e-01    8.393360e-03
     2.85000    3.110370e-01    7.453057e-03
     2.95000    2.901225e-01    6.799680e-03
     3.05000    2.838862e-01    6.505651e-03
     3.15000    2.737585e-01    6.172901e-03
     3.25000    2.572425e-01    5.748804e-03
     3.35000    2.336871e-01    5.180660e-03
     3.45000    2.123871e-01    4.688947e-03
     3.55000    2.022230e-01    4.522602e-03
     3.65000    1.893011e-01    4.286388e-03
     3.75000    1.867029e-01    4.276579e-03
     3.85000    1.798484e-01    4.100305e-03
     3.95000    1.638225e-01    3.623266e-03
     4.05000    1.587256e-01    3.395569e-03
     4.15000    1.556062e-01    3.211859e-03
     4.25000    1.487695e-01    2.960225e-03
     4.35000    1.401192e-01    2.805333e-03
     4.45000    1.320227e-01    2.661141e-03
     4.55000    1.263177e-01    2.564979e-03
     4.65000    1.220431e-01    2.493919e-03
     4.75000    1.206478e-01    2.479081e-03
     4.85000    1.166271e-01    2.339946e-03
     4.95000    1.112790e-01    2.182179e-03
     5.05000    1.083937e-01    2.079005e-03
     5.15000    1.011158e-01    1.897511e-03
     5.25000    9.660793e-02    1.775815e-03
     5.35000    9.298868e-02    1.670655e-03
     5.45000    8.904170e-02    1.561094e-03
     5.55000    8.833718e-02    1.531668e-03
     5.65000    8.414929e-02    1.461894e-03
     5.75000    8.272470e-02    1.441459e-03
     5.85000    7.956729e-02    1.391290e-03
     5.95000    7.541507e-02    1.324330e-03
     6.05000    7.583092e-02    1.332002e-03
     6.15000    7.225777e-02    1.269079e-03
     6.25000    7.083102e-02    1.245326e-03
     6.35000    6.872644e-02    1.209506e-03
     6.45000    6.587578e-02    1.160475e-03
     6.55000    6.532479e-02    1.155570e-03
     6.65000    6.153196e-02    1.095673e-03
     6.75000    6.106295e-02    1.092732e-03
     6.85000    5.932159e-02    1.069327e-03
     6.95000    5.708424e-02    1.035300e-03
     7.05000    5.776635e-02    1.074267e-03
     7.15000    5.526470e-02    1.071821e-03
     7.25000    5.484376e-02    1.107113e-03
     7.35000    5.346461e-02    1.124905e-03
     7.45000    5.149624e-02    1.124811e-03
     7.55000    5.161100e-02    1.169766e-03
     7.65000    4.984896e-02    1.170254e-03
     7.75000    4.934381e-02    1.199155e-03
     7.85000    4.871267e-02    1.224679e-03
     7.95000    4.688360e-02    1.217867e-03
     8.05000    4.704338e-02    1.263221e-03
     8.15000    4.576727e-02    1.266832e-03
     8.25000    4.511699e-02    1.287099e-03
     8.35000    4.454421e-02    1.309715e-03
     8.45000    4.293344e-02    1.300026e-03
     8.55000    4.356883e-02    1.353133e-03
     8.65000    4.121949e-02    1.311025e-03
     8.75000    4.066092e-02    1.320113e-03
     8.85000    4.062409e-02    1.346155e-03
     8.95000    3.914761e-02    1.324210e-03
     9.05000    3.966587e-02    1.368265e-03
     9.15000    3.925891e-02    1.378497e-03
     9.25000    3.863383e-02    1.382010e-03
     9.35000    3.742798e-02    1.369486e-03
     9.45000    3.594083e-02    1.340582e-03
     9.55000    3.563431e-02    1.355267e-03
     9.65000    3.507666e-02    1.356467e-03
     9.75000    3.446709e-02    1.355129e-03
     9.85000    3.454571e-02    1.383355e-03
     9.95000    3.304913e-02    1.348211e-03
    10.05000    3.308392e-02    1.373148e-03
    10.15000    3.285977e-02    1.384217e-03
    10.25000    3.179801e-02    1.362375e-03
    10.35000    3.187586e-02    1.391579e-03
    10.45000    3.052227e-02    1.356069e-03
    10.55000    3.021558e-02    1.373521e-03
    10.65000    2.984186e-02    1.395164e-03
    10.75000    2.940998e-02    1.412631e-03
    10.85000    3.057086e-02    1.509998e-03
    10.95000    2.826666e-02    1.442475e-03
    11.05000    2.746177e-02    1.443136e-03
    11.15000    2.791191e-02    1.501599e-03
    11.25000    2.833331e-02    1.558161e-03
    11.35000    2.736709e-02    1.550532e-03
    11.45000    2.533299e-02    1.479151e-03
    11.55000    2.721397e-02    1.618064e-03
    11.65000    2.670352e-02    1.628187e-03
    11.75000    2.608722e-02    1.628444e-03
    11.85000    2.678948e-02    1.681074e-03
    11.95000    2.568851e-02    1.622709e-03
    12.05000    2.551408e-02    1.619813e-03
    12.15000    2.599569e-02    1.656868e-03
    12.25000    2.596445e-02    1.660885e-03
    12.35000    2.572080e-02    1.660252e-03
    12.45000    2.408275e-02    1.570603e-03
    12.55000    2.341502e-02    1.538466e-03
    12.65000    2.443343e-02    1.608132e-03
    12.75000    2.529730e-02    1.663461e-03
    12.85000    2.411652e-02    1.602729e-03
    12.95000    2.272715e-02    1.528452e-03
    13.05000    2.318831e-02    1.564794e-03
    13.15000    2.385823e-02    1.613419e-03
    13.25000    2.348645e-02    1.596208e-03
    13.35000    2.333962e-02    1.599387e-03
    13.45000    2.340189e-02    1.609936e-03
    13.55000    2.293529e-02    1.590750e-03
    13.65000    2.263239e-02    1.582948e-03
    13.75000    2.277684e-02    1.596449e-03
    13.85000    2.269468e-02    1.605213e-03
    13.95000    2.191469e-02    1.567356e-03
    14.05000    2.292431e-02    1.636162e-03
    14.15000    2.200386e-02    1.582302e-03
    14.25000    2.187218e-02    1.571432e-03
    14.35000    2.175350e-02    1.604159e-03
    14.45000    2.164927e-02    1.606915e-03
    14.55000    2.156087e-02    1.611481e-03
    14.65000    2.148764e-02    1.648830e-03
    14.75000    2.142692e-02    1.637508e-03
    14.85000    2.137601e-02    1.659564e-03
    14.95000    2.133230e-02    1.654467e-03
    15.05000    2.129309e-02    1.649259e-03
    15.15000    2.125587e-02    1.704017e-03
    15.25000    2.121809e-02    1.713591e-03
    15.35000    2.117730e-02    1.762186e-03
    15.45000    2.113101e-02    1.850244e-03
    15.55000    2.107691e-02    1.755036e-03
    15.65000    2.101312e-02    1.756597e-03
    15.75000    2.093837e-02    1.757336e-03
    15.85000    2.085181e-02    1.755056e-03
    15.95000    2.075394e-02    1.751982e-03
    16.05000    2.064558e-02    1.748174e-03
    16.15000    2.052754e-02    1.743694e-03
    16.25000    2.040064e-02    1.738608e-03
    16.35000    2.026570e-02    1.732967e-03
    16.45000    2.012345e-02    1.726833e-03
    16.55000    1.997470e-02    1.720265e-03
    16.65000    1.982016e-02    1.713319e-03
    16.75000    1.966058e-02    1.706049e-03
    16.85000    1.949667e-02    1.698513e-03
    16.95000    1.932912e-02    1.690760e-03
    17.05000    1.915858e-02    1.682849e-03
    17.15000    1.898578e-02    1.674827e-03
    17.25000    1.881124e-02    1.666746e-03
    17.35000    1.863569e-02    1.658659e-03
    17.45000    1.845962e-02    1.650613e-03
    17.55000    1.828369e-02    1.642652e-03
    17.65000    1.810842e-02    1.634831e-03
    17.75000    1.793432e-02    1.627193e-03
    17.85000    1.776182e-02    1.620923e-03
    17.95000    1.759093e-02    1.614854e-03
    18.05000    1.742153e-02    1.608963e-03
    18.15000    1.725345e-02    1.603247e-03
    18.25000    1.708662e-02    1.597693e-03
