# File generated by Mantid:
# Instrument: 
# The X-axis unit is: Time-of-flight
# The Y-axis unit is: 
# Data for spectra :1
# Time-of-flight              Y                 E
     6069.90000        0.00000000        0.00000000
     6076.00000        0.00000000        0.00000000
     6082.10000        0.00000000        0.00000000
     6088.20000        0.00000000        0.00000000
     6094.30000        0.00000000        0.00000000
     6100.40000        0.00000000        0.00000000
     6106.50000        0.00000000        0.00000000
     6112.60000        0.00000000        0.00000000
     6118.70000        0.00000000        0.00000000
     6124.80000        0.00000000        0.00000000
     6130.90000        0.00000000        0.00000000
     6137.10000        0.00000000        0.00000000
     6143.20000        0.00000000        0.00000000
     6149.30000        0.00000000        0.00000000
     6155.50000        0.00000000        0.00000000
     6161.60000        0.00000000        0.00000000
     6167.80000        0.00000000        0.00000000
     6174.00000        0.00000000        0.00000000
     6180.10000        0.00000000        0.00000000
     6186.30000        0.00000000        0.00000000
     6192.50000        0.00000000        0.00000000
     6198.70000        0.00000000        0.00000000
     6204.90000        0.00000000        0.00000000
     6211.10000        0.00000000        0.00000000
     6217.30000        0.00000000        0.00000000
     6223.50000        0.00000000        0.00000000
     6229.80000        0.00000000        0.00000000
     6236.00000        0.00000000        0.00000000
     6242.20000        0.00000000        0.00000000
     6248.50000        0.00000000        0.00000000
     6254.70000        0.00000000        0.00000000
     6261.00000        0.00000000        0.00000000
     6267.20000        0.00000000        0.00000000
     6273.50000        0.00000000        0.00000000
     6279.80000        0.00000000        0.00000000
     6286.10000        0.00000000        0.00000000
     6292.30000        0.00000000        0.00000000
     6298.60000        0.00000000        0.00000000
     6304.90000        0.00000000        0.00000000
     6311.20000        0.00000000        0.00000000
     6317.60000        0.00000000        0.00000000
     6323.90000        0.00000000        0.00000000
     6330.20000        0.00000000        0.00000000
     6336.50000        0.00000000        0.00000000
     6342.90000        0.00000000        0.00000000
     6349.20000        0.00000000        0.00000000
     6355.60000        0.00000000        0.00000000
     6361.90000        0.00000000        0.00000000
     6368.30000        0.00000000        0.00000000
     6374.60000        0.00000000        0.00000000
     6381.00000        0.00000000        0.00000000
     6387.40000        0.00000000        0.00000000
     6393.80000        0.00000000        0.00000000
     6400.20000        0.00000000        0.00000000
     6406.60000        0.00000000        0.00000000
     6413.00000        0.00000000        0.00000000
     6419.40000        0.00000000        0.00000000
     6425.80000        0.00000000        0.00000000
     6432.20000        0.00000000        0.00000000
     6438.70000        0.00000000        0.00000000
     6445.10000        0.00000000        0.00000000
     6451.60000        0.00000000        0.00000000
     6458.00000        0.00000000        0.00000000
     6464.50000        0.00000000        0.00000000
     6470.90000        0.00000000        0.00000000
     6477.40000        0.00000000        0.00000000
     6483.90000        0.00000000        0.00000000
     6490.40000        0.00000000        0.00000000
     6496.90000        0.00000000        0.00000000
     6503.40000        0.00000000        0.00000000
     6509.90000        0.00000000        0.00000000
     6516.40000        0.00000000        0.00000000
     6522.90000        0.00000000        0.00000000
     6529.40000        0.00000000        0.00000000
     6535.90000        0.00000000        0.00000000
     6542.50000        0.00000000        0.00000000
     6549.00000        0.00000000        0.00000000
     6555.60000        0.00000000        0.00000000
     6562.10000        0.00000000        0.00000000
     6568.70000        0.00000000        0.00000000
     6575.30000        0.00000000        0.00000000
     6581.80000        0.00000000        0.00000000
     6588.40000        0.00000000        0.00000000
     6595.00000        0.00000000        0.00000000
     6601.60000        0.00000000        0.00000000
     6608.20000        0.00000000        0.00000000
     6614.80000        0.00000000        0.00000000
     6621.40000        0.00000000        0.00000000
     6628.00000        0.00000000        0.00000000
     6634.70000        0.00000000        0.00000000
     6641.30000        0.00000000        0.00000000
     6648.00000        0.00000000        0.00000000
     6654.60000        0.00000000        0.00000000
     6661.30000        0.00000000        0.00000000
     6667.90000        0.00000000        0.00000000
     6674.60000        0.00000000        0.00000000
     6681.30000        0.00000000        0.00000000
     6687.90000        0.00000000        0.00000000
     6694.60000        0.00000000        0.00000000
     6701.30000        0.00000000        0.00000000
     6708.00000        0.00000000        0.00000000
     6714.70000        0.00000000        0.00000000
     6721.50000        0.00000000        0.00000000
     6728.20000        0.00000000        0.00000000
     6734.90000        0.00000000        0.00000000
     6741.60000        0.00000000        0.00000000
     6748.40000        0.00000000        0.00000000
     6755.10000        0.00000000        0.00000000
     6761.90000        0.00000000        0.00000000
     6768.60000        0.00000000        0.00000000
     6775.40000        0.00000000        0.00000000
     6782.20000        0.00000000        0.00000000
     6789.00000        0.00000000        0.00000000
     6795.80000        0.00151332        0.00151446
     6802.60000        0.00000000        0.00000000
     6809.40000        0.00000000        0.00000000
     6816.20000        0.00000000        0.00000000
     6823.00000        0.00000000        0.00000000
     6829.80000        0.00000000        0.00000000
     6836.60000        0.00000000        0.00000000
     6843.50000        0.00125660        0.00125739
     6850.30000        0.00000000        0.00000000
     6857.20000        0.00000000        0.00000000
     6864.00000        0.00000000        0.00000000
     6870.90000        0.00000000        0.00000000
     6877.80000        0.00110558        0.00110619
     6884.60000        0.00000000        0.00000000
     6891.50000        0.00000000        0.00000000
     6898.40000        0.00000000        0.00000000
     6905.30000        0.00000000        0.00000000
     6912.20000        0.00000000        0.00000000
     6919.10000        0.00000000        0.00000000
     6926.10000        0.00093580        0.00093624
     6933.00000        0.00000000        0.00000000
     6939.90000        0.00178955        0.00126277
     6946.90000        0.00000000        0.00000000
     6953.80000        0.00000000        0.00000000
     6960.80000        0.00250941        0.00144891
     6967.70000        0.00000000        0.00000000
     6974.70000        0.00079987        0.00080019
     6981.70000        0.00000000        0.00000000
     6988.60000        0.00076669        0.00076699
     6995.60000        0.00000000        0.00000000
     7002.60000        0.00073378        0.00073405
     7009.60000        0.00000000        0.00000000
     7016.60000        0.00070314        0.00070338
     7023.70000        0.00068880        0.00068904
     7030.70000        0.00067422        0.00067445
     7037.70000        0.00264480        0.00132415
     7044.80000        0.00064784        0.00064805
     7051.80000        0.00190549        0.00109988
     7058.80000        0.00062197        0.00062216
     7065.90000        0.00182826        0.00105527
     7073.00000        0.00119531        0.00084320
     7080.00000        0.00000000        0.00000000
     7087.10000        0.00115048        0.00081156
     7094.20000        0.00112829        0.00079589
     7101.30000        0.00055396        0.00055411
     7108.40000        0.00108743        0.00076706
     7115.50000        0.00106775        0.00075317
     7122.60000        0.00157035        0.00090628
     7129.80000        0.00051406        0.00051419
     7136.90000        0.00050487        0.00050500
     7144.00000        0.00049552        0.00049564
     7151.20000        0.00000000        0.00000000
     7158.30000        0.00047767        0.00047778
     7165.50000        0.00000000        0.00000000
     7172.60000        0.00092094        0.00064956
     7179.80000        0.00090490        0.00063824
     7187.00000        0.00177881        0.00089019
     7194.20000        0.00043681        0.00043691
     7201.40000        0.00085970        0.00060635
     7208.60000        0.00084509        0.00059604
     7215.80000        0.00041542        0.00041551
     7223.00000        0.00040828        0.00040836
     7230.20000        0.00120429        0.00069489
     7237.50000        0.00118371        0.00068301
     7244.70000        0.00116297        0.00067104
     7251.90000        0.00190462        0.00085408
     7259.20000        0.00112435        0.00064874
     7266.50000        0.00073708        0.00051984
     7273.70000        0.00072419        0.00051074
     7281.00000        0.00106918        0.00061689
     7288.30000        0.00070168        0.00049486
     7295.60000        0.00207154        0.00084675
     7302.90000        0.00101906        0.00058796
     7310.20000        0.00033438        0.00033444
     7317.50000        0.00197388        0.00080680
     7324.80000        0.00161744        0.00072520
     7332.10000        0.00254915        0.00090291
     7339.50000        0.00313962        0.00099368
     7346.80000        0.00185351        0.00075755
     7354.10000        0.00182582        0.00074622
     7361.50000        0.00239916        0.00084972
     7368.90000        0.00177279        0.00072453
     7376.20000        0.00174698        0.00071397
     7383.60000        0.00258109        0.00086147
     7391.00000        0.00169310        0.00069193
     7398.40000        0.00250306        0.00083540
     7405.80000        0.00547585        0.00122720
     7413.20000        0.00350470        0.00097493
     7420.60000        0.00478367        0.00112952
     7428.00000        0.00314498        0.00090823
     7435.40000        0.00335831        0.00093414
     7442.90000        0.00305406        0.00088193
     7450.30000        0.00426257        0.00103525
     7457.80000        0.00395609        0.00099098
     7465.20000        0.00316895        0.00088138
     7472.70000        0.00360265        0.00093116
     7480.20000        0.00449683        0.00103422
     7487.70000        0.00419982        0.00099137
     7495.10000        0.00529698        0.00110837
     7502.60000        0.00590037        0.00116079
     7510.10000        0.00357854        0.00089623
     7517.60000        0.00352998        0.00088405
     7525.20000        0.00348303        0.00087227
     7532.70000        0.00730068        0.00125641
     7540.20000        0.00995805        0.00146066
     7547.80000        0.01003638        0.00145625
     7555.30000        0.00825168        0.00130914
     7562.90000        0.00569859        0.00107969
     7570.40000        0.00763328        0.00124212
     7578.00000        0.00415957        0.00090907
     7585.60000        0.00586487        0.00107445
     7593.20000        0.00540165        0.00102328
     7600.80000        0.00590465        0.00106406
     7608.40000        0.00676959        0.00113208
     7616.00000        0.00853511        0.00126336
     7623.60000        0.01373576        0.00159688
     7631.20000        0.01338640        0.00156610
     7638.80000        0.01017566        0.00135467
     7646.50000        0.01074966        0.00138369
     7654.10000        0.00940079        0.00128555
     7661.80000        0.00670460        0.00107633
     7669.40000        0.00627991        0.00103518
     7677.10000        0.00871153        0.00121314
     7684.80000        0.00744836        0.00111476
     7692.50000        0.00604891        0.00099699
     7700.20000        0.00645943        0.00102388
     7707.90000        0.00686561        0.00105099
     7715.60000        0.00740776        0.00108521
     7723.30000        0.00684985        0.00103568
     7731.00000        0.00799791        0.00111337
     7738.70000        0.00622240        0.00097432
     7746.50000        0.01108747        0.00129567
     7754.20000        0.01420791        0.00146065
     7762.00000        0.01739995        0.00160905
     7769.80000        0.02297887        0.00184323
     7777.50000        0.01772289        0.00160624
     7785.30000        0.01440881        0.00143700
     7793.10000        0.00852098        0.00109560
     7800.90000        0.01008301        0.00118551
     7808.70000        0.00723283        0.00099708
     7816.50000        0.00930371        0.00112569
     7824.30000        0.00946162        0.00112870
     7832.10000        0.00737930        0.00098930
     7840.00000        0.00911589        0.00109495
     7847.80000        0.01041921        0.00116371
     7855.70000        0.01016997        0.00114226
     7863.50000        0.01118624        0.00119186
     7871.40000        0.01093752        0.00117220
     7879.20000        0.00934292        0.00107697
     7887.10000        0.01045326        0.00113264
     7895.00000        0.00733270        0.00094226
     7902.90000        0.00808379        0.00098471
     7910.80000        0.00905254        0.00103571
     7918.70000        0.01093087        0.00113411
     7926.60000        0.00942951        0.00104674
     7934.60000        0.01058213        0.00110269
     7942.50000        0.01024925        0.00107997
     7950.40000        0.01025264        0.00107419
     7958.40000        0.01125194        0.00112041
     7966.40000        0.01004137        0.00105195
     7974.30000        0.01199313        0.00114561
     7982.30000        0.00994046        0.00103550
     7990.30000        0.01396471        0.00122402
     7998.30000        0.01403303        0.00122118
     8006.30000        0.01440653        0.00123074
     8014.30000        0.02072858        0.00147323
     8022.30000        0.02123725        0.00148485
     8030.30000        0.01599678        0.00127878
     8038.30000        0.01424629        0.00119996
     8046.40000        0.01035442        0.00101600
     8054.40000        0.01396007        0.00117569
     8062.50000        0.01188601        0.00107802
     8070.50000        0.01119382        0.00104096
     8078.60000        0.01128219        0.00104018
     8086.70000        0.01220165        0.00107650
     8094.80000        0.01607837        0.00123193
     8102.90000        0.01859301        0.00132006
     8111.00000        0.03263267        0.00175253
     8119.10000        0.03548597        0.00182114
     8127.20000        0.03004829        0.00166369
     8135.30000        0.02392239        0.00147303
     8143.50000        0.01615864        0.00120041
     8151.60000        0.01627361        0.00119927
     8159.80000        0.01785884        0.00125252
     8167.90000        0.01376692        0.00109255
     8176.10000        0.01296325        0.00105484
     8184.30000        0.01326416        0.00106223
     8192.50000        0.01289153        0.00104213
     8200.70000        0.01327299        0.00105309
     8208.90000        0.01290797        0.00103353
     8217.10000        0.01368909        0.00106019
     8225.30000        0.01429133        0.00107867
     8233.50000        0.01186230        0.00097782
     8241.70000        0.01460546        0.00108151
     8250.00000        0.01409421        0.00105818
     8258.20000        0.01553012        0.00110647
     8266.50000        0.01717525        0.00115973
     8274.80000        0.01993614        0.00124660
     8283.00000        0.02498826        0.00139295
     8291.30000        0.02822802        0.00147610
     8299.60000        0.02671767        0.00142902
     8307.90000        0.02206447        0.00128990
     8316.20000        0.01801287        0.00115844
     8324.50000        0.01779592        0.00114683
     8332.90000        0.01542053        0.00106231
     8341.20000        0.01379833        0.00099988
     8349.50000        0.01624148        0.00108175
     8357.90000        0.01709269        0.00110594
     8366.20000        0.01709282        0.00110114
     8374.60000        0.01543221        0.00104114
     8383.00000        0.01544873        0.00103784
     8391.40000        0.01362314        0.00096970
     8399.80000        0.01548396        0.00103092
     8408.20000        0.01516748        0.00101633
     8416.60000        0.01532169        0.00101827
     8425.00000        0.01600011        0.00103696
     8433.40000        0.01476330        0.00099146
     8441.80000        0.01627996        0.00103789
     8450.30000        0.01628475        0.00103387
     8458.70000        0.01596922        0.00102007
     8467.20000        0.01630334        0.00102723
     8475.70000        0.01776839        0.00106916
     8484.10000        0.01751709        0.00105766
     8492.60000        0.01627111        0.00101560
     8501.10000        0.01639760        0.00101559
     8509.60000        0.01885923        0.00108637
     8518.10000        0.01762733        0.00104600
     8526.60000        0.01907842        0.00108526
     8535.20000        0.01792470        0.00104746
     8543.70000        0.01982279        0.00109860
     8552.30000        0.01986551        0.00109592
     8560.80000        0.02008683        0.00109886
     8569.40000        0.02562078        0.00123988
     8577.90000        0.03341353        0.00141658
     8586.50000        0.04120499        0.00157347
     8595.10000        0.05313356        0.00179109
     8603.70000        0.05141081        0.00175427
     8612.30000        0.03879257        0.00150947
     8620.90000        0.03029366        0.00132466
     8629.50000        0.02612467        0.00122310
     8638.20000        0.02268693        0.00113424
     8646.80000        0.02022763        0.00106665
     8655.50000        0.02184434        0.00110519
     8664.10000        0.02170578        0.00109811
     8672.80000        0.02183229        0.00109800
     8681.40000        0.02238998        0.00110862
     8690.10000        0.02790792        0.00123728
     8698.80000        0.04449630        0.00157022
     8707.50000        0.06770009        0.00195208
     8716.20000        0.08780068        0.00223767
     8724.90000        0.09893511        0.00238010
     8733.70000        0.07408175        0.00203055
     8742.40000        0.05350265        0.00170349
     8751.10000        0.03791464        0.00141892
     8759.90000        0.02806889        0.00121111
     8768.70000        0.02739546        0.00119270
     8777.40000        0.02336754        0.00109604
     8786.20000        0.02247528        0.00107118
     8795.00000        0.02144655        0.00104263
     8803.80000        0.02235083        0.00106162
     8812.60000        0.02265683        0.00106576
     8821.40000        0.02105735        0.00102351
     8830.20000        0.02097441        0.00101855
     8839.10000        0.02199643        0.00104032
     8847.90000        0.02348642        0.00107237
     8856.70000        0.02339237        0.00106682
     8865.60000        0.02410618        0.00108008
     8874.50000        0.02373210        0.00106842
     8883.30000        0.02509487        0.00109628
     8892.20000        0.02369877        0.00106162
     8901.10000        0.02505154        0.00108941
     8910.00000        0.03006648        0.00119308
     8918.90000        0.04625736        0.00148725
     8927.80000        0.05863423        0.00167984
     8936.80000        0.07039006        0.00184566
     8945.70000        0.07161965        0.00185746
     8954.70000        0.05549097        0.00161841
     8963.60000        0.03890999        0.00134073
     8972.60000        0.03078583        0.00118468
     8981.60000        0.02947491        0.00115519
     8990.50000        0.02600518        0.00108070
     8999.50000        0.02312013        0.00101471
     9008.50000        0.02537368        0.00106150
     9017.50000        0.02330360        0.00101353
     9026.60000        0.02605238        0.00107034
     9035.60000        0.02637983        0.00107420
     9044.60000        0.02708867        0.00108609
     9053.70000        0.03567423        0.00124835
     9062.70000        0.04682151        0.00143414
     9071.80000        0.06004615        0.00162957
     9080.80000        0.05762397        0.00159081
     9089.90000        0.05475990        0.00154426
     9099.00000        0.04141450        0.00133121
     9108.10000        0.03091633        0.00114185
     9117.20000        0.02774320        0.00107717
     9126.30000        0.02569508        0.00103273
     9135.50000        0.02617443        0.00104019
     9144.60000        0.02516268        0.00101666
     9153.80000        0.02575829        0.00102655
     9162.90000        0.02634116        0.00103568
     9172.10000        0.02644824        0.00103504
     9181.20000        0.02584578        0.00102045
     9190.40000        0.02434878        0.00098732
     9199.60000        0.02419414        0.00098176
     9208.80000        0.02671705        0.00103068
     9218.00000        0.02679208        0.00102970
     9227.20000        0.02428237        0.00097680
     9236.50000        0.02446854        0.00097828
     9245.70000        0.02480843        0.00098265
     9255.00000        0.02756102        0.00103475
     9264.20000        0.02668373        0.00101552
     9273.50000        0.02749733        0.00102871
     9282.70000        0.02849353        0.00104542
     9292.00000        0.03345351        0.00113311
     9301.30000        0.04311843        0.00128979
     9310.60000        0.05547866        0.00146822
     9319.90000        0.07110342        0.00167089
     9329.30000        0.07202697        0.00167852
     9338.60000        0.06127593        0.00153680
     9347.90000        0.04493107        0.00130287
     9357.30000        0.03588190        0.00115677
     9366.60000        0.03081101        0.00106686
     9376.00000        0.02887917        0.00102924
     9385.40000        0.02991887        0.00104561
     9394.80000        0.02756223        0.00100045
     9404.20000        0.02845596        0.00101449
     9413.60000        0.02780998        0.00100064
     9423.00000        0.02904929        0.00102095
     9432.40000        0.02937296        0.00102472
     9441.80000        0.02993112        0.00103228
     9451.30000        0.03711475        0.00115073
     9460.70000        0.05237484        0.00137377
     9470.20000        0.07190936        0.00162054
     9479.70000        0.08266704        0.00174183
     9489.10000        0.07938248        0.00169991
     9498.60000        0.06277554        0.00149631
     9508.10000        0.04725882        0.00128579
     9517.60000        0.03686835        0.00112727
     9527.20000        0.03413082        0.00108097
     9536.70000        0.03071923        0.00102162
     9546.20000        0.03003161        0.00100765
     9555.80000        0.02830509        0.00097543
     9565.30000        0.02958705        0.00099576
     9574.90000        0.02898006        0.00098319
     9584.50000        0.02894762        0.00098042
     9594.00000        0.02999248        0.00099668
     9603.60000        0.02942288        0.00098490
     9613.20000        0.03016312        0.00099546
     9622.90000        0.02797403        0.00095551
     9632.50000        0.02827217        0.00095884
     9642.10000        0.03133927        0.00100886
     9651.80000        0.02923839        0.00097168
     9661.40000        0.03015088        0.00098498
     9671.10000        0.02853427        0.00095557
     9680.70000        0.02932306        0.00096734
     9690.40000        0.03044178        0.00098409
     9700.10000        0.02926547        0.00096214
     9709.80000        0.03309677        0.00102320
     9719.50000        0.03665372        0.00107643
     9729.20000        0.04445862        0.00118742
     9739.00000        0.06866927        0.00148982
     9748.70000        0.09938105        0.00181453
     9758.50000        0.12601574        0.00206378
     9768.20000        0.12737482        0.00207215
     9778.00000        0.10436274        0.00185263
     9787.80000        0.07198961        0.00151284
     9797.60000        0.05408073        0.00129798
     9807.40000        0.04279630        0.00114606
     9817.20000        0.03750161        0.00106800
     9827.00000        0.03534405        0.00103401
     9836.80000        0.03221610        0.00098370
     9846.60000        0.03200733        0.00097870
     9856.50000        0.03175657        0.00097269
     9866.40000        0.03180638        0.00097158
     9876.20000        0.03303327        0.00098888
     9886.10000        0.03398653        0.00100138
     9896.00000        0.03366161        0.00099462
     9905.90000        0.03769129        0.00105233
     9915.80000        0.05091693        0.00122872
     9925.70000        0.07296213        0.00148330
     9935.60000        0.09830088        0.00173898
     9945.60000        0.11060471        0.00185151
     9955.50000        0.09908289        0.00174040
     9965.50000        0.07514273        0.00149677
     9975.40000        0.05182851        0.00122752
     9985.40000        0.04459917        0.00113310
     9995.40000        0.03735374        0.00103189
    10005.40000        0.03582767        0.00100833
    10015.40000        0.03483693        0.00099206
    10025.40000        0.03460622        0.00098709
    10035.40000        0.03459495        0.00098505
    10045.50000        0.03411356        0.00097617
    10055.50000        0.03253989        0.00095093
    10065.60000        0.03293877        0.00095524
    10075.60000        0.03409923        0.00097070
    10085.70000        0.03201193        0.00093800
    10095.80000        0.03393815        0.00096486
    10105.90000        0.03281827        0.00094682
    10116.00000        0.03426210        0.00096652
    10126.10000        0.03293543        0.00094521
    10136.20000        0.03276063        0.00094082
    10146.40000        0.03389026        0.00095586
    10156.50000        0.03335160        0.00094607
    10166.70000        0.03157571        0.00091821
    10176.90000        0.03386290        0.00095034
    10187.00000        0.03377059        0.00094725
    10197.20000        0.03489727        0.00096162
    10207.40000        0.03528988        0.00096557
    10217.60000        0.03530405        0.00096430
    10227.80000        0.04091027        0.00103882
    10238.10000        0.05656597        0.00122883
    10248.30000        0.07951575        0.00147025
    10258.60000        0.11590443        0.00180145
    10268.80000        0.14450354        0.00203358
    10279.10000        0.13595765        0.00196155
    10289.40000        0.10451500        0.00169276
    10299.70000        0.07160684        0.00137779
    10310.00000        0.05260590        0.00116816
    10320.30000        0.04341069        0.00105465
    10330.60000        0.03659599        0.00096337
    10340.90000        0.03642064        0.00095921
    10351.30000        0.03476220        0.00093481
    10361.60000        0.03561010        0.00094477
    10372.00000        0.03499525        0.00093499
    10382.30000        0.03454664        0.00092716
    10392.70000        0.03479132        0.00092906
    10403.10000        0.03551082        0.00093744
    10413.50000        0.03579125        0.00093961
    10423.90000        0.03681611        0.00095182
    10434.40000        0.04237318        0.00102224
    10444.80000        0.05459133        0.00116507
    10455.20000        0.08408792        0.00146376
    10465.70000        0.12858746        0.00184388
    10476.20000        0.17673200        0.00220366
    10486.60000        0.19206018        0.00230836
    10497.10000        0.15997662        0.00207478
    10507.60000        0.10902080        0.00167177
    10518.10000        0.07313157        0.00134456
    10528.70000        0.05364866        0.00113908
    10539.20000        0.04328717        0.00101655
    10549.70000        0.04056457        0.00098110
    10560.30000        0.03841459        0.00095223
    10570.80000        0.03672914        0.00092883
    10581.40000        0.03639689        0.00092289
    10592.00000        0.03575720        0.00091286
    10602.60000        0.03554951        0.00090862
    10613.20000        0.03474481        0.00089655
    10623.80000        0.03463508        0.00089367
    10634.40000        0.03705958        0.00092404
    10645.10000        0.03436403        0.00088725
    10655.70000        0.03389756        0.00087941
    10666.40000        0.03429637        0.00088329
    10677.00000        0.03300207        0.00086452
    10687.70000        0.03328947        0.00086719
    10698.40000        0.03444850        0.00088113
    10709.10000        0.03321155        0.00086329
    10719.80000        0.03512465        0.00088724
    10730.50000        0.03504022        0.00088496
    10741.30000        0.03481914        0.00088047
    10752.00000        0.03491375        0.00088031
    10762.70000        0.03629547        0.00089672
    10773.50000        0.03400447        0.00086553
    10784.30000        0.03439753        0.00086920
    10795.10000        0.03435939        0.00086716
    10805.90000        0.03594847        0.00088607
    10816.70000        0.03695642        0.00089729
    10827.50000        0.04336619        0.00097341
    10838.30000        0.05187978        0.00106738
    10849.20000        0.07449762        0.00129072
    10860.00000        0.09154206        0.00144012
    10870.90000        0.09683627        0.00148246
    10881.70000        0.08671796        0.00139427
    10892.60000        0.06543744        0.00119742
    10903.50000        0.05026413        0.00104032
    10914.40000        0.04109340        0.00093492
    10925.30000        0.03970760        0.00091716
    10936.30000        0.03808700        0.00089615
    10947.20000        0.03546803        0.00086241
    10958.10000        0.03475953        0.00085222
    10969.10000        0.03469258        0.00085018
    10980.10000        0.03358703        0.00083478
    10991.00000        0.03376559        0.00083579
    11002.00000        0.03436310        0.00084225
    11013.00000        0.03541084        0.00085405
    11024.10000        0.03553906        0.00085428
    11035.10000        0.03359493        0.00082863
    11046.10000        0.03521349        0.00084776
    11057.20000        0.03528353        0.00084741
    11068.20000        0.03592997        0.00085410
    11079.30000        0.03950097        0.00089594
    11090.40000        0.04616485        0.00097008
    11101.50000        0.05619910        0.00107405
    11112.60000        0.06611215        0.00116845
    11123.70000        0.06917200        0.00119520
    11134.80000        0.06046271        0.00111138
    11145.90000        0.05092195        0.00101373
    11157.10000        0.04333000        0.00093035
    11168.20000        0.04005116        0.00089167
    11179.40000        0.03669403        0.00085090
    11190.60000        0.03618912        0.00084359
    11201.80000        0.03542094        0.00083310
    11213.00000        0.03530455        0.00083057
    11224.20000        0.03620168        0.00084007
    11235.40000        0.03555767        0.00083119
    11246.70000        0.03547718        0.00082903
    11257.90000        0.03387218        0.00080837
    11269.20000        0.03504703        0.00082162
    11280.40000        0.03717279        0.00084579
    11291.70000        0.03455040        0.00081333
    11303.00000        0.03737238        0.00084587
    11314.30000        0.03646511        0.00083412
    11325.60000        0.03794492        0.00085022
    11336.90000        0.03629960        0.00082980
    11348.30000        0.03849292        0.00085410
    11359.60000        0.03507910        0.00081305
    11371.00000        0.03619039        0.00082492
    11382.40000        0.03588458        0.00082015
    11393.70000        0.03719014        0.00083410
    11405.10000        0.03822061        0.00084443
    11416.50000        0.03848461        0.00084605
    11428.00000        0.03725096        0.00083039
    11439.40000        0.03751531        0.00083223
    11450.80000        0.03701463        0.00082525
    11462.30000        0.04022745        0.00086064
    11473.70000        0.03604271        0.00081188
    11485.20000        0.03826643        0.00083633
    11496.70000        0.03900120        0.00084339
    11508.20000        0.04171955        0.00087234
    11519.70000        0.04329926        0.00088810
    11531.20000        0.05506044        0.00100574
    11542.80000        0.08681593        0.00128002
    11554.30000        0.14215358        0.00167713
    11565.90000        0.21785028        0.00214099
    11577.40000        0.27716782        0.00247006
    11589.00000        0.28016382        0.00248321
    11600.60000        0.21180518        0.00209806
    11612.20000        0.13479721        0.00161744
    11623.80000        0.08525940        0.00125641
    11635.40000        0.06261041        0.00106399
    11647.10000        0.05036257        0.00094758
    11658.70000        0.04510873        0.00089339
    11670.40000        0.04200786        0.00085986
    11682.10000        0.04008013        0.00083796
    11693.70000        0.03995119        0.00083557
    11705.40000        0.03810364        0.00081437
    11717.10000        0.03948253        0.00082845
    11728.90000        0.03807509        0.00081207
    11740.60000        0.03810047        0.00081133
    11752.30000        0.03862889        0.00081630
    11764.10000        0.03779224        0.00080612
    11775.80000        0.03979179        0.00082685
    11787.60000        0.03985949        0.00082654
    11799.40000        0.04093900        0.00083705
    11811.20000        0.04072341        0.00083373
    11823.00000        0.04703400        0.00089760
    11834.80000        0.06079181        0.00102584
    11846.70000        0.10428943        0.00136910
    11858.50000        0.18126707        0.00186443
    11870.40000        0.29299153        0.00247706
    11882.30000        0.38542762        0.00293739
    11894.10000        0.39695321        0.00298984
    11906.00000        0.30951795        0.00255322
    11917.90000        0.19136460        0.00191271
    11929.90000        0.11397042        0.00142580
    11941.80000        0.07423872        0.00112884
    11953.70000        0.05587376        0.00096984
    11965.70000        0.04489750        0.00086404
    11977.60000        0.04233687        0.00083723
    11989.60000        0.04003648        0.00081272
    12001.60000        0.03814079        0.00079191
    12013.60000        0.03883900        0.00079881
    12025.60000        0.03734535        0.00078195
    12037.70000        0.03593575        0.00076583
    12049.70000        0.03713159        0.00077807
    12061.70000        0.03561744        0.00076067
    12073.80000        0.03658195        0.00077023
    12085.90000        0.03752831        0.00077963
    12098.00000        0.03598696        0.00076190
    12110.10000        0.03530194        0.00075347
    12122.20000        0.03570809        0.00075691
    12134.30000        0.03644468        0.00076408
    12146.40000        0.03475488        0.00074471
    12158.60000        0.03606888        0.00075822
    12170.70000        0.03494556        0.00074505
    12182.90000        0.03527315        0.00074771
    12195.10000        0.03672214        0.00076258
    12207.30000        0.03497692        0.00074283
    12219.50000        0.03385829        0.00072967
    12231.70000        0.03569867        0.00074916
    12244.00000        0.03462487        0.00073659
    12256.20000        0.03569815        0.00074751
    12268.50000        0.03505984        0.00073977
    12280.70000        0.03635488        0.00075291
    12293.00000        0.03569498        0.00074502
    12305.30000        0.03621891        0.00074989
    12317.60000        0.03567738        0.00074336
    12329.90000        0.03466388        0.00073160
    12342.30000        0.03531801        0.00073782
    12354.60000        0.03611680        0.00074570
    12367.00000        0.03517828        0.00073469
    12379.30000        0.03739628        0.00075756
    12391.70000        0.04034597        0.00078720
    12404.10000        0.05114532        0.00088986
    12416.50000        0.08157847        0.00113891
    12428.90000        0.13245878        0.00148343
    12441.30000        0.20280094        0.00188984
    12453.80000        0.24891555        0.00213124
    12466.20000        0.24015933        0.00208380
    12478.70000        0.18467672        0.00178424
    12491.20000        0.12004443        0.00139722
    12503.70000        0.07655468        0.00109276
    12516.20000        0.05470668        0.00091351
    12528.70000        0.04493792        0.00082314
    12541.20000        0.03879754        0.00076180
    12553.80000        0.03719780        0.00074464
    12566.30000        0.03553573        0.00072659
    12578.90000        0.03558958        0.00072639
    12591.50000        0.03380454        0.00070660
    12604.10000        0.03385229        0.00070639
    12616.70000        0.03330510        0.00069982
    12629.30000        0.03345460        0.00070084
    12641.90000        0.03486232        0.00071521
    12654.60000        0.03430216        0.00070851
    12667.20000        0.03453973        0.00071038
    12679.90000        0.03280496        0.00069113
    12692.60000        0.03358977        0.00069901
    12705.30000        0.03437131        0.00070671
    12718.00000        0.03337381        0.00069548
    12730.70000        0.03367046        0.00069803
    12743.40000        0.03365756        0.00069732
    12756.20000        0.03450792        0.00070580
    12768.90000        0.03448646        0.00070492
    12781.70000        0.03758301        0.00073634
    12794.50000        0.04681816        0.00082482
    12807.30000        0.06260115        0.00096010
    12820.10000        0.08817183        0.00115192
    12832.90000        0.10995185        0.00129800
    12845.70000        0.11490515        0.00132864
    12858.60000        0.10016463        0.00123108
    12871.40000        0.07454685        0.00104870
    12884.30000        0.05358437        0.00087951
    12897.20000        0.04120770        0.00076602
    12910.10000        0.03768232        0.00073072
    12923.00000        0.03600956        0.00071307
    12935.90000        0.03340897        0.00068533
    12948.80000        0.03477333        0.00069903
    12961.80000        0.03350865        0.00068517
    12974.80000        0.03420969        0.00069194
    12987.70000        0.03309702        0.00067967
    13000.70000        0.03289070        0.00067690
    13013.70000        0.03195305        0.00066615
    13026.70000        0.03215024        0.00066773
    13039.80000        0.03231302        0.00066888
    13052.80000        0.03170534        0.00066190
    13065.90000        0.03075726        0.00065114
    13078.90000        0.03113418        0.00065467
    13092.00000        0.03172344        0.00066056
    13105.10000        0.03240247        0.00066725
    13118.20000        0.03243449        0.00066709
    13131.30000        0.03238015        0.00066595
    13144.50000        0.03222154        0.00066374
    13157.60000        0.03218308        0.00066280
    13170.80000        0.03298570        0.00067064
    13183.90000        0.03331989        0.00067366
    13197.10000        0.03136982        0.00065253
    13210.30000        0.03261989        0.00066522
    13223.50000        0.03274070        0.00066598
    13236.70000        0.03291425        0.00066730
    13250.00000        0.03254066        0.00066291
    13263.20000        0.03331562        0.00067055
    13276.50000        0.03360067        0.00067287
    13289.80000        0.03352428        0.00067157
    13303.10000        0.03130240        0.00064778
    13316.40000        0.03050391        0.00063881
    13329.70000        0.03225359        0.00065697
    13343.00000        0.03099690        0.00064314
    13356.40000        0.03260339        0.00065959
    13369.70000        0.03337248        0.00066708
    13383.10000        0.03222834        0.00065474
    13396.50000        0.03263130        0.00065848
    13409.90000        0.03200574        0.00065145
    13423.30000        0.03248253        0.00065595
    13436.70000        0.03144038        0.00064460
    13450.10000        0.03294676        0.00065982
    13463.60000        0.03249255        0.00065474
    13477.10000        0.03326549        0.00066228
    13490.50000        0.03518201        0.00068129
    13504.00000        0.03972869        0.00072496
    13517.50000        0.05781684        0.00088152
    13531.00000        0.08670726        0.00109344
    13544.60000        0.13078662        0.00136894
    13558.10000        0.17034374        0.00158843
    13571.70000        0.17906660        0.00163355
    13585.30000        0.15150961        0.00148389
    13598.80000        0.10801170        0.00122824
    13612.40000        0.06849686        0.00095984
    13626.10000        0.04909831        0.00080476
    13639.70000        0.03998287        0.00072264
    13653.30000        0.03583766        0.00068226
    13667.00000        0.03440183        0.00066755
    13680.60000        0.03300392        0.00065296
    13694.30000        0.03302812        0.00065285
    13708.00000        0.03345446        0.00065685
    13721.70000        0.03225593        0.00064417
    13735.50000        0.03247133        0.00064597
    13749.20000        0.03258459        0.00064681
    13762.90000        0.03173882        0.00063771
    13776.70000        0.03284117        0.00064862
    13790.50000        0.03376935        0.00065760
    13804.30000        0.03244114        0.00064380
    13818.10000        0.03049022        0.00062317
    13831.90000        0.03173291        0.00063575
    13845.70000        0.03223707        0.00064052
    13859.60000        0.03365457        0.00065453
    13873.40000        0.03278874        0.00064532
    13887.30000        0.03201659        0.00063715
    13901.20000        0.03405493        0.00065741
    13915.10000        0.03288405        0.00064524
    13929.00000        0.03416955        0.00065774
    13942.90000        0.03309108        0.00064658
    13956.90000        0.03457274        0.00066106
    13970.80000        0.03681549        0.00068252
    13984.80000        0.03996899        0.00071178
    13998.80000        0.05108446        0.00080863
    14012.80000        0.08252802        0.00104241
    14026.80000        0.14397947        0.00141468
    14040.80000        0.24160266        0.00190817
    14054.90000        0.33468329        0.00232732
    14068.90000        0.37078575        0.00248113
    14083.00000        0.32182428        0.00226870
    14097.10000        0.22228721        0.00181206
    14111.20000        0.13225715        0.00134462
    14125.30000        0.07892102        0.00101349
    14139.40000        0.05424316        0.00083016
    14153.60000        0.04341299        0.00073847
    14167.70000        0.03897588        0.00069785
    14181.90000        0.03544881        0.00066398
    14196.10000        0.03428517        0.00065233
    14210.30000        0.03412102        0.00065044
    14224.50000        0.03189435        0.00062778
    14238.70000        0.03302387        0.00063894
    14252.90000        0.03253284        0.00063359
    14267.20000        0.03289470        0.00063695
    14281.50000        0.03378386        0.00064551
    14295.70000        0.03274300        0.00063485
    14310.00000        0.03303101        0.00063743
    14324.40000        0.03205033        0.00062727
    14338.70000        0.03321943        0.00063873
    14353.00000        0.03192749        0.00062550
    14367.40000        0.03128214        0.00061861
    14381.70000        0.03216757        0.00062737
    14396.10000        0.03334001        0.00063881
    14410.50000        0.03209327        0.00062612
    14424.90000        0.03178120        0.00062271
    14439.40000        0.03135770        0.00061808
    14453.80000        0.03180226        0.00062223
    14468.20000        0.03206273        0.00062451
    14482.70000        0.03304508        0.00063403
    14497.20000        0.03259111        0.00062924
    14511.70000        0.03239761        0.00062707
    14526.20000        0.03081856        0.00061077
    14540.70000        0.03108254        0.00061325
    14555.30000        0.03219641        0.00062419
    14569.80000        0.03162533        0.00061816
    14584.40000        0.03197210        0.00062141
    14599.00000        0.03052794        0.00060651
    14613.60000        0.03221978        0.00062336
    14628.20000        0.03055948        0.00060636
    14642.80000        0.03112714        0.00061179
    14657.50000        0.03125619        0.00061292
    14672.10000        0.03160253        0.00061618
    14686.80000        0.03093152        0.00060911
    14701.50000        0.03042114        0.00060368
    14716.20000        0.03041830        0.00060340
    14730.90000        0.03084572        0.00060750
    14745.60000        0.03134524        0.00061228
    14760.40000        0.03058465        0.00060428
    14775.20000        0.03188864        0.00061717
    14789.90000        0.03154206        0.00061346
    14804.70000        0.03246521        0.00062242
    14819.50000        0.03036361        0.00060107
    14834.30000        0.03193376        0.00061667
    14849.20000        0.03158645        0.00061305
    14864.00000        0.03036228        0.00060037
    14878.90000        0.03076431        0.00060422
    14893.80000        0.03245577        0.00062087
    14908.70000        0.03318050        0.00062779
    14923.60000        0.03274620        0.00062341
    14938.50000        0.03573368        0.00065195
    14953.40000        0.04209674        0.00070944
    14968.40000        0.06051864        0.00085786
    14983.40000        0.10710157        0.00116561
    14998.40000        0.19642982        0.00164043
    15013.30000        0.31886479        0.00219379
    15028.40000        0.42363861        0.00262591
    15043.40000        0.44813821        0.00272289
    15058.40000        0.37038221        0.00240727
    15073.50000        0.24139308        0.00184891
    15088.60000        0.13906639        0.00134380
    15103.70000        0.07913280        0.00098631
    15118.80000        0.05217732        0.00079061
    15133.90000        0.04292842        0.00071367
    15149.00000        0.03631270        0.00065414
    15164.20000        0.03473966        0.00063904
    15179.30000        0.03368460        0.00062873
    15194.50000        0.03266254        0.00061864
    15209.70000        0.03098264        0.00060178
    15224.90000        0.03036432        0.00059539
    15240.10000        0.03194436        0.00061094
    15255.40000        0.02976312        0.00058890
    15270.60000        0.03118224        0.00060309
    15285.90000        0.02947135        0.00058566
    15301.20000        0.03101106        0.00060097
    15316.50000        0.03015813        0.00059225
    15331.80000        0.02920940        0.00058247
    15347.20000        0.03054689        0.00059592
    15362.50000        0.03019333        0.00059220
    15377.90000        0.02968168        0.00058683
    15393.20000        0.03004261        0.00059027
    15408.60000        0.03169226        0.00060666
    15424.00000        0.03106600        0.00060018
    15439.50000        0.03020605        0.00059150
    15454.90000        0.03057647        0.00059503
    15470.40000        0.03018976        0.00059107
    15485.80000        0.03013198        0.00059034
    15501.30000        0.03047419        0.00059364
    15516.80000        0.03085305        0.00059724
    15532.30000        0.03035789        0.00059218
    15547.90000        0.03044691        0.00059289
    15563.40000        0.02993703        0.00058763
    15579.00000        0.03051705        0.00059333
    15594.60000        0.03152975        0.00060319
    15610.20000        0.03103489        0.00059823
    15625.80000        0.03305163        0.00061779
    15641.40000        0.03976563        0.00067972
    15657.00000        0.05267519        0.00078690
    15672.70000        0.08387041        0.00100727
    15688.40000        0.13831986        0.00132542
    15704.10000        0.20943646        0.00168072
    15719.80000        0.26804108        0.00194646
    15735.50000        0.26767339        0.00194448
    15751.20000        0.21397235        0.00170092
    15767.00000        0.14086686        0.00133756
    15782.70000        0.08540559        0.00101570
    15798.50000        0.05502213        0.00080363
    15814.30000        0.04026922        0.00068249
    15830.10000        0.03532913        0.00063763
    15846.00000        0.03208801        0.00060670
    15861.80000        0.03154746        0.00060132
    15877.70000        0.03080539        0.00059394
    15893.60000        0.03142125        0.00059998
    15909.50000        0.03100214        0.00059576
    15925.40000        0.03034440        0.00058910
    15941.30000        0.02933824        0.00057887
    15957.20000        0.02917709        0.00057714
    15973.20000        0.02985270        0.00058384
    15989.20000        0.03085551        0.00059380
    16005.20000        0.02989817        0.00058422
    16021.20000        0.02975653        0.00058278
    16037.20000        0.02967030        0.00058180
    16053.20000        0.02965186        0.00058153
    16069.30000        0.03127232        0.00059759
    16085.30000        0.03001072        0.00058500
    16101.40000        0.02989604        0.00058377
    16117.50000        0.02952435        0.00057994
    16133.70000        0.02937116        0.00057837
    16149.80000        0.02755284        0.00055961
    16165.90000        0.02950590        0.00057957
    16182.10000        0.02993115        0.00058384
    16198.30000        0.02953114        0.00057976
    16214.50000        0.02868719        0.00057115
    16230.70000        0.02950638        0.00057937
    16246.90000        0.03101627        0.00059442
    16263.20000        0.03020410        0.00058634
    16279.40000        0.02892612        0.00057338
    16295.70000        0.02923121        0.00057641
    16312.00000        0.02990088        0.00058314
    16328.30000        0.02979275        0.00058193
    16344.70000        0.02904798        0.00057434
    16361.00000        0.03043112        0.00058824
    16377.40000        0.02978837        0.00058174
    16393.70000        0.03002910        0.00058412
    16410.10000        0.03112890        0.00059501
    16426.60000        0.03009899        0.00058478
    16443.00000        0.02960169        0.00057980
    16459.40000        0.02945058        0.00057816
    16475.90000        0.02996564        0.00058328
    16492.40000        0.03013854        0.00058505
    16508.90000        0.02990537        0.00058271
    16525.40000        0.03049812        0.00058854
    16541.90000        0.03063499        0.00058991
    16558.40000        0.03006080        0.00058413
    16575.00000        0.03017063        0.00058527
    16591.60000        0.03037725        0.00058729
    16608.20000        0.03018652        0.00058538
    16624.80000        0.02979958        0.00058144
    16641.40000        0.03076611        0.00059105
    16658.00000        0.03081603        0.00059153
    16674.70000        0.02963219        0.00057957
    16691.40000        0.02925145        0.00057576
    16708.10000        0.02986152        0.00058184
    16724.80000        0.03098153        0.00059295
    16741.50000        0.03014422        0.00058465
    16758.20000        0.03172800        0.00060017
    16775.00000        0.02997590        0.00058286
    16791.80000        0.02933626        0.00057640
    16808.60000        0.02942231        0.00057728
    16825.40000        0.02960211        0.00057919
    16842.20000        0.03086444        0.00059166
    16859.00000        0.03070124        0.00059009
    16875.90000        0.03018077        0.00058485
    16892.80000        0.03101439        0.00059308
    16909.70000        0.03018987        0.00058493
    16926.60000        0.03086912        0.00059166
    16943.50000        0.03105378        0.00059345
    16960.50000        0.03258698        0.00060839
    16977.40000        0.03215558        0.00060420
    16994.40000        0.03275994        0.00061006
    17011.40000        0.03639447        0.00064405
    17028.40000        0.04585057        0.00072624
    17045.40000        0.07052532        0.00091122
    17062.50000        0.12753741        0.00125767
    17079.50000        0.22166339        0.00172596
    17096.60000        0.34836816        0.00227316
    17113.70000        0.43960069        0.00263849
    17130.80000        0.44069497        0.00264295
    17148.00000        0.35042113        0.00228161
    17165.10000        0.22058160        0.00172113
    17182.30000        0.12227718        0.00122882
    17199.50000        0.07021119        0.00090930
    17216.70000        0.04745075        0.00073966
    17233.90000        0.03908727        0.00066863
    17251.10000        0.03354323        0.00061778
    17268.40000        0.03362296        0.00061853
    17285.60000        0.03282172        0.00061095
    17302.90000        0.03125041        0.00059567
    17320.20000        0.03061998        0.00058961
    17337.50000        0.03104464        0.00059377
    17354.90000        0.03022989        0.00058571
    17372.20000        0.03000234        0.00058349
    17389.60000        0.03034534        0.00058697
    17407.00000        0.03008981        0.00058449
    17424.40000        0.02985542        0.00058224
    17441.80000        0.03033628        0.00058709
    17459.30000        0.03025820        0.00058637
    17476.70000        0.02947057        0.00057855
    17494.20000        0.03091049        0.00059296
    17511.70000        0.03035404        0.00058754
    17529.20000        0.02967982        0.00058094
    17546.80000        0.03037134        0.00058788
    17564.30000        0.03002631        0.00058447
    17581.90000        0.02903083        0.00057452
    17599.50000        0.02965575        0.00058098
    17617.10000        0.02870835        0.00057136
    17634.70000        0.02906006        0.00057500
    17652.30000        0.02919277        0.00057649
    17670.00000        0.02822568        0.00056670
    17687.60000        0.02966246        0.00058143
    17705.30000        0.02959022        0.00058073
    17723.00000        0.02884857        0.00057333
    17740.70000        0.02856871        0.00057049
    17758.50000        0.02894706        0.00057456
    17776.20000        0.02802390        0.00056513
    17794.00000        0.02871925        0.00057234
    17811.80000        0.02865091        0.00057172
    17829.60000        0.02904003        0.00057589
    17847.50000        0.02945786        0.00058020
    17865.30000        0.02886046        0.00057422
    17883.20000        0.02833607        0.00056895
    17901.10000        0.02932646        0.00057917
    17919.00000        0.02904850        0.00057649
    17936.90000        0.02980420        0.00058425
    17954.80000        0.03008385        0.00058717
    17972.80000        0.03069878        0.00059349
    17990.80000        0.03111213        0.00059770
    18008.70000        0.03254001        0.00061184
    18026.80000        0.03443173        0.00063001
    18044.80000        0.04068268        0.00068707
    18062.80000        0.05887733        0.00083390
    18080.90000        0.10988852        0.00116662
    18099.00000        0.22161413        0.00173854
    18117.10000        0.40097807        0.00250503
    18135.20000        0.62324950        0.00336261
    18153.30000        0.77218773        0.00391166
    18171.50000        0.75033559        0.00383289
    18189.70000        0.58491713        0.00322116
    18207.80000        0.35428632        0.00231791
    18226.10000        0.18418591        0.00156315
    18244.30000        0.09425927        0.00107511
    18262.50000        0.05746417        0.00082549
    18280.80000        0.04316472        0.00071075
    18299.10000        0.03791511        0.00066468
    18317.40000        0.03461117        0.00063428
    18335.70000        0.03279558        0.00061701
    18354.00000        0.03128324        0.00060226
    18372.40000        0.03106250        0.00060032
    18390.80000        0.02985458        0.00058834
    18409.10000        0.02819427        0.00057144
    18427.60000        0.02919139        0.00058188
    18446.00000        0.02950252        0.00058530
    18464.40000        0.02887392        0.00057900
    18482.90000        0.02957260        0.00058638
    18501.40000        0.02954135        0.00058619
    18519.90000        0.02868015        0.00057753
    18538.40000        0.02798931        0.00057055
    18556.90000        0.02791472        0.00056993
    18575.50000        0.02763554        0.00056718
    18594.10000        0.02814612        0.00057274
    18612.70000        0.02859622        0.00057763
    18631.30000        0.02903492        0.00058239
    18649.90000        0.02747384        0.00056618
    18668.60000        0.02828972        0.00057501
    18687.20000        0.02795746        0.00057175
    18705.90000        0.02746702        0.00056676
    18724.60000        0.02689556        0.00056091
    18743.40000        0.02840274        0.00057711
    18762.10000        0.02713320        0.00056385
    18780.90000        0.02822798        0.00057571
    18799.60000        0.02741332        0.00056731
    18818.40000        0.02837131        0.00057762
    18837.30000        0.02786692        0.00057259
    18856.10000        0.02733755        0.00056717
    18875.00000        0.02755231        0.00056962
    18893.80000        0.02872947        0.00058220
    18912.70000        0.02814664        0.00057639
    18931.60000        0.02742461        0.00056900
    18950.60000        0.02749303        0.00056996
    18969.50000        0.02798000        0.00057543
    18988.50000        0.02733030        0.00056862
    19007.50000        0.02710180        0.00056651
    19026.50000        0.02763119        0.00057237
    19045.50000        0.02813779        0.00057799
    19064.60000        0.02772685        0.00057377
    19083.60000        0.02650253        0.00056081
    19102.70000        0.02667802        0.00056303
    19121.80000        0.02764808        0.00057370
    19140.90000        0.02763545        0.00057381
    19160.10000        0.02718526        0.00056916
    19179.20000        0.02689433        0.00056625
    19198.40000        0.02880190        0.00058687
    19217.60000        0.02756814        0.00057400
    19236.80000        0.02860506        0.00058530
    19256.10000        0.02745393        0.00057334
    19275.30000        0.02711424        0.00056992
    19294.60000        0.02712459        0.00057026
    19313.90000        0.02707798        0.00057003
    19333.20000        0.02760826        0.00057597
    19352.60000        0.02792413        0.00057963
    19371.90000        0.02716347        0.00057173
    19391.30000        0.02742620        0.00057477
    19410.70000        0.02694611        0.00056992
    19430.10000        0.02739517        0.00057500
    19449.50000        0.02666403        0.00056727
    19469.00000        0.02745526        0.00057616
    19488.40000        0.02727857        0.00057445
    19507.90000        0.02805634        0.00058317
    19527.40000        0.02814299        0.00058436
    19547.00000        0.02684775        0.00057069
    19566.50000        0.02655003        0.00056759
    19586.10000        0.02594557        0.00056119
    19605.70000        0.02647943        0.00056739
    19625.30000        0.02693181        0.00057263
    19644.90000        0.02695357        0.00057310
    19664.50000        0.02696743        0.00057353
    19684.20000        0.02720760        0.00057632
    19703.90000        0.02762786        0.00058125
    19723.60000        0.02765069        0.00058173
    19743.30000        0.02845111        0.00059060
    19763.10000        0.02704566        0.00057563
    19782.80000        0.02600145        0.00056449
    19802.60000        0.02778711        0.00058438
    19822.40000        0.02630555        0.00056839
    19842.20000        0.02623590        0.00056796
    19862.10000        0.02684816        0.00057499
    19882.00000        0.02668642        0.00057352
    19901.80000        0.02689057        0.00057604
    19921.70000        0.02767308        0.00058484
    19941.70000        0.02647296        0.00057192
    19961.60000        0.02613483        0.00056842
    19981.60000        0.02708232        0.00057925
    20001.60000        0.02699011        0.00057861
    20021.60000        0.02693232        0.00057819
    20041.60000        0.02705571        0.00057990
    20061.60000        0.02615483        0.00057027
    20081.70000        0.02735600        0.00058380
    20101.80000        0.02691989        0.00057930
    20121.90000        0.02787848        0.00059017
    20142.00000        0.02725339        0.00058364
    20162.10000        0.02735468        0.00058502
    20182.30000        0.02908359        0.00060417
    20202.50000        0.02991391        0.00061335
    20222.70000        0.03238070        0.00063926
    20242.90000        0.03158199        0.00063135
    20263.10000        0.03441217        0.00066036
    20283.40000        0.03827691        0.00069820
    20303.70000        0.05626428        0.00085426
    20324.00000        0.10229975        0.00117744
    20344.30000        0.18928644        0.00166445
    20364.70000        0.31756415        0.00227038
    20385.00000        0.47389343        0.00293515
    20405.40000        0.55024538        0.00324566
    20425.80000        0.52628521        0.00315135
    20446.30000        0.38775851        0.00258111
    20466.70000        0.23416060        0.00189260
    20487.20000        0.12042451        0.00129401
    20507.70000        0.06595037        0.00093469
    20528.20000        0.04339283        0.00075060
    20548.70000        0.03473581        0.00066917
    20569.20000        0.03288374        0.00065091
    20589.80000        0.03155118        0.00063760
    20610.40000        0.02899062        0.00061086
    20631.00000        0.02818609        0.00060234
    20651.70000        0.02806094        0.00060146
    20672.30000        0.02699476        0.00059001
    20693.00000        0.02645998        0.00058429
    20713.70000        0.02647014        0.00058482
    20734.40000        0.02680948        0.00058905
    20755.10000        0.02758607        0.00059804
    20775.90000        0.02695445        0.00059139
    20796.70000        0.02577698        0.00057841
    20817.50000        0.02709910        0.00059383
    20838.30000        0.02658805        0.00058840
    20859.10000        0.02541927        0.00057540
    20880.00000        0.02732626        0.00059765
    20900.90000        0.02612945        0.00058448
    20921.80000        0.02622656        0.00058590
    20942.70000        0.02720991        0.00059752
    20963.60000        0.02575045        0.00058132
    20984.60000        0.02600927        0.00058479
    21005.60000        0.02609938        0.00058621
    21026.60000        0.02522549        0.00057654
    21047.60000        0.02617057        0.00058783
    21068.70000        0.02574620        0.00058337
    21089.70000        0.02525575        0.00057810
    21110.80000        0.02565591        0.00058314
    21131.90000        0.02663874        0.00059504
    21153.10000        0.02644313        0.00059320
    21174.20000        0.02633683        0.00059228
    21195.40000        0.02602684        0.00058916
    21216.60000        0.02665146        0.00059681
    21237.80000        0.02498351        0.00057782
    21259.00000        0.02595832        0.00058974
    21280.30000        0.02537145        0.00058335
    21301.60000        0.02530684        0.00058293
    21322.90000        0.02638007        0.00059592
    21344.20000        0.02635687        0.00059620
    21365.60000        0.02544928        0.00058604
    21386.90000        0.02409350        0.00057034
    21408.30000        0.02587507        0.00059195
    21429.70000        0.02518948        0.00058440
    21451.10000        0.02588018        0.00059295
    21472.60000        0.02541377        0.00058790
    21494.10000        0.02559974        0.00059062
    21515.60000        0.02458833        0.00057899
    21537.10000        0.02580432        0.00059398
    21558.60000        0.02623393        0.00059954
    21580.20000        0.02618085        0.00059937
    21601.80000        0.02571142        0.00059430
    21623.40000        0.02582617        0.00059612
    21645.00000        0.02655379        0.00060521
    21666.60000        0.02554739        0.00059390
    21688.30000        0.02648114        0.00060544
    21710.00000        0.02586628        0.00059867
    21731.70000        0.02597849        0.00060056
    21753.40000        0.02542498        0.00059439
    21775.20000        0.02661185        0.00060902
    21797.00000        0.02547277        0.00059606
    21818.80000        0.02588249        0.00060143
    21840.60000        0.02530357        0.00059507
    21862.40000        0.02612837        0.00060539
    21884.30000        0.02543355        0.00059762
    21906.20000        0.02633020        0.00060897
    21928.10000        0.02489087        0.00059219
    21950.00000        0.02506973        0.00059476
    21972.00000        0.02606828        0.00060734
    21993.90000        0.02636350        0.00061145
    22015.90000        0.02632726        0.00061154
    22037.90000        0.02639894        0.00061286
    22060.00000        0.02834935        0.00063638
    22082.00000        0.02909120        0.00064541
    22104.10000        0.03364497        0.00069617
    22126.20000        0.04572011        0.00081701
    22148.40000        0.07530597        0.00106431
    22170.50000        0.13374346        0.00145764
    22192.70000        0.22079220        0.00194520
    22214.90000        0.31311350        0.00240453
    22237.10000        0.36320660        0.00264090
    22259.30000        0.33885340        0.00253034
    22281.60000        0.25373404        0.00212076
    22303.90000        0.15173598        0.00157324
    22326.20000        0.08211122        0.00112298
    22348.50000        0.04979212        0.00086202
    22370.90000        0.03661340        0.00073526
    22393.20000        0.03018506        0.00066603
    22415.60000        0.02892532        0.00065219
    22438.00000        0.02811852        0.00064339
    22460.50000        0.02796713        0.00064214
    22482.90000        0.02669559        0.00062747
    22505.40000        0.02592393        0.00061876
    22527.90000        0.02468573        0.00060399
    22550.50000        0.02578645        0.00061817
    22573.00000        0.02618188        0.00062355
    22595.60000        0.02613972        0.00062358
    22618.20000        0.02541924        0.00061527
    22640.80000        0.02541442        0.00061576
    22663.40000        0.02585173        0.00062168
    22686.10000        0.02485052        0.00060987
    22708.80000        0.02535008        0.00061663
    22731.50000        0.02488229        0.00061135
    22754.20000        0.02517306        0.00061543
    22777.00000        0.02404041        0.00060172
    22799.80000        0.02537869        0.00061913
    22822.60000        0.02545524        0.00062060
    22845.40000        0.02528228        0.00061904
    22868.20000        0.02433346        0.00060753
    22891.10000        0.02370101        0.00060003
    22914.00000        0.02530550        0.00062117
    22936.90000        0.02551746        0.00062438
    22959.90000        0.02401249        0.00060574
    22982.80000        0.02432530        0.00061041
    23005.80000        0.02424905        0.00060997
    23028.80000        0.02499977        0.00062015
    23051.80000        0.02483523        0.00061850
    23074.90000        0.02354355        0.00060241
    23098.00000        0.02414631        0.00061090
    23121.10000        0.02445986        0.00061541
    23144.20000        0.02514306        0.00062478
    23167.30000        0.02417211        0.00061287
    23190.50000        0.02493326        0.00062336
    23213.70000        0.02385591        0.00060994
    23236.90000        0.02522670        0.00062830
    23260.10000        0.02451123        0.00061970
    23283.40000        0.02472900        0.00062303
    23306.70000        0.02454543        0.00062135
    23330.00000        0.02508000        0.00062882
    23353.30000        0.02434447        0.00061987
    23376.70000        0.02460659        0.00062378
    23400.10000        0.02419334        0.00061915
    23423.50000        0.02411670        0.00061877
    23446.90000        0.02416491        0.00062002
    23470.30000        0.02421002        0.00062119
    23493.80000        0.02409676        0.00062020
    23517.30000        0.02417885        0.00062185
    23540.80000        0.02466516        0.00062894
    23564.40000        0.02430751        0.00062487
    23587.90000        0.02341394        0.00061362
    23611.50000        0.02428278        0.00062587
    23635.10000        0.02542329        0.00064145
    23658.80000        0.02385929        0.00062155
    23682.40000        0.02506289        0.00063791
    23706.10000        0.02467066        0.00063349
    23729.80000        0.02355763        0.00061925
    23753.50000        0.02432097        0.00063005
    23777.30000        0.02313092        0.00061482
    23801.10000        0.02438259        0.00063242
    23824.90000        0.02338121        0.00061965
    23848.70000        0.02368639        0.00062443
    23872.60000        0.02479243        0.00063976
    23896.40000        0.02392233        0.00062885
    23920.30000        0.02439889        0.00063587
    23944.30000        0.02307312        0.00061862
    23968.20000        0.02385196        0.00062984
    23992.20000        0.02461835        0.00064079
    24016.20000        0.02408294        0.00063438
    24040.20000        0.02462269        0.00064230
    24064.20000        0.02375577        0.00063124
    24088.30000        0.02405038        0.00063594
    24112.40000        0.02334688        0.00062698
    24136.50000        0.02287130        0.00062106
    24160.60000        0.02392372        0.00063614
    24184.80000        0.02382624        0.00063547
    24209.00000        0.02399721        0.00063866
    24233.20000        0.02365018        0.00063455
    24257.40000        0.02390626        0.00063883
    24281.70000        0.02384063        0.00063866
    24306.00000        0.02381140        0.00063893
    24330.30000        0.02349494        0.00063532
    24354.60000        0.02450140        0.00064970
    24379.00000        0.02383396        0.00064128
    24403.30000        0.02316180        0.00063279
    24427.70000        0.02277334        0.00062792
    24452.20000        0.02374547        0.00064229
    24476.60000        0.02436165        0.00065154
    24501.10000        0.02470807        0.00065713
    24525.60000        0.02370349        0.00064392
    24550.10000        0.02405127        0.00064955
    24574.70000        0.02422467        0.00065261
    24599.30000        0.02340663        0.00064212
    24623.90000        0.02304760        0.00063776
    24648.50000        0.02455397        0.00065950
    24673.10000        0.02261816        0.00063307
    24697.80000        0.02375066        0.00064991
    24722.50000        0.02541077        0.00067371
    24747.20000        0.02505412        0.00066959
    24772.00000        0.02474347        0.00066605
    24796.70000        0.02417103        0.00065893
    24821.50000        0.02508936        0.00067252
    24846.40000        0.02412322        0.00065980
    24871.20000        0.02407132        0.00065983
    24896.10000        0.02420227        0.00066242
    24921.00000        0.02477431        0.00067118
    24945.90000        0.02301709        0.00064714
    24970.90000        0.02377063        0.00065876
    24995.80000        0.02297309        0.00064824
    25020.80000        0.02399306        0.00066346
    25045.80000        0.02377476        0.00066117
    25070.90000        0.02289112        0.00064923
    25096.00000        0.02327113        0.00065548
    25121.10000        0.02354443        0.00066008
    25146.20000        0.02349405        0.00066023
    25171.30000        0.02345554        0.00066041
    25196.50000        0.02321842        0.00065780
    25221.70000        0.02265520        0.00065039
    25246.90000        0.02375801        0.00066726
    25272.20000        0.02311948        0.00065887
    25297.40000        0.02323229        0.00066129
    25322.70000        0.02354968        0.00066681
    25348.10000        0.02318028        0.00066210
    25373.40000        0.02301091        0.00066037
    25398.80000        0.02370636        0.00067130
    25424.20000        0.02375076        0.00067272
    25449.60000        0.02274890        0.00065886
    25475.10000        0.02459567        0.00068650
    25500.50000        0.02275931        0.00066055
    25526.00000        0.02296155        0.00066440
    25551.60000        0.02335494        0.00067087
    25577.10000        0.02242982        0.00065806
    25602.70000        0.02369803        0.00067757
    25628.30000        0.02417444        0.00068536
    25653.90000        0.02301146        0.00066919
    25679.60000        0.02306783        0.00067085
    25705.30000        0.02349768        0.00067780
    25731.00000        0.02385552        0.00068386
    25756.70000        0.02362369        0.00068131
    25782.50000        0.02323260        0.00067623
    25808.30000        0.02290006        0.00067201
    25834.10000        0.02378487        0.00068601
    25859.90000        0.02450216        0.00069735
    25885.80000        0.02335179        0.00068100
    25911.60000        0.02379641        0.00068847
    25937.60000        0.02219241        0.00066504
    25963.50000        0.02265092        0.00067275
    25989.50000        0.02350968        0.00068658
    26015.50000        0.02295907        0.00067915
    26041.50000        0.02421250        0.00069866
    26067.50000        0.02241033        0.00067222
    26093.60000        0.02347311        0.00068920
    26119.70000        0.02257341        0.00067639
    26145.80000        0.02348043        0.00069093
    26171.90000        0.02295697        0.00068388
    26198.10000        0.02396144        0.00069974
    26224.30000        0.02377496        0.00069760
    26250.50000        0.02363142        0.00069638
    26276.80000        0.02380704        0.00069969
    26303.10000        0.02397879        0.00070308
    26329.40000        0.02508127        0.00072034
    26355.70000        0.02388416        0.00070334
    26382.10000        0.02337396        0.00069644
    26408.40000        0.02412371        0.00070853
    26434.90000        0.02548069        0.00072955
    26461.30000        0.02445507        0.00071509
    26487.80000        0.02500225        0.00072417
    26514.20000        0.02612540        0.00074138
    26540.80000        0.02669867        0.00075056
    26567.30000        0.02840851        0.00077570
    26593.90000        0.02888711        0.00078333
    26620.50000        0.03269915        0.00083599
    26647.10000        0.04372800        0.00097295
    26673.70000        0.07488659        0.00129371
    26700.40000        0.15760927        0.00194976
    26727.10000        0.32601202        0.00300504
    26753.80000        0.58661089        0.00441429
    26780.60000        0.90964025        0.00603715
    26807.40000        1.13944258        0.00716058
    26834.20000        1.14078888        0.00717616
    26861.00000        0.91482023        0.00608443
    26887.90000        0.57225037        0.00436536
    26914.80000        0.28242447        0.00277280
    26941.70000        0.13058308        0.00177242
    26968.60000        0.06548425        0.00122000
    26995.60000        0.04508406        0.00100377
    27022.60000        0.03713935        0.00090857
    27049.60000        0.03336764        0.00086077
    27076.70000        0.02974088        0.00081208
    27103.70000        0.02756331        0.00078198
    27130.90000        0.02875758        0.00080020
    27158.00000        0.02811353        0.00079183
    27185.10000        0.02561348        0.00075572
    27212.30000        0.02704546        0.00077809
    27239.50000        0.02449069        0.00074035
    27266.80000        0.02466005        0.00074399
    27294.10000        0.02643534        0.00077189
    27321.30000        0.02512170        0.00075303
    27348.70000        0.02403114        0.00073691
    27376.00000        0.02437800        0.00074333
    27403.40000        0.02392636        0.00073710
    27430.80000        0.02583594        0.00076769
    27458.20000        0.02351410        0.00073238
    27485.70000        0.02426507        0.00074510
    27513.20000        0.02365385        0.00073654
    27540.70000        0.02272911        0.00072251
    27568.20000        0.02474829        0.00075568
    27595.80000        0.02449437        0.00075269
    27623.40000        0.02473819        0.00075746
    27651.00000        0.02502479        0.00076284
    27678.70000        0.02326660        0.00073575
    27706.40000        0.02419447        0.00075164
    27734.10000        0.02374243        0.00074567
    27761.80000        0.02314284        0.00073684
    27789.60000        0.02400386        0.00075174
    27817.40000        0.02181136        0.00071691
    27845.20000        0.02323146        0.00074124
    27873.00000        0.02270810        0.00073346
    27900.90000        0.02356151        0.00074851
    27928.80000        0.02365030        0.00075109
    27956.70000        0.02268257        0.00073611
    27984.70000        0.02332684        0.00074772
    28012.70000        0.02470087        0.00077080
    28040.70000        0.02290792        0.00074269
    28068.70000        0.02240014        0.00073534
    28096.80000        0.02386172        0.00076051
    28124.90000        0.02399897        0.00076387
    28153.00000        0.02334980        0.00075413
    28181.20000        0.02298159        0.00074898
    28209.40000        0.02337751        0.00075668
    28237.60000        0.02290970        0.00074971
    28265.80000        0.02295189        0.00075165
    28294.10000        0.02446604        0.00077759
    28322.40000        0.02252307        0.00074638
    28350.70000        0.02352827        0.00076417
    28379.10000        0.02393177        0.00077202
    28407.40000        0.02335816        0.00076339
    28435.80000        0.02369749        0.00077027
    28464.30000        0.02192886        0.00074141
    28492.70000        0.02307197        0.00076205
    28521.20000        0.02415089        0.00078116
    28549.80000        0.02265885        0.00075721
    28578.30000        0.02336878        0.00077019
    28606.90000        0.02204309        0.00074877
    28635.50000        0.02163357        0.00074250
    28664.10000        0.02337022        0.00077355
    28692.80000        0.02433981        0.00079084
    28721.50000        0.02372811        0.00078185
    28750.20000        0.02207812        0.00075456
    28779.00000        0.02315453        0.00077430
    28807.70000        0.02255418        0.00076502
    28836.60000        0.02381740        0.00078761
    28865.40000        0.02358039        0.00078490
    28894.30000        0.02308275        0.00077731
    28923.20000        0.02322949        0.00078101
    28952.10000        0.02324145        0.00078236
    28981.00000        0.02389770        0.00079465
    29010.00000        0.02244410        0.00077062
    29039.00000        0.02375747        0.00079470
    29068.10000        0.02353811        0.00079211
    29097.10000        0.02321973        0.00078786
    29126.20000        0.02302651        0.00078561
    29155.40000        0.02322423        0.00079008
    29184.50000        0.02288486        0.00078518
    29213.70000        0.02405884        0.00080656
    29242.90000        0.02304227        0.00079027
    29272.20000        0.02305923        0.00079161
    29301.40000        0.02310755        0.00079366
    29330.70000        0.02309864        0.00079475
    29360.10000        0.02413179        0.00081404
    29389.40000        0.02355928        0.00080539
    29418.80000        0.02314209        0.00079910
    29448.20000        0.02334552        0.00080400
    29477.70000        0.02447914        0.00082489
    29507.20000        0.02182556        0.00077906
    29536.70000        0.02295794        0.00080069
    29566.20000        0.02371135        0.00081530
    29595.80000        0.02348153        0.00081241
    29625.40000        0.02401628        0.00082301
    29655.00000        0.02403594        0.00082475
    29684.70000        0.02352615        0.00081692
    29714.40000        0.02354387        0.00081835
    29744.10000        0.02336579        0.00081658
    29773.80000        0.02411587        0.00083124
    29803.60000        0.02324348        0.00081696
    29833.40000        0.02498050        0.00084910
    29863.20000        0.02384410        0.00083043
    29893.10000        0.02412309        0.00083679
    29923.00000        0.02263363        0.00081116
    29952.90000        0.02343924        0.00082705
    29982.90000        0.02337191        0.00082709
    30012.90000        0.02370124        0.00083438
    30042.90000        0.02567971        0.00087089
    30072.90000        0.02342008        0.00083202
    30103.00000        0.02375297        0.00083941
    30133.10000        0.02374048        0.00084028
    30163.20000        0.02244512        0.00081793
    30193.40000        0.02397380        0.00084730
    30223.60000        0.02340512        0.00083820
    30253.80000        0.02479995        0.00086455
    30284.10000        0.02411039        0.00085353
    30314.40000        0.02388995        0.00085102
    30344.70000        0.02414118        0.00085673
    30375.00000        0.02377059        0.00085144
    30405.40000        0.02331455        0.00084452
    30435.80000        0.02530765        0.00088203
    30466.20000        0.02469923        0.00087250
    30496.70000        0.02436168        0.00086802
    30527.20000        0.02437629        0.00086948
    30557.70000        0.02493947        0.00088109
    30588.30000        0.02362596        0.00085867
    30618.90000        0.02378456        0.00086272
    30649.50000        0.02392315        0.00086682
    30680.20000        0.02514264        0.00089052
    30710.80000        0.02383415        0.00086782
    30741.50000        0.02511707        0.00089305
    30772.30000        0.02507138        0.00089362
    30803.10000        0.02359152        0.00086739
    30833.90000        0.02444927        0.00088480
    30864.70000        0.02540818        0.00090401
    30895.60000        0.02477250        0.00089381
    30926.50000        0.02573795        0.00091315
    30957.40000        0.02585248        0.00091678
    30988.40000        0.02704979        0.00093965
    31019.30000        0.02624178        0.00092672
    31050.40000        0.02646138        0.00093232
    31081.40000        0.02809566        0.00096305
    31112.50000        0.02896440        0.00097980
    31143.60000        0.02861105        0.00097545
    31174.80000        0.03432836        0.00107344
    31205.90000        0.03941826        0.00115486
    31237.10000        0.05355697        0.00135755
    31268.40000        0.09889440        0.00188719
    31299.60000        0.20556772        0.00285447
    31330.90000        0.43901506        0.00456425
    31362.30000        0.81941730        0.00702201
    31393.60000        1.33883897        0.01019324
    31425.00000        1.74451085        0.01262540
    31456.50000        1.83429503        0.01317582
    31487.90000        1.53455479        0.01141480
    31519.40000        1.03117425        0.00839135
    31550.90000        0.52893114        0.00522327
    31582.50000        0.23198354        0.00311024
    31614.10000        0.10961397        0.00203244
    31645.70000        0.06396058        0.00152266
    31677.30000        0.04880334        0.00132322
    31709.00000        0.03836045        0.00116918
    31740.70000        0.03639256        0.00113951
    31772.50000        0.03248324        0.00107658
    31804.20000        0.03096179        0.00105191
    31836.00000        0.02838271        0.00100774
    31867.90000        0.02921976        0.00102460
    31899.80000        0.02771840        0.00099896
    31931.70000        0.02735584        0.00099399
    31963.60000        0.02713230        0.00099157
    31995.60000        0.02565854        0.00096523
    32027.50000        0.02635430        0.00098017
    32059.60000        0.02405731        0.00093701
    32091.60000        0.02585467        0.00097394
    32123.70000        0.02602241        0.00097909
    32155.90000        0.02680173        0.00099581
    32188.00000        0.02576677        0.00097725
    32220.20000        0.02495529        0.00096322
    32252.40000        0.02672278        0.00099936
    32284.70000        0.02415653        0.00095086
    32317.00000        0.02413377        0.00095206
    32349.30000        0.02554673        0.00098191
    32381.60000        0.02641964        0.00100102
    32414.00000        0.02655461        0.00100555
    32446.40000        0.02553318        0.00098717
    32478.90000        0.02409189        0.00096009
    32511.40000        0.02443540        0.00096843
    32543.90000        0.02546386        0.00099107
    32576.40000        0.02435074        0.00097053
    32609.00000        0.02466657        0.00097843
    32641.60000        0.02403508        0.00096750
    32674.30000        0.02500344        0.00098899
    32706.90000        0.02481979        0.00098720
    32739.60000        0.02417241        0.00097540
    32772.40000        0.02468764        0.00098791
    32805.20000        0.02648012        0.00102568
    32838.00000        0.02619286        0.00102198
    32870.80000        0.02418833        0.00098311
    32903.70000        0.02635433        0.00102910
    32936.60000        0.02476697        0.00099889
    32969.50000        0.02443029        0.00099387
    33002.50000        0.02429118        0.00099300
    33035.50000        0.02255594        0.00095782
    33068.50000        0.02439716        0.00099903
    33101.60000        0.02341310        0.00098027
    33134.70000        0.02406739        0.00099580
    33167.80000        0.02444020        0.00100583
    33201.00000        0.02311989        0.00097933
    33234.20000        0.02626885        0.00104796
    33267.40000        0.02514833        0.00102678
    33300.70000        0.02545679        0.00103531
    33334.00000        0.02485727        0.00102493
    33367.30000        0.02297794        0.00098656
    33400.70000        0.02311668        0.00099165
    33434.10000        0.02379422        0.00100823
    33467.60000        0.02351679        0.00100468
    33501.00000        0.02513335        0.00104134
    33534.50000        0.02455455        0.00103096
    33568.10000        0.02330438        0.00100610
    33601.60000        0.02507067        0.00104683
    33635.20000        0.02440549        0.00103443
    33668.90000        0.02399835        0.00102796
    33702.50000        0.02367948        0.00102347
    33736.20000        0.02574343        0.00107061
    33770.00000        0.02424887        0.00104079
    33803.80000        0.02352828        0.00102705
    33837.60000        0.02464301        0.00105392
    33871.40000        0.02383680        0.00103905
    33905.30000        0.02311008        0.00102493
    33939.20000        0.02589216        0.00108880
    33973.10000        0.02470863        0.00106540
    34007.10000        0.02294302        0.00102849
    34041.10000        0.02301590        0.00103290
    34075.10000        0.02327636        0.00104181
    34109.20000        0.02463720        0.00107497
    34143.30000        0.02324500        0.00104624
    34177.50000        0.02554799        0.00110098
    34211.70000        0.02461461        0.00108329
    34245.90000        0.02587401        0.00111460
    34280.10000        0.02461119        0.00108937
    34314.40000        0.02632115        0.00113088
    34348.70000        0.02256401        0.00104795
    34383.10000        0.02446697        0.00109574
    34417.50000        0.02567079        0.00112626
    34451.90000        0.02461348        0.00110546
    34486.30000        0.02339546        0.00108032
    34520.80000        0.02530379        0.00112815
    34555.30000        0.02590929        0.00114519
    34589.90000        0.02577691        0.00114589
    34624.50000        0.02418766        0.00111266
    34659.10000        0.02559693        0.00114894
    34693.80000        0.02358407        0.00110547
    34728.50000        0.02583255        0.00116215
    34763.20000        0.02600974        0.00117023
    34798.00000        0.02462762        0.00114141
    34832.80000        0.02542346        0.00116404
    34867.60000        0.02748849        0.00121592
    34902.50000        0.02758482        0.00122276
    34937.40000        0.02745852        0.00122422
    34972.30000        0.03247761        0.00133960
