  Tue 23-DEC-2014 12:05 Workspace: resultStddevSANS2d_E2
 
   42    0    0    0    1   42    0
         0         0         0         0
 3 (F12.5,2E16.6)
     0.30908    2.381254e+00    0.000000e+00
     0.34020    2.795728e+00    0.000000e+00
     0.37446    3.097727e+00    0.000000e+00
     0.41216    3.487991e+00    0.000000e+00
     0.45366    3.951839e+00    0.000000e+00
     0.49935    6.554729e+00    0.000000e+00
     0.54963    1.903098e+01    0.000000e+00
     0.60497    2.968623e+01    0.000000e+00
     0.66589    4.412621e+01    0.000000e+00
     0.73293    6.728959e+01    0.000000e+00
     0.80673    1.133844e+02    0.000000e+00
     0.88797    1.308363e+02    0.000000e+00
     0.97739    1.749729e+02    0.000000e+00
     1.07581    2.122804e+02    0.000000e+00
     1.18413    2.298970e+02    0.000000e+00
     1.30337    2.674237e+02    0.000000e+00
     1.43461    2.962918e+02    0.000000e+00
     1.57907    3.227605e+02    0.000000e+00
     1.73808    3.444621e+02    0.000000e+00
     1.91310    3.527854e+02    0.000000e+00
     2.10573    3.743820e+02    0.000000e+00
     2.31773    3.649873e+02    0.000000e+00
     2.55109    3.639017e+02    0.000000e+00
     2.80799    3.637046e+02    0.000000e+00
     3.09077    3.566567e+02    0.000000e+00
     3.40200    3.582281e+02    0.000000e+00
     3.74455    3.584202e+02    0.000000e+00
     4.12161    3.517723e+02    0.000000e+00
     4.53663    3.548128e+02    0.000000e+00
     4.99346    3.566895e+02    0.000000e+00
     5.49629    3.518193e+02    0.000000e+00
     6.04975    3.522493e+02    0.000000e+00
     6.65890    3.445417e+02    0.000000e+00
     7.32932    3.529861e+02    0.000000e+00
     8.06727    3.605614e+02    0.000000e+00
     9.00672    3.720288e+02    0.000000e+00
    10.51512    3.555117e+02    0.000000e+00
    12.73938    3.572766e+02    0.000000e+00
    15.43405    3.607789e+02    0.000000e+00
    18.69877    3.398030e+02    0.000000e+00
    22.65440    3.960638e+02    0.000000e+00
    35.58852    4.261313e+02    0.000000e+00
