 SANS2d Thu 25-JUN-2009 16:23 run 524_add  L2=6m. direct beam file
 look like bin centres, prob OK > 1.5 ang, needs extrapolation >15ang
  147 0    0    0    1     147    0
      0         0         0         0
 3 (F12.5,2E16.6)
     0.85000    1.806346e-001    1.751341e-002
     0.95000    1.633278e-001    9.261665e-003
     1.05000    1.755751e-001    5.993836e-003
     1.15000    3.711923e-001    7.539239e-003
     1.25000    3.631481e-001    4.605190e-003
     1.35000    5.158987e-001    5.068445e-003
     1.45000    4.624096e-001    3.736275e-003
     1.55000    4.621229e-001    3.363717e-003
     1.65000    4.555504e-001    3.110636e-003
     1.75000    3.698011e-001    2.349069e-003
     1.85000    3.795511e-001    2.252596e-003
     1.95000    3.363179e-001    1.860852e-003
     2.05000    3.117638e-001    1.604326e-003
     2.15000    3.202286e-001    1.539535e-003
     2.25000    2.749942e-001    1.208880e-003
     2.35000    2.863475e-001    1.181407e-003
     2.45000    2.724125e-001    1.051212e-003
     2.55000    2.791193e-001    1.028914e-003
     2.65000    2.664727e-001    9.809706e-004
     2.75000    2.646216e-001    9.739210e-004
     2.85000    2.631293e-001    9.599278e-004
     2.95000    2.534173e-001    9.181986e-004
     3.05000    2.466896e-001    9.025307e-004
     3.15000    2.397120e-001    8.869675e-004
     3.25000    2.357707e-001    8.902260e-004
     3.35000    2.295565e-001    8.842337e-004
     3.45000    2.237447e-001    8.851393e-004
     3.55000    2.236567e-001    9.205349e-004
     3.65000    2.139959e-001    9.134704e-004
     3.75000    2.128502e-001    9.327584e-004
     3.85000    2.076081e-001    9.233939e-004
     3.95000    1.947953e-001    8.957533e-004
     4.05000    1.971583e-001    9.130086e-004
     4.15000    2.032378e-001    9.333683e-004
     4.25000    2.051683e-001    9.406512e-004
     4.35000    2.028662e-001    9.396868e-004
     4.45000    1.985572e-001    9.346475e-004
     4.55000    1.958180e-001    9.446914e-004
     4.65000    1.942998e-001    9.460969e-004
     4.75000    1.973703e-001    9.598328e-004
     4.85000    1.966623e-001    9.710727e-004
     4.95000    1.934516e-001    9.767494e-004
     5.05000    1.946329e-001    1.009213e-003
     5.15000    1.876352e-001    1.000495e-003
     5.25000    1.844478e-001    1.021835e-003
     5.35000    1.820666e-001    1.035746e-003
     5.45000    1.783574e-001    1.044770e-003
     5.55000    1.805658e-001    1.089733e-003
     5.65000    1.751007e-001    1.085466e-003
     5.75000    1.749960e-001    1.119680e-003
     5.85000    1.711112e-001    1.130652e-003
     5.95000    1.651488e-001    1.129209e-003
     6.05000    1.691117e-001    1.189213e-003
     6.15000    1.640414e-001    1.185320e-003
     6.25000    1.639518e-001    1.222170e-003
     6.35000    1.623024e-001    1.245584e-003
     6.45000    1.586776e-001    1.251805e-003
     6.55000    1.602990e-001    1.310836e-003
     6.65000    1.535185e-001    1.296430e-003
     6.75000    1.546102e-001    1.338725e-003
     6.85000    1.521996e-001    1.361182e-003
     6.95000    1.482353e-001    1.362242e-003
     7.05000    1.517039e-001    1.434848e-003
     7.15000    1.467031e-001    1.426413e-003
     7.25000    1.471239e-001    1.466940e-003
     7.35000    1.449443e-001    1.495825e-003
     7.45000    1.411213e-001    1.495743e-003
     7.55000    1.429941e-001    1.558888e-003
     7.65000    1.396443e-001    1.560029e-003
     7.75000    1.397666e-001    1.602221e-003
     7.85000    1.395097e-001    1.642750e-003
     7.95000    1.357508e-001    1.639277e-003
     8.05000    1.377993e-001    1.714418e-003
     8.15000    1.356986e-001    1.723247e-003
     8.25000    1.353740e-001    1.758734e-003
     8.35000    1.352204e-001    1.802734e-003
     8.45000    1.318143e-001    1.799328e-003
     8.55000    1.352451e-001    1.890309e-003
     8.65000    1.293339e-001    1.870815e-003
     8.75000    1.289360e-001    1.904821e-003
     8.85000    1.301741e-001    1.965699e-003
     8.95000    1.267606e-001    1.960295e-003
     9.05000    1.296307e-001    2.049039e-003
     9.15000    1.293452e-001    2.078235e-003
     9.25000    1.283513e-001    2.106588e-003
     9.35000    1.254235e-001    2.142761e-003
     9.45000    1.215310e-001    2.131536e-003
     9.55000    1.216414e-001    2.193555e-003
     9.65000    1.209290e-001    2.216437e-003
     9.75000    1.200436e-001    2.237504e-003
     9.85000    1.215660e-001    2.324495e-003
     9.95000    1.175067e-001    2.309214e-003
     10.05000    1.188615e-001    2.389031e-003
     10.15000    1.192840e-001    2.428123e-003
     10.25000    1.165775e-001    2.426869e-003
     10.35000    1.179541e-001    2.532273e-003
     10.45000    1.139144e-001    2.510316e-003
     10.55000    1.136368e-001    2.556736e-003
     10.65000    1.129897e-001    2.583417e-003
     10.75000    1.120093e-001    2.596554e-003
     10.85000    1.170208e-001    2.768258e-003
     10.95000    1.086680e-001    2.686391e-003
     11.05000    1.059571e-001    2.704511e-003
     11.15000    1.080165e-001    2.778603e-003
     11.25000    1.099110e-001    2.834322e-003
     11.35000    1.063601e-001    2.860576e-003
     11.45000    9.858668e-002    2.775505e-003
     11.55000    1.059971e-001    2.956114e-003
     11.65000    1.040499e-001    2.977682e-003
     11.75000    1.016458e-001    2.967685e-003
     11.85000    1.043400e-001    3.111996e-003
     11.95000    9.997704e-002    3.065282e-003
     12.05000    9.927764e-002    3.101471e-003
     12.15000    1.011898e-001    3.201664e-003
     12.25000    1.010846e-001    3.234994e-003
     12.35000    1.001353e-001    3.318506e-003
     12.45000    9.374613e-002    3.229030e-003
     12.55000    9.112876e-002    3.223885e-003
     12.65000    9.506910e-002    3.380056e-003
     12.75000    9.840342e-002    3.480650e-003
     12.85000    9.378328e-002    3.449244e-003
     12.95000    8.835517e-002    3.388026e-003
     13.05000    9.012412e-002    3.493997e-003
     13.15000    9.270671e-002    3.617685e-003
     13.25000    9.124636e-002    3.619138e-003
     13.35000    9.066712e-002    3.693885e-003
     13.45000    9.090927e-002    3.749284e-003
     13.55000    8.910674e-002    3.768761e-003
     13.65000    8.794459e-002    3.813791e-003
     13.75000    8.851253e-002    3.861043e-003
     13.85000    8.818022e-002    3.946124e-003
     13.95000    8.511074e-002    3.926973e-003
     14.05000    8.876309e-002    4.076228e-003
     14.15000    8.331030e-002    3.986447e-003
     14.25000    8.011388e-002    3.941613e-003
     14.35000    8.440657e-002    4.189286e-003
     14.45000    8.461260e-002    4.222705e-003
     14.55000    8.517172e-002    4.262161e-003
     14.65000    8.899625e-002    4.505428e-003
     14.75000    8.469828e-002    4.430027e-003
     14.85000    8.621914e-002    4.558505e-003
     14.95000    8.275563e-002    4.513824e-003
     15.05000    7.976739e-002    4.466359e-003
     15.15000    8.314321e-002    4.776684e-003
     15.25000    7.987506e-002    4.813448e-003
     15.35000    7.635310e-002    5.070745e-003
     15.45000    7.165672e-002    5.531579e-003
