X , Y0 , E0
2.5 537 23.1733
7.5 285 16.8819
12.5 204 14.2829
17.5 163 12.7671
22.5 137 11.7047
27.5 97 9.84886
32.5 81 9
37.5 52 7.2111
42.5 49 7
47.5 63 7.93725
52.5 41 6.40312
57.5 41 6.40312
62.5 27 5.19615
67.5 33 5.74456
72.5 31 5.56776
77.5 26 5.09902
82.5 34 5.83095
87.5 22 4.69042
92.5 21 4.58258
97.5 21 4.58258
102.5 20 4.47214
107.5 19 4.3589
112.5 19 4.3589
117.5 13 3.60555
122.5 14 3.74166
127.5 14 3.74166
132.5 7 2.64575
137.5 19 4.3589
142.5 6 2.44949
147.5 15 3.87298
152.5 16 4
157.5 12 3.4641
162.5 8 2.82843
167.5 10 3.16228
172.5 10 3.16228
177.5 10 3.16228
182.5 17 4.12311
187.5 14 3.74166
192.5 6 2.44949
197.5 10 3.16228
202.5 19 4.3589
207.5 13 3.60555
212.5 17 4.12311
217.5 5 2.23607
222.5 10 3.16228
227.5 13 3.60555
232.5 12 3.4641
237.5 9 3
242.5 7 2.64575
247.5 8 2.82843
252.5 10 3.16228
257.5 4 2
262.5 5 2.23607
267.5 8 2.82843
272.5 10 3.16228
277.5 6 2.44949
282.5 8 2.82843
287.5 12 3.4641
292.5 12 3.4641
297.5 13 3.60555
302.5 9 3
307.5 8 2.82843
312.5 7 2.64575
317.5 6 2.44949
322.5 5 2.23607
327.5 5 2.23607
332.5 7 2.64575
337.5 7 2.64575
342.5 2 1.41421
347.5 10 3.16228
352.5 9 3
357.5 8 2.82843
362.5 5 2.23607
367.5 6 2.44949
372.5 11 3.31662
377.5 12 3.4641
382.5 4 2
387.5 7 2.64575
392.5 9 3
397.5 8 2.82843
402.5 5 2.23607
407.5 11 3.31662
412.5 12 3.4641
417.5 5 2.23607
422.5 4 2
427.5 7 2.64575
432.5 7 2.64575
437.5 6 2.44949
442.5 4 2
447.5 6 2.44949
452.5 5 2.23607
457.5 6 2.44949
462.5 4 2
467.5 8 2.82843
472.5 4 2
477.5 8 2.82843
482.5 1 1
487.5 6 2.44949
492.5 6 2.44949
497.5 9 3
502.5 7 2.64575
507.5 6 2.44949
512.5 4 2
517.5 10 3.16228
522.5 9 3
527.5 4 2
532.5 3 1.73205
537.5 5 2.23607
542.5 7 2.64575
547.5 6 2.44949
552.5 10 3.16228
557.5 6 2.44949
562.5 6 2.44949
567.5 5 2.23607
572.5 6 2.44949
577.5 8 2.82843
582.5 10 3.16228
587.5 13 3.60555
592.5 12 3.4641
597.5 7 2.64575
602.5 7 2.64575
607.5 9 3
612.5 9 3
617.5 10 3.16228
622.5 7 2.64575
627.5 10 3.16228
632.5 6 2.44949
637.5 7 2.64575
642.5 2 1.41421
647.5 3 1.73205
652.5 10 3.16228
657.5 14 3.74166
662.5 3 1.73205
667.5 8 2.82843
672.5 8 2.82843
677.5 11 3.31662
682.5 12 3.4641
687.5 11 3.31662
692.5 10 3.16228
697.5 6 2.44949
702.5 3 1.73205
707.5 4 2
712.5 6 2.44949
717.5 7 2.64575
722.5 5 2.23607
727.5 15 3.87298
732.5 14 3.74166
737.5 1 1
742.5 9 3
747.5 8 2.82843
752.5 16 4
757.5 10 3.16228
762.5 13 3.60555
767.5 16 4
772.5 9 3
777.5 15 3.87298
782.5 18 4.24264
787.5 25 5
792.5 21 4.58258
797.5 23 4.79583
802.5 22 4.69042
807.5 26 5.09902
812.5 37 6.08276
817.5 48 6.9282
822.5 72 8.48528
827.5 80 8.94427
832.5 103 10.1489
837.5 131 11.4455
842.5 161 12.6886
847.5 229 15.1327
852.5 280 16.7332
857.5 306 17.4929
862.5 405 20.1246
867.5 456 21.3542
872.5 502 22.4054
877.5 554 23.5372
882.5 657 25.632
887.5 764 27.6405
892.5 774 27.8209
897.5 854 29.2233
902.5 919 30.315
907.5 1033 32.1403
912.5 1019 31.9218
917.5 1085 32.9393
922.5 1154 33.9706
927.5 1203 34.6843
932.5 1189 34.4819
937.5 1261 35.5106
942.5 1242 35.242
947.5 1201 34.6554
952.5 1269 35.623
957.5 1267 35.5949
962.5 1158 34.0294
967.5 1098 33.1361
972.5 1058 32.5269
977.5 1039 32.2335
982.5 954 30.8869
987.5 892 29.8664
992.5 831 28.8271
997.5 734 27.0924
1002.5 665 25.7876
1007.5 605 24.5967
1012.5 545 23.3452
1017.5 500 22.3607
1022.5 458 21.4009
1027.5 392 19.799
1032.5 319 17.8606
1037.5 283 16.8226
1042.5 242 15.5563
1047.5 180 13.4164
1052.5 171 13.0767
1057.5 146 12.083
1062.5 133 11.5326
1067.5 104 10.198
1072.5 105 10.247
1077.5 97 9.84886
1082.5 84 9.16515
1087.5 81 9
1092.5 58 7.61577
1097.5 59 7.68115
1102.5 74 8.60233
1107.5 67 8.18535
1112.5 60 7.74597
1117.5 56 7.48331
1122.5 43 6.55744
1127.5 47 6.85565
1132.5 44 6.63325
1137.5 61 7.81025
1142.5 41 6.40312
1147.5 48 6.9282
1152.5 46 6.78233
1157.5 50 7.07107
1162.5 43 6.55744
1167.5 50 7.07107
1172.5 43 6.55744
1177.5 50 7.07107
1182.5 42 6.48074
1187.5 37 6.08276
1192.5 29 5.38516
1197.5 45 6.7082
1202.5 43 6.55744
1207.5 42 6.48074
1212.5 29 5.38516
1217.5 45 6.7082
1222.5 35 5.91608
1227.5 45 6.7082
1232.5 37 6.08276
1237.5 45 6.7082
1242.5 46 6.78233
1247.5 38 6.16441
1252.5 45 6.7082
1257.5 33 5.74456
1262.5 42 6.48074
1267.5 42 6.48074
1272.5 52 7.2111
1277.5 56 7.48331
1282.5 45 6.7082
1287.5 48 6.9282
1292.5 39 6.245
1297.5 36 6
1302.5 42 6.48074
1307.5 33 5.74456
1312.5 34 5.83095
1317.5 36 6
1322.5 38 6.16441
1327.5 51 7.14143
1332.5 54 7.34847
1337.5 47 6.85565
1342.5 31 5.56776
1347.5 45 6.7082
1352.5 37 6.08276
1357.5 44 6.63325
1362.5 49 7
1367.5 40 6.32456
1372.5 38 6.16441
1377.5 44 6.63325
1382.5 48 6.9282
1387.5 57 7.54983
1392.5 33 5.74456
1397.5 30 5.47723
1402.5 41 6.40312
1407.5 37 6.08276
1412.5 47 6.85565
1417.5 42 6.48074
1422.5 42 6.48074
1427.5 41 6.40312
1432.5 38 6.16441
1437.5 49 7
1442.5 42 6.48074
1447.5 35 5.91608
1452.5 37 6.08276
1457.5 44 6.63325
1462.5 30 5.47723
1467.5 34 5.83095
1472.5 42 6.48074
1477.5 43 6.55744
1482.5 51 7.14143
1487.5 44 6.63325
1492.5 38 6.16441
1497.5 44 6.63325
1502.5 44 6.63325
1507.5 34 5.83095
1512.5 39 6.245
1517.5 46 6.78233
1522.5 36 6
1527.5 37 6.08276
1532.5 45 6.7082
1537.5 41 6.40312
1542.5 34 5.83095
1547.5 29 5.38516
1552.5 46 6.78233
1557.5 49 7
1562.5 36 6
1567.5 29 5.38516
1572.5 53 7.28011
1577.5 29 5.38516
1582.5 42 6.48074
1587.5 35 5.91608
1592.5 33 5.74456
1597.5 35 5.91608
1602.5 38 6.16441
1607.5 40 6.32456
1612.5 44 6.63325
1617.5 36 6
1622.5 35 5.91608
1627.5 31 5.56776
1632.5 31 5.56776
1637.5 30 5.47723
1642.5 41 6.40312
1647.5 42 6.48074
1652.5 41 6.40312
1657.5 43 6.55744
1662.5 32 5.65685
1667.5 32 5.65685
1672.5 34 5.83095
1677.5 37 6.08276
1682.5 31 5.56776
1687.5 30 5.47723
1692.5 29 5.38516
1697.5 35 5.91608
1702.5 42 6.48074
1707.5 27 5.19615
1712.5 38 6.16441
1717.5 44 6.63325
1722.5 33 5.74456
1727.5 27 5.19615
1732.5 32 5.65685
1737.5 26 5.09902
1742.5 40 6.32456
1747.5 36 6
1752.5 34 5.83095
1757.5 38 6.16441
1762.5 33 5.74456
1767.5 38 6.16441
1772.5 33 5.74456
1777.5 27 5.19615
1782.5 37 6.08276
1787.5 31 5.56776
1792.5 28 5.2915
1797.5 34 5.83095
1802.5 34 5.83095
1807.5 22 4.69042
1812.5 29 5.38516
1817.5 38 6.16441
1822.5 38 6.16441
1827.5 37 6.08276
1832.5 31 5.56776
1837.5 28 5.2915
1842.5 33 5.74456
1847.5 28 5.2915
1852.5 33 5.74456
1857.5 27 5.19615
1862.5 29 5.38516
1867.5 20 4.47214
1872.5 35 5.91608
1877.5 35 5.91608
1882.5 33 5.74456
1887.5 35 5.91608
1892.5 28 5.2915
1897.5 30 5.47723
1902.5 36 6
1907.5 30 5.47723
1912.5 27 5.19615
1917.5 23 4.79583
1922.5 32 5.65685
1927.5 35 5.91608
1932.5 29 5.38516
1937.5 44 6.63325
1942.5 32 5.65685
1947.5 27 5.19615
1952.5 33 5.74456
1957.5 31 5.56776
1962.5 28 5.2915
1967.5 33 5.74456
1972.5 21 4.58258
1977.5 37 6.08276
1982.5 31 5.56776
1987.5 23 4.79583
1992.5 28 5.2915
1997.5 23 4.79583
2002.5 26 5.09902
2007.5 23 4.79583
2012.5 36 6
2017.5 24 4.89898
2022.5 26 5.09902
2027.5 32 5.65685
2032.5 32 5.65685
2037.5 34 5.83095
2042.5 32 5.65685
2047.5 33 5.74456
2052.5 26 5.09902
2057.5 32 5.65685
2062.5 26 5.09902
2067.5 33 5.74456
2072.5 25 5
2077.5 25 5
2082.5 30 5.47723
2087.5 28 5.2915
2092.5 26 5.09902
2097.5 34 5.83095
2102.5 34 5.83095
2107.5 24 4.89898
2112.5 17 4.12311
2117.5 28 5.2915
2122.5 23 4.79583
2127.5 29 5.38516
2132.5 26 5.09902
2137.5 34 5.83095
2142.5 25 5
2147.5 30 5.47723
2152.5 31 5.56776
2157.5 27 5.19615
2162.5 27 5.19615
2167.5 23 4.79583
2172.5 28 5.2915
2177.5 32 5.65685
2182.5 36 6
2187.5 25 5
2192.5 32 5.65685
2197.5 29 5.38516
2202.5 14 3.74166
2207.5 29 5.38516
2212.5 32 5.65685
2217.5 27 5.19615
2222.5 35 5.91608
2227.5 28 5.2915
2232.5 24 4.89898
2237.5 22 4.69042
2242.5 19 4.3589
2247.5 20 4.47214
2252.5 28 5.2915
2257.5 37 6.08276
2262.5 26 5.09902
2267.5 22 4.69042
2272.5 32 5.65685
2277.5 28 5.2915
2282.5 26 5.09902
2287.5 27 5.19615
2292.5 22 4.69042
2297.5 29 5.38516
2302.5 24 4.89898
2307.5 29 5.38516
2312.5 30 5.47723
2317.5 24 4.89898
2322.5 31 5.56776
2327.5 22 4.69042
2332.5 17 4.12311
2337.5 26 5.09902
2342.5 27 5.19615
2347.5 29 5.38516
2352.5 28 5.2915
2357.5 22 4.69042
2362.5 28 5.2915
2367.5 29 5.38516
2372.5 26 5.09902
2377.5 21 4.58258
2382.5 28 5.2915
2387.5 25 5
2392.5 24 4.89898
2397.5 24 4.89898
2402.5 25 5
2407.5 28 5.2915
2412.5 27 5.19615
2417.5 32 5.65685
2422.5 28 5.2915
2427.5 22 4.69042
2432.5 27 5.19615
2437.5 31 5.56776
2442.5 28 5.2915
2447.5 25 5
2452.5 31 5.56776
2457.5 26 5.09902
2462.5 42 6.48074
2467.5 24 4.89898
2472.5 28 5.2915
2477.5 34 5.83095
2482.5 27 5.19615
2487.5 25 5
2492.5 30 5.47723
2497.5 29 5.38516
2502.5 26 5.09902
2507.5 36 6
2512.5 33 5.74456
2517.5 29 5.38516
2522.5 27 5.19615
2527.5 29 5.38516
2532.5 34 5.83095
2537.5 34 5.83095
2542.5 17 4.12311
2547.5 20 4.47214
2552.5 33 5.74456
2557.5 27 5.19615
2562.5 24 4.89898
2567.5 25 5
2572.5 24 4.89898
2577.5 24 4.89898
2582.5 30 5.47723
2587.5 27 5.19615
2592.5 34 5.83095
2597.5 31 5.56776
2602.5 19 4.3589
2607.5 26 5.09902
2612.5 22 4.69042
2617.5 32 5.65685
2622.5 20 4.47214
2627.5 29 5.38516
2632.5 29 5.38516
2637.5 31 5.56776
2642.5 35 5.91608
2647.5 25 5
2652.5 36 6
2657.5 31 5.56776
2662.5 24 4.89898
2667.5 27 5.19615
2672.5 33 5.74456
2677.5 25 5
2682.5 26 5.09902
2687.5 38 6.16441
2692.5 23.9999 4.89898
2697.5 29.9999 5.47723
2702.5 28.9999 5.38516
2707.5 31.9999 5.65685
2712.5 28.9999 5.38516
2717.5 30.9999 5.56776
2722.5 25.9999 5.09902
2727.5 22.9999 4.79583
2732.5 32.9999 5.74456
2737.5 25.9999 5.09902
2742.5 35.9999 6
2747.5 26.9999 5.19615
2752.5 31.9999 5.65685
2757.5 18.9999 4.3589
2762.5 27.9999 5.2915
2767.5 20.9999 4.58258
2772.5 29.9999 5.47723
2777.5 23.9999 4.89898
2782.5 25.9998 5.09902
2787.5 33.9998 5.83095
2792.5 28.9998 5.38516
2797.5 25.9998 5.09902
2802.5 25.9998 5.09902
2807.5 27.9998 5.2915
2812.5 29.9998 5.47723
2817.5 32.9998 5.74456
2822.5 26.9997 5.19615
2827.5 30.9997 5.56776
2832.5 28.9997 5.38516
2837.5 30.9997 5.56776
2842.5 34.9997 5.91608
2847.5 28.9997 5.38516
2852.5 32.9996 5.74456
2857.5 26.9996 5.19615
2862.5 27.9996 5.2915
2867.5 39.9996 6.32456
2872.5 28.9995 5.38516
2877.5 23.9995 4.89898
2882.5 27.9995 5.2915
2887.5 29.9994 5.47723
2892.5 34.9994 5.91608
2897.5 21.9993 4.69042
2902.5 33.9993 5.83095
2907.5 38.9993 6.245
2912.5 33.9992 5.83095
2917.5 31.9992 5.65685
2922.5 27.9991 5.2915
2927.5 22.9991 4.79583
2932.5 33.999 5.83095
2937.5 29.9989 5.47723
2942.5 33.9989 5.83095
2947.5 28.9988 5.38516
2952.5 23.9987 4.89898
2957.5 24.9986 5
2962.5 41.9985 6.48074
2967.5 27.9984 5.2915
2972.5 23.9983 4.89898
2977.5 35.9982 6
2982.5 28.9981 5.38516
2987.5 32.998 5.74456
2992.5 26.9979 5.19615
2997.5 22.9977 4.79583
3002.5 27.9976 5.2915
3007.5 18.9974 4.3589
3012.5 36.9973 6.08276
3017.5 34.9971 5.91608
3022.5 29.9969 5.47723
3027.5 32.9967 5.74456
3032.5 19.9965 4.47214
3037.5 26.9962 5.19615
3042.5 23.996 4.89898
3047.5 40.9957 6.40312
3052.5 34.9955 5.91608
3057.5 26.9952 5.19615
3062.5 34.9949 5.91608
3067.5 33.9945 5.83095
3072.5 30.9942 5.56776
3077.5 43.9938 6.63325
3082.5 32.9934 5.74456
3087.5 41.993 6.48074
3092.5 34.9925 5.91608
3097.5 27.9921 5.2915
3102.5 37.9915 6.16441
3107.5 33.991 5.83095
3112.5 47.9904 6.9282
3117.5 33.9898 5.83095
3122.5 35.9891 6
3127.5 39.9884 6.32456
3132.5 32.9877 5.74456
3137.5 38.9869 6.245
3142.5 34.9861 5.91608
3147.5 37.9852 6.16441
3152.5 29.9842 5.47723
3157.5 29.9832 5.47723
3162.5 41.9821 6.48074
3167.5 44.981 6.7082
3172.5 32.9797 5.74456
3177.5 36.9784 6.08276
3182.5 44.977 6.7082
3187.5 34.9755 5.91608
3192.5 45.974 6.78233
3197.5 45.9723 6.78233
3202.5 38.9705 6.245
3207.5 37.9686 6.16441
3212.5 35.9666 6
3217.5 40.9644 6.40312
3222.5 45.9621 6.78233
3227.5 30.9597 5.56776
3232.5 55.9571 7.48331
3237.5 40.9543 6.40312
3242.5 44.9514 6.7082
3247.5 40.9482 6.40312
3252.5 44.9449 6.7082
3257.5 55.9413 7.48331
3262.5 32.9375 5.74456
3267.5 42.9335 6.55744
3272.5 39.9292 6.32456
3277.5 42.9247 6.55744
3282.5 41.9198 6.48074
3287.5 49.9146 7.07107
3292.5 48.9091 7
3297.5 48.9033 7
3302.5 55.897 7.48331
3307.5 47.8904 6.9282
3312.5 45.8833 6.78233
3317.5 57.8758 7.61577
3322.5 42.8678 6.55744
3327.5 39.8593 6.32456
3332.5 39.8502 6.32456
3337.5 43.8405 6.63325
3342.5 56.8302 7.54983
3347.5 51.8193 7.2111
3352.5 53.8076 7.34847
3357.5 37.7952 6.16441
3362.5 53.782 7.34847
3367.5 61.7679 7.87401
3372.5 57.753 7.61577
3377.5 45.7371 6.78233
3382.5 45.7201 6.78233
3387.5 50.702 7.14143
3392.5 56.6828 7.54983
3397.5 45.6624 6.78233
3402.5 41.6406 6.48074
3407.5 54.6174 7.4162
3412.5 44.5927 6.7082
3417.5 59.5665 7.74597
3422.5 41.5385 6.48074
3427.5 59.5088 7.74597
3432.5 65.4771 8.12404
3437.5 54.4434 7.4162
3442.5 46.4075 6.85565
3447.5 60.3692 7.81025
3452.5 42.3286 6.55744
3457.5 58.2853 7.68115
3462.5 68.2392 8.30662
3467.5 58.1901 7.68115
3472.5 60.1379 7.81025
3477.5 58.0823 7.68115
3482.5 65.0231 8.12404
3487.5 57.9601 7.68115
3492.5 42.893 6.63325
3497.5 55.8216 7.54983
3502.5 48.7456 7.07107
3507.5 59.6647 7.81025
3512.5 40.5786 6.48074
3517.5 53.4869 7.4162
3522.5 70.3894 8.48528
3527.5 46.2855 6.9282
3532.5 70.1749 8.48528
3537.5 63.0572 8.06226
3542.5 61.9319 8
3547.5 75.7985 8.83176
3552.5 60.6566 7.93725
3557.5 63.5054 8.12404
3562.5 75.3445 8.83176
3567.5 65.1733 8.24621
3572.5 60.991 8
3577.5 55.7969 7.68115
3582.5 85.5904 9.43398
3587.5 72.3705 8.7178
3592.5 55.1364 7.68115
3597.5 62.8872 8.18535
3602.5 58.622 7.93725
3607.5 64.3396 8.30662
3612.5 72.0391 8.77496
3617.5 63.7191 8.30662
3622.5 62.3786 8.24621
3627.5 61.016 8.18535
3632.5 62.6301 8.30662
3637.5 66.2193 8.544
3642.5 69.782 8.77496
3647.5 69.3165 8.77496
3652.5 63.821 8.48528
3657.5 65.2935 8.60233
3662.5 91.732 10.0499
3667.5 64.1343 8.60233
3672.5 62.498 8.544
3677.5 81.8207 9.64365
3682.5 76.0998 9.38083
3687.5 56.3323 8.30662
3692.5 61.5153 8.66025
3697.5 64.6457 8.88819
3702.5 67.7199 9.11043
3707.5 75.7345 9.59166
3712.5 74.6855 9.59166
3717.5 78.5688 9.84886
3722.5 59.3802 8.88819
3727.5 59.1149 8.94427
3732.5 82.7679 10.247
3737.5 66.3341 9.48683
3742.5 83.8079 10.4403
3747.5 71.1832 9.89949
3752.5 79.4537 10.3923
3757.5 71.6127 10.0995
3762.5 77.653 10.4881
3767.5 73.5669 10.3923
3772.5 68.3462 10.247
3777.5 54.9823 9.69536
3782.5 71.466 10.6301
3787.5 72.7874 10.8167
3792.5 71.936 10.9087
3797.5 78.9008 11.3578
3802.5 72.6698 11.225
3807.5 65.2304 11.0454
3812.5 69.5692 11.4018
3817.5 93.6719 12.5698
3822.5 62.5233 11.4455
3827.5 70.1071 11.9583
3832.5 72.4061 12.2474
3837.5 83.4019 12.8841
3842.5 73.075 12.6886
3847.5 57.4046 12.2882
3852.5 79.3685 13.3791
3857.5 79.9431 13.6382
3862.5 73.1034 13.6382
3867.5 74.8227 13.9642
3872.5 63.0725 13.8203
3877.5 82.8226 14.7986
3882.5 87.0408 15.2315
3887.5 80.6931 15.3297
3892.5 72.7429 15.3948
3897.5 86.1517 16.1555
3902.5 72.8783 16.0935
3907.5 79.8793 16.6733
3912.5 64.1083 16.5831
3917.5 49.5165 16.5529
3922.5 52.0518 17.0587
3927.5 40.6596 17.1756
3932.5 17.2819 16.9706
3937.5 62.8581 18.735
3942.5 50.324 18.8944
3947.5 31.6131 18.9209
3952.5 44.6555 19.799
3957.5 26.3792 19.8997
3962.5 46.7095 20.9762
3967.5 31.5702 21.2132
3972.5 37.8838 21.9773
3977.5 18.5722 22.1811
3982.5 6.5579 22.5832
3987.5 4.76504 23.2379
3992.5 32.1207 24.5153
3997.5 11.5564 24.8193
4002.5 8.01031 25.4951
4007.5 20.429 26.4953
4012.5 0 26.8887
4017.5 11.0031 27.8927
4022.5 0 27.8927
4027.5 10.1139 29.5127
4032.5 0 30
4037.5 40.8982 31.686
4042.5 2.81579 31.9374
4047.5 0 32.4037
4052.5 2.25074 33.6601
4057.5 34.0853 34.9857
4062.5 0 34.7994
4067.5 0 36.1109
4072.5 42.6992 37.6431
4077.5 7.88268 38.0132
4082.5 0 38.2753
4087.5 0 39.1152
4092.5 23.2577 40.5956
4097.5 0 40.7308
4102.5 13.9603 41.9404
4107.5 139.567 44.0681
4112.5 0 43.0697
4117.5 0 43.2897
4122.5 5.79848 44.317
4127.5 0 44.5982
4132.5 0 44.6318
4137.5 0 45.5741
4142.5 0 45.8367
4147.5 33.8947 46.6154
4152.5 16.3192 46.6583
4157.5 51.0498 47.2017
4162.5 0 45.6399
4167.5 0 46.1303
4172.5 0 46.7226
4177.5 25.5329 47.0532
4182.5 0 45.9021
4187.5 71.609 47.2758
4192.5 46.1576 46.7974
4197.5 31.9963 46.3897
4202.5 0 45.6618
4207.5 0 45.2106
4212.5 77.8541 45.8694
4217.5 0 44.0908
4222.5 16.3529 44.3283
4227.5 8.44389 43.7607
4232.5 35.2685 43.566
4237.5 20.473 42.8719
4242.5 58.722 42.7785
4247.5 0 40.6325
4252.5 17.1241 41.1582
4257.5 0 40.2865
4262.5 0 39.2938
4267.5 0 39.1663
4272.5 0.372616 38.5746
4277.5 7.59392 38.0657
4282.5 0 37.1753
4287.5 0.711225 36.7696
4292.5 0 36.0832
4297.5 4.10036 35.623
4302.5 0 34.1174
4307.5 0 34
4312.5 35.6826 34.3366
4317.5 17.9622 33.5112
4322.5 0 32.3419
4327.5 6.10854 32.218
4332.5 37.9895 32.1714
4337.5 0 30.2985
4342.5 0 30.3809
4347.5 32.0574 30.5123
4352.5 0 29.4109
4357.5 25.1865 29.3939
4362.5 0 28.3725
4367.5 0 27.5862
4372.5 30.0439 28.0357
4377.5 5.82077 27.1293
4382.5 0 26.4197
4387.5 28.7821 26.6458
4392.5 34.0223 26.3059
4397.5 59.4716 26.3629
4402.5 3.15649 24.8395
4407.5 51.1025 25.3772
4412.5 0 23.5584
4417.5 7.87648 23.6854
4422.5 99.752 25.1794
4427.5 6.98365 22.8692
4432.5 55.5933 23.5372
4437.5 0.602067 21.9545
4442.5 0 21.095
4447.5 16.8983 21.587
4452.5 28.2246 21.4942
4457.5 66.0279 22.0227
4462.5 38.3261 21.0476
4467.5 69.1363 21.4476
4472.5 59.4752 20.9045
4477.5 72.3589 20.9045
4482.5 95.8029 21.166
4487.5 55.8223 19.8997
4492.5 36.4315 19.105
4497.5 71.6444 19.7231
4502.5 83.4748 19.7484
4507.5 63.9355 18.9737
4512.5 72.0392 18.9209
4517.5 97.7981 19.3391
4522.5 102.224 19.2094
4527.5 109.328 19.1572
4532.5 109.122 18.9209
4537.5 115.615 18.868
4542.5 90.8187 17.9722
4547.5 134.742 18.9473
4552.5 132.396 18.6815
4557.5 79.7875 17
4562.5 124.927 18.0831
4567.5 152.823 18.6548
4572.5 152.484 18.4662
4577.5 149.918 18.2209
4582.5 146.131 17.9444
4587.5 162.133 18.2209
4592.5 168.93 18.2483
4597.5 126.529 16.8819
4602.5 183.938 18.3576
4607.5 193.161 18.4662
4612.5 183.206 18.0555
4617.5 176.079 17.72
4622.5 222.786 18.868
4627.5 202.332 18.1934
4632.5 200.723 18.0278
4637.5 199.965 17.8885
4642.5 191.061 17.5214
4647.5 214.018 18.0555
4652.5 197.839 17.4929
4657.5 235.53 18.4391
4662.5 220.096 17.9165
4667.5 204.539 17.3781
4672.5 240.865 18.303
4677.5 218.078 17.5784
4682.5 192.181 16.7332
4687.5 252.178 18.3576
4692.5 215.072 17.2337
4697.5 251.868 18.1934
4702.5 213.569 17.0294
4707.5 211.177 16.8819
4712.5 214.696 16.9115
4717.5 218.13 16.9411
4722.5 249.48 17.7764
4727.5 233.75 17.2627
4732.5 239.943 17.3781
4737.5 259.061 17.8606
4742.5 245.106 17.4069
4747.5 280.082 18.3303
4752.5 250.99 17.4642
4757.5 262.833 17.7482
4762.5 275.614 18.0555
4767.5 246.333 17.1756
4772.5 273.994 17.9165
4777.5 235.598 16.7631
4782.5 299.148 18.5203
4787.5 285.644 18.1108
4792.5 264.09 17.4642
4797.5 271.486 17.6352
4802.5 278.834 17.8045
4807.5 284.137 17.9165
4812.5 283.395 17.8606
4817.5 281.61 17.7764
4822.5 305.783 18.412
4827.5 275.917 17.5499
4832.5 271.012 17.3781
4837.5 303.069 18.2483
4842.5 293.091 17.9444
4847.5 297.077 18.0278
4852.5 249.03 16.6132
4857.5 306.951 18.2483
4862.5 296.84 17.9444
4867.5 301.698 18.0555
4872.5 310.528 18.2757
4877.5 311.329 18.2757
4882.5 294.102 17.7764
4887.5 326.85 18.6548
4892.5 303.572 18
4897.5 276.269 17.2047
4902.5 264.942 16.8523
4907.5 320.592 18.412
4912.5 285.221 17.4069
4917.5 327.827 18.5742
4922.5 299.413 17.7764
4927.5 316.979 18.2483
4932.5 289.526 17.4642
4937.5 309.054 18
4942.5 307.564 17.9444
4947.5 300.057 17.72
4952.5 318.533 18.2209
4957.5 308.992 17.9444
4962.5 303.436 17.7764
4967.5 330.865 18.5203
4972.5 324.279 18.3303
4977.5 294.679 17.4929
4982.5 341.066 18.7617
4987.5 330.439 18.4662
4992.5 289.799 17.3205
4997.5 324.147 18.2757
5002.5 295.483 17.4642
5007.5 311.808 17.9165
5012.5 336.122 18.5742
5017.5 320.425 18.1384
5022.5 294.718 17.4069
5027.5 302 17.6068
5032.5 329.273 18.3576
5037.5 338.537 18.6011
5042.5 266.792 16.5529
5047.5 334.038 18.4662
5052.5 276.275 16.8226
5057.5 293.505 17.3205
5062.5 276.726 16.8226
5067.5 288.94 17.1756
5072.5 319.147 18.0278
5077.5 275.347 16.7631
5082.5 303.54 17.5784
5087.5 292.726 17.2627
5092.5 276.906 16.7929
5097.5 263.08 16.3707
5102.5 261.248 16.3095
5107.5 270.41 16.5831
5112.5 248.567 15.906
5117.5 267.718 16.4924
5122.5 290.864 17.1756
5127.5 248.005 15.8745
5132.5 270.142 16.5529
5137.5 248.273 15.8745
5142.5 293.401 17.2337
5147.5 241.523 15.6525
5152.5 273.642 16.6433
5157.5 240.757 15.6205
5162.5 245.867 15.7797
5167.5 265.974 16.4012
5172.5 244.077 15.7162
5177.5 274.177 16.6433
5182.5 233.274 15.3623
5187.5 243.367 15.6844
5192.5 240.456 15.5885
5197.5 259.543 16.1864
5202.5 252.627 15.9687
5207.5 239.708 15.5563
5212.5 225.786 15.0997
5217.5 265.862 16.3707
5222.5 222.935 15
5227.5 247.005 15.7797
5232.5 214.073 14.6969
5237.5 243.139 15.6525
5242.5 228.203 15.1658
5247.5 228.264 15.1658
5252.5 222.323 14.9666
5257.5 242.38 15.6205
5262.5 186.436 13.7113
5267.5 202.489 14.2829
5272.5 217.541 14.7986
5277.5 231.59 15.2643
5282.5 183.639 13.6015
5287.5 187.685 13.7477
5292.5 214.73 14.6969
5297.5 188.773 13.784
5302.5 211.815 14.5945
5307.5 207.856 14.4568
5312.5 217.895 14.7986
5317.5 199.932 14.1774
5322.5 184.969 13.6382
5327.5 209.004 14.4914
5332.5 206.038 14.3875
5337.5 207.071 14.4222
5342.5 179.102 13.4164
5347.5 191.133 13.8564
5352.5 180.163 13.4536
5357.5 208.191 14.4568
5362.5 172.219 13.1529
5367.5 182.246 13.5277
5372.5 175.271 13.2665
5377.5 180.296 13.4536
5382.5 175.32 13.2665
5387.5 156.343 12.53
5392.5 168.366 13
5397.5 184.387 13.6015
5402.5 204.408 14.3178
5407.5 186.429 13.6748
5412.5 184.448 13.6015
5417.5 161.467 12.7279
5422.5 174.485 13.2288
5427.5 163.503 12.8062
5432.5 185.52 13.6382
5437.5 174.536 13.2288
5442.5 177.552 13.3417
5447.5 171.567 13.1149
5452.5 151.582 12.3288
5457.5 181.596 13.4907
5462.5 156.61 12.53
5467.5 167.623 12.9615
5472.5 154.636 12.4499
5477.5 165.649 12.8841
5482.5 163.661 12.8062
5487.5 163.672 12.8062
5492.5 142.683 11.9583
5497.5 148.694 12.2066
5502.5 158.705 12.6095
5507.5 153.715 12.4097
5512.5 142.724 11.9583
5517.5 135.734 11.6619
5522.5 135.743 11.6619
5527.5 149.752 12.2474
5532.5 142.76 11.9583
5537.5 140.768 11.8743
5542.5 142.776 11.9583
5547.5 140.784 11.8743
5552.5 127.791 11.3137
5557.5 141.798 11.9164
5562.5 153.805 12.4097
5567.5 125.812 11.225
5572.5 133.818 11.5758
5577.5 110.824 10.5357
5582.5 113.83 10.6771
5587.5 121.836 11.0454
5592.5 116.842 10.8167
5597.5 126.847 11.2694
5602.5 132.852 11.5326
5607.5 129.858 11.4018
5612.5 115.862 10.7703
5617.5 115.867 10.7703
5622.5 123.872 11.1355
5627.5 109.876 10.4881
5632.5 118.88 10.9087
5637.5 94.8843 9.74679
5642.5 135.888 11.6619
5647.5 110.892 10.5357
5652.5 103.896 10.198
5657.5 123.899 11.1355
5662.5 112.903 10.6301
5667.5 97.9061 9.89949
5672.5 128.909 11.3578
5677.5 115.912 10.7703
5682.5 121.915 11.0454
5687.5 99.9182 10
5692.5 87.921 9.38083
5697.5 110.924 10.5357
5702.5 105.926 10.2956
5707.5 111.929 10.583
5712.5 110.931 10.5357
5717.5 100.934 10.0499
5722.5 90.9359 9.53939
5727.5 103.938 10.198
5732.5 95.9402 9.79796
5737.5 98.9422 9.94987
5742.5 95.9442 9.79796
5747.5 103.946 10.198
5752.5 108.948 10.4403
5757.5 98.9497 9.94987
5762.5 97.9514 9.89949
5767.5 99.9531 10
5772.5 86.9547 9.32738
5777.5 116.956 10.8167
5782.5 88.9577 9.43398
5787.5 108.959 10.4403
5792.5 89.9606 9.48683
5797.5 98.9619 9.94987
5802.5 104.963 10.247
5807.5 95.9645 9.79796
5812.5 105.966 10.2956
5817.5 82.9669 9.11043
5822.5 96.968 9.84886
5827.5 90.9691 9.53939
5832.5 107.97 10.3923
5837.5 92.9712 9.64365
5842.5 102.972 10.1489
5847.5 97.9731 9.89949
5852.5 86.974 9.32738
5857.5 78.9749 8.88819
5862.5 78.9757 8.88819
5867.5 90.9766 9.53939
5872.5 94.9774 9.74679
5877.5 104.978 10.247
5882.5 91.9789 9.59166
5887.5 104.98 10.247
5892.5 97.9803 9.89949
5897.5 104.981 10.247
5902.5 97.9816 9.89949
5907.5 110.982 10.5357
5912.5 98.9829 9.94987
5917.5 97.9834 9.89949
5922.5 72.984 8.544
5927.5 104.985 10.247
5932.5 100.985 10.0499
5937.5 90.9856 9.53939
5942.5 89.9861 9.48683
5947.5 86.9866 9.32738
5952.5 105.987 10.2956
5957.5 102.987 10.1489
5962.5 104.988 10.247
5967.5 86.9883 9.32738
5972.5 98.9887 9.94987
5977.5 93.9891 9.69536
5982.5 79.9895 8.94427
5987.5 74.9898 8.66025
5992.5 93.9902 9.69536
5997.5 98.9905 9.94987
6002.5 93.9908 9.69536
6007.5 99.9911 10
6012.5 96.9914 9.84886
6017.5 87.9917 9.38083
6022.5 95.992 9.79796
6027.5 94.9923 9.74679
6032.5 109.993 10.4881
6037.5 92.9928 9.64365
6042.5 77.9931 8.83176
6047.5 83.9933 9.16515
6052.5 74.9935 8.66025
6057.5 90.9937 9.53939
6062.5 90.994 9.53939
6067.5 101.994 10.0995
6072.5 95.9944 9.79796
6077.5 80.9946 9
6082.5 97.9947 9.89949
6087.5 78.9949 8.88819
6092.5 80.9951 9
6097.5 93.9953 9.69536
6102.5 97.9954 9.89949
6107.5 68.9956 8.30662
6112.5 81.9957 9.05539
6117.5 80.9959 9
6122.5 101.996 10.0995
6127.5 95.9961 9.79796
6132.5 93.9963 9.69536
6137.5 91.9964 9.59166
6142.5 95.9965 9.79796
6147.5 79.9966 8.94427
6152.5 76.9968 8.77496
6157.5 79.9969 8.94427
6162.5 94.997 9.74679
6167.5 76.9971 8.77496
6172.5 80.9972 9
6177.5 78.9973 8.88819
6182.5 81.9974 9.05539
6187.5 82.9975 9.11043
6192.5 79.9975 8.94427
6197.5 74.9976 8.66025
6202.5 87.9977 9.38083
6207.5 75.9978 8.7178
6212.5 57.9979 7.61577
6217.5 75.9979 8.7178
6222.5 75.998 8.7178
6227.5 77.9981 8.83176
6232.5 75.9981 8.7178
6237.5 76.9982 8.77496
6242.5 59.9983 7.74597
6247.5 69.9983 8.3666
6252.5 70.9984 8.42615
6257.5 65.9984 8.12404
6262.5 79.9985 8.94427
6267.5 67.9985 8.24621
6272.5 58.9986 7.68115
6277.5 66.9986 8.18535
6282.5 76.9987 8.77496
6287.5 60.9987 7.81025
6292.5 72.9988 8.544
6297.5 74.9988 8.66025
6302.5 76.9989 8.77496
6307.5 83.9989 9.16515
6312.5 72.9989 8.544
6317.5 76.999 8.77496
6322.5 87.999 9.38083
6327.5 69.999 8.3666
6332.5 61.9991 7.87401
6337.5 54.9991 7.4162
6342.5 62.9991 7.93725
6347.5 65.9992 8.12404
6352.5 70.9992 8.42615
6357.5 69.9992 8.3666
6362.5 63.9992 8
6367.5 67.9993 8.24621
6372.5 65.9993 8.12404
6377.5 65.9993 8.12404
6382.5 77.9993 8.83176
6387.5 74.9994 8.66025
6392.5 61.9994 7.87401
6397.5 58.9994 7.68115
6402.5 62.9994 7.93725
6407.5 64.9994 8.06226
6412.5 71.9995 8.48528
6417.5 62.9995 7.93725
6422.5 75.9995 8.7178
6427.5 74.9995 8.66025
6432.5 59.9995 7.74597
6437.5 78.9996 8.88819
6442.5 52.9996 7.28011
6447.5 64.9996 8.06226
6452.5 56.9996 7.54983
6457.5 71.9996 8.48528
6462.5 67.9996 8.24621
6467.5 64.9996 8.06226
6472.5 70.9996 8.42615
6477.5 60.9997 7.81025
6482.5 70.9997 8.42615
6487.5 59.9997 7.74597
6492.5 72.9997 8.544
6497.5 67.9997 8.24621
6502.5 81.9997 9.05539
6507.5 79.9997 8.94427
6512.5 81.9997 9.05539
6517.5 55.9997 7.48331
6522.5 74.9998 8.66025
6527.5 71.9998 8.48528
6532.5 78.9998 8.88819
6537.5 72.9998 8.544
6542.5 82.9998 9.11043
6547.5 81.9998 9.05539
6552.5 87.9998 9.38083
6557.5 67.9998 8.24621
6562.5 85.9998 9.27362
6567.5 69.9998 8.3666
6572.5 71.9998 8.48528
6577.5 62.9998 7.93725
6582.5 67.9998 8.24621
6587.5 79.9998 8.94427
6592.5 77.9998 8.83176
6597.5 70.9999 8.42615
6602.5 78.9999 8.88819
6607.5 83.9999 9.16515
6612.5 71.9999 8.48528
6617.5 76.9999 8.77496
6622.5 69.9999 8.3666
6627.5 62.9999 7.93725
6632.5 60.9999 7.81025
6637.5 76.9999 8.77496
6642.5 87.9999 9.38083
6647.5 76.9999 8.77496
6652.5 67.9999 8.24621
6657.5 66.9999 8.18535
6662.5 81.9999 9.05539
6667.5 61.9999 7.87401
6672.5 61.9999 7.87401
6677.5 72.9999 8.544
6682.5 66.9999 8.18535
6687.5 84.9999 9.21954
6692.5 71.9999 8.48528
6697.5 59.9999 7.74597
6702.5 79.9999 8.94427
6707.5 63.9999 8
6712.5 73.9999 8.60233
6717.5 76.9999 8.77496
6722.5 83.9999 9.16515
6727.5 76.9999 8.77496
6732.5 81.9999 9.05539
6737.5 74.9999 8.66025
6742.5 72.9999 8.544
6747.5 81.9999 9.05539
6752.5 79.9999 8.94427
6757.5 77 8.77496
6762.5 73 8.544
6767.5 72 8.48528
6772.5 87 9.32738
6777.5 71 8.42615
6782.5 74 8.60233
6787.5 78 8.83176
6792.5 80 8.94427
6797.5 70 8.3666
6802.5 80 8.94427
6807.5 76 8.7178
6812.5 90 9.48683
6817.5 65 8.06226
6822.5 82 9.05539
6827.5 75 8.66025
6832.5 78 8.83176
6837.5 59 7.68115
6842.5 82 9.05539
6847.5 75 8.66025
6852.5 78 8.83176
6857.5 60 7.74597
6862.5 58 7.61577
6867.5 75 8.66025
6872.5 63 7.93725
6877.5 66 8.12404
6882.5 62 7.87401
6887.5 54 7.34847
6892.5 64 8
6897.5 63 7.93725
6902.5 69 8.30662
6907.5 65 8.06226
6912.5 69 8.30662
6917.5 65 8.06226
6922.5 52 7.2111
6927.5 62 7.87401
6932.5 65 8.06226
6937.5 67 8.18535
6942.5 55 7.4162
6947.5 57 7.54983
6952.5 61 7.81025
6957.5 53 7.28011
6962.5 61 7.81025
6967.5 71 8.42615
6972.5 52 7.2111
6977.5 65 8.06226
6982.5 61 7.81025
6987.5 54 7.34847
6992.5 52 7.2111
6997.5 62 7.87401
7002.5 57 7.54983
7007.5 60 7.74597
7012.5 62 7.87401
7017.5 54 7.34847
7022.5 57 7.54983
7027.5 67 8.18535
7032.5 70 8.3666
7037.5 52 7.2111
7042.5 66 8.12404
7047.5 66 8.12404
7052.5 61 7.81025
7057.5 51 7.14143
7062.5 61 7.81025
7067.5 54 7.34847
7072.5 67 8.18535
7077.5 44 6.63325
7082.5 67 8.18535
7087.5 50 7.07107
7092.5 54 7.34847
7097.5 54 7.34847
7102.5 54 7.34847
7107.5 52 7.2111
7112.5 67 8.18535
7117.5 62 7.87401
7122.5 58 7.61577
7127.5 60 7.74597
7132.5 46 6.78233
7137.5 56 7.48331
7142.5 68 8.24621
7147.5 56 7.48331
7152.5 60 7.74597
7157.5 62 7.87401
7162.5 66 8.12404
7167.5 55 7.4162
7172.5 65 8.06226
7177.5 60 7.74597
7182.5 65 8.06226
7187.5 62 7.87401
7192.5 53 7.28011
7197.5 63 7.93725
7202.5 66 8.12404
7207.5 63 7.93725
7212.5 75 8.66025
7217.5 52 7.2111
7222.5 56 7.48331
7227.5 66 8.12404
7232.5 58 7.61577
7237.5 73 8.544
7242.5 55 7.4162
7247.5 67 8.18535
7252.5 64 8
7257.5 78 8.83176
7262.5 60 7.74597
7267.5 70 8.3666
7272.5 63 7.93725
7277.5 68 8.24621
7282.5 64 8
7287.5 70 8.3666
7292.5 56 7.48331
7297.5 55 7.4162
7302.5 71 8.42615
7307.5 66 8.12404
7312.5 60 7.74597
7317.5 72 8.48528
7322.5 56 7.48331
7327.5 72 8.48528
7332.5 54 7.34847
7337.5 61 7.81025
7342.5 69 8.30662
7347.5 64 8
7352.5 66 8.12404
7357.5 52 7.2111
7362.5 68 8.24621
7367.5 69 8.30662
7372.5 54 7.34847
7377.5 70 8.3666
7382.5 68 8.24621
7387.5 63 7.93725
7392.5 72 8.48528
7397.5 59 7.68115
7402.5 64 8
7407.5 61 7.81025
7412.5 68 8.24621
7417.5 77 8.77496
7422.5 47 6.85565
7427.5 59 7.68115
7432.5 61 7.81025
7437.5 51 7.14143
7442.5 58 7.61577
7447.5 60 7.74597
7452.5 61 7.81025
7457.5 47 6.85565
7462.5 59 7.68115
7467.5 71 8.42615
7472.5 75 8.66025
7477.5 61 7.81025
7482.5 63 7.93725
7487.5 64 8
7492.5 60 7.74597
7497.5 60 7.74597
7502.5 50 7.07107
7507.5 75 8.66025
7512.5 51 7.14143
7517.5 72 8.48528
7522.5 47 6.85565
7527.5 75 8.66025
7532.5 70 8.3666
7537.5 61 7.81025
7542.5 55 7.4162
7547.5 59 7.68115
7552.5 54 7.34847
7557.5 52 7.2111
7562.5 61 7.81025
7567.5 65 8.06226
7572.5 72 8.48528
7577.5 51 7.14143
7582.5 52 7.2111
7587.5 70 8.3666
7592.5 54 7.34847
7597.5 43 6.55744
7602.5 50 7.07107
7607.5 52 7.2111
7612.5 71 8.42615
7617.5 63 7.93725
7622.5 60 7.74597
7627.5 47 6.85565
7632.5 64 8
7637.5 62 7.87401
7642.5 57 7.54983
7647.5 50 7.07107
7652.5 66 8.12404
7657.5 38 6.16441
7662.5 53 7.28011
7667.5 50 7.07107
7672.5 59 7.68115
7677.5 64 8
7682.5 47 6.85565
7687.5 53 7.28011
7692.5 52 7.2111
7697.5 49 7
7702.5 48 6.9282
7707.5 63 7.93725
7712.5 61 7.81025
7717.5 63 7.93725
7722.5 40 6.32456
7727.5 46 6.78233
7732.5 49 7
7737.5 49 7
7742.5 64 8
7747.5 54 7.34847
7752.5 65 8.06226
7757.5 53 7.28011
7762.5 59 7.68115
7767.5 57 7.54983
7772.5 54 7.34847
7777.5 48 6.9282
7782.5 56 7.48331
7787.5 42 6.48074
7792.5 49 7
7797.5 44 6.63325
7802.5 47 6.85565
7807.5 41 6.40312
7812.5 51 7.14143
7817.5 53 7.28011
7822.5 47 6.85565
7827.5 53 7.28011
7832.5 64 8
7837.5 52 7.2111
7842.5 45 6.7082
7847.5 52 7.2111
7852.5 53 7.28011
7857.5 52 7.2111
7862.5 47 6.85565
7867.5 50 7.07107
7872.5 52 7.2111
7877.5 70 8.3666
7882.5 61 7.81025
7887.5 57 7.54983
7892.5 60 7.74597
7897.5 59 7.68115
7902.5 57 7.54983
7907.5 57 7.54983
7912.5 64 8
7917.5 59 7.68115
7922.5 52 7.2111
7927.5 57 7.54983
7932.5 52 7.2111
7937.5 52 7.2111
7942.5 68 8.24621
7947.5 68 8.24621
7952.5 61 7.81025
7957.5 54 7.34847
7962.5 54 7.34847
7967.5 50 7.07107
7972.5 52 7.2111
7977.5 56 7.48331
7982.5 56 7.48331
7987.5 50 7.07107
7992.5 38 6.16441
7997.5 48 6.9282
8002.5 52 7.2111
8007.5 58 7.61577
8012.5 56 7.48331
8017.5 51 7.14143
8022.5 49 7
8027.5 50 7.07107
8032.5 56 7.48331
8037.5 58 7.61577
8042.5 47 6.85565
8047.5 62 7.87401
8052.5 48 6.9282
8057.5 52 7.2111
8062.5 52 7.2111
8067.5 50 7.07107
8072.5 54 7.34847
8077.5 50 7.07107
8082.5 62 7.87401
8087.5 62 7.87401
8092.5 59 7.68115
8097.5 43 6.55744
8102.5 55 7.4162
8107.5 47 6.85565
8112.5 48 6.9282
8117.5 48 6.9282
8122.5 59 7.68115
8127.5 53 7.28011
8132.5 49 7
8137.5 42 6.48074
8142.5 56 7.48331
8147.5 57 7.54983
8152.5 53 7.28011
8157.5 62 7.87401
8162.5 32 5.65685
8167.5 61 7.81025
8172.5 44 6.63325
8177.5 54 7.34847
8182.5 60 7.74597
8187.5 65 8.06226
8192.5 46 6.78233
8197.5 47 6.85565
8202.5 53 7.28011
8207.5 56 7.48331
8212.5 60 7.74597
8217.5 50 7.07107
8222.5 54 7.34847
8227.5 58 7.61577
8232.5 51 7.14143
8237.5 52 7.2111
8242.5 52 7.2111
8247.5 48 6.9282
8252.5 52 7.2111
8257.5 66 8.12404
8262.5 53 7.28011
8267.5 54 7.34847
8272.5 63 7.93725
8277.5 45 6.7082
8282.5 54 7.34847
8287.5 57 7.54983
8292.5 42 6.48074
8297.5 55 7.4162
8302.5 44 6.63325
8307.5 39 6.245
8312.5 42 6.48074
8317.5 51 7.14143
8322.5 51 7.14143
8327.5 43 6.55744
8332.5 37 6.08276
8337.5 42 6.48074
8342.5 53 7.28011
8347.5 51 7.14143
8352.5 47 6.85565
8357.5 45 6.7082
8362.5 56 7.48331
8367.5 51 7.14143
8372.5 57 7.54983
8377.5 52 7.2111
8382.5 48 6.9282
8387.5 48 6.9282
8392.5 49 7
8397.5 48 6.9282
8402.5 37 6.08276
8407.5 42 6.48074
8412.5 46 6.78233
8417.5 52 7.2111
8422.5 52 7.2111
8427.5 40 6.32456
8432.5 52 7.2111
8437.5 41 6.40312
8442.5 56 7.48331
8447.5 56 7.48331
8452.5 59 7.68115
8457.5 47 6.85565
8462.5 48 6.9282
8467.5 40 6.32456
8472.5 50 7.07107
8477.5 56 7.48331
8482.5 49 7
8487.5 46 6.78233
8492.5 54 7.34847
8497.5 55 7.4162
8502.5 54 7.34847
8507.5 53 7.28011
8512.5 51 7.14143
8517.5 38 6.16441
8522.5 51 7.14143
8527.5 59 7.68115
8532.5 48 6.9282
8537.5 62 7.87401
8542.5 51 7.14143
8547.5 50 7.07107
8552.5 54 7.34847
8557.5 43 6.55744
8562.5 58 7.61577
8567.5 48 6.9282
8572.5 56 7.48331
8577.5 53 7.28011
8582.5 50 7.07107
8587.5 53 7.28011
8592.5 47 6.85565
8597.5 48 6.9282
8602.5 45 6.7082
8607.5 56 7.48331
8612.5 58 7.61577
8617.5 60 7.74597
8622.5 49 7
8627.5 56 7.48331
8632.5 61 7.81025
8637.5 60 7.74597
8642.5 64 8
8647.5 52 7.2111
8652.5 50 7.07107
8657.5 46 6.78233
8662.5 45 6.7082
8667.5 64 8
8672.5 57 7.54983
8677.5 48 6.9282
8682.5 70 8.3666
8687.5 63 7.93725
8692.5 61 7.81025
8697.5 44 6.63325
8702.5 49 7
8707.5 54 7.34847
8712.5 60 7.74597
8717.5 59 7.68115
8722.5 52 7.2111
8727.5 45 6.7082
8732.5 51 7.14143
8737.5 65 8.06226
8742.5 48 6.9282
8747.5 46 6.78233
8752.5 49 7
8757.5 61 7.81025
8762.5 72 8.48528
8767.5 53 7.28011
8772.5 60 7.74597
8777.5 57 7.54983
8782.5 43 6.55744
8787.5 63 7.93725
8792.5 52 7.2111
8797.5 63 7.93725
8802.5 59 7.68115
8807.5 52 7.2111
8812.5 45 6.7082
8817.5 49 7
8822.5 40 6.32456
8827.5 70 8.3666
8832.5 60 7.74597
8837.5 51 7.14143
8842.5 59 7.68115
8847.5 57 7.54983
8852.5 59 7.68115
8857.5 44 6.63325
8862.5 44 6.63325
8867.5 61 7.81025
8872.5 55 7.4162
8877.5 57 7.54983
8882.5 60 7.74597
8887.5 65 8.06226
8892.5 46 6.78233
8897.5 63 7.93725
8902.5 50 7.07107
8907.5 51 7.14143
8912.5 59 7.68115
8917.5 57 7.54983
8922.5 55 7.4162
8927.5 45 6.7082
8932.5 52 7.2111
8937.5 67 8.18535
8942.5 60 7.74597
8947.5 48 6.9282
8952.5 43 6.55744
8957.5 35 5.91608
8962.5 59 7.68115
8967.5 53 7.28011
8972.5 56 7.48331
8977.5 71 8.42615
8982.5 45 6.7082
8987.5 60 7.74597
8992.5 46 6.78233
8997.5 42 6.48074
9002.5 51 7.14143
9007.5 62 7.87401
9012.5 57 7.54983
9017.5 65 8.06226
9022.5 52 7.2111
9027.5 60 7.74597
9032.5 49 7
9037.5 66 8.12404
9042.5 78 8.83176
9047.5 48 6.9282
9052.5 52 7.2111
9057.5 56 7.48331
9062.5 60 7.74597
9067.5 53 7.28011
9072.5 52 7.2111
9077.5 49 7
9082.5 52 7.2111
9087.5 58 7.61577
9092.5 59 7.68115
9097.5 66 8.12404
9102.5 54 7.34847
9107.5 75 8.66025
9112.5 59 7.68115
9117.5 60 7.74597
9122.5 65 8.06226
9127.5 65 8.06226
9132.5 57 7.54983
9137.5 49 7
9142.5 50 7.07107
9147.5 53 7.28011
9152.5 47 6.85565
9157.5 60 7.74597
9162.5 52 7.2111
9167.5 55 7.4162
9172.5 46 6.78233
9177.5 65 8.06226
9182.5 58 7.61577
9187.5 57 7.54983
9192.5 66 8.12404
9197.5 51 7.14143
9202.5 56 7.48331
9207.5 55 7.4162
9212.5 50 7.07107
9217.5 46 6.78233
9222.5 58 7.61577
9227.5 59 7.68115
9232.5 56 7.48331
9237.5 52 7.2111
9242.5 47 6.85565
9247.5 43 6.55744
9252.5 59 7.68115
9257.5 46 6.78233
9262.5 48 6.9282
9267.5 52 7.2111
9272.5 56 7.48331
9277.5 52 7.2111
9282.5 55 7.4162
9287.5 59 7.68115
9292.5 49 7
9297.5 56 7.48331
9302.5 57 7.54983
9307.5 54 7.34847
9312.5 54 7.34847
9317.5 41 6.40312
9322.5 45 6.7082
9327.5 45 6.7082
9332.5 47 6.85565
9337.5 49 7
9342.5 42 6.48074
9347.5 41 6.40312
9352.5 54 7.34847
9357.5 47 6.85565
9362.5 47 6.85565
9367.5 58 7.61577
9372.5 42 6.48074
9377.5 39 6.245
9382.5 53 7.28011
9387.5 48 6.9282
9392.5 48 6.9282
9397.5 51 7.14143
9402.5 34 5.83095
9407.5 31 5.56776
9412.5 54 7.34847
9417.5 43 6.55744
9422.5 48 6.9282
9427.5 43 6.55744
9432.5 36 6
9437.5 36 6
9442.5 42 6.48074
9447.5 47 6.85565
9452.5 43 6.55744
9457.5 36 6
9462.5 39 6.245
9467.5 36 6
9472.5 34 5.83095
9477.5 39 6.245
9482.5 41 6.40312
9487.5 47 6.85565
9492.5 43 6.55744
9497.5 38 6.16441
9502.5 38 6.16441
9507.5 35 5.91608
9512.5 45 6.7082
9517.5 32 5.65685
9522.5 43 6.55744
9527.5 52 7.2111
9532.5 40 6.32456
9537.5 41 6.40312
9542.5 43 6.55744
9547.5 37 6.08276
9552.5 42 6.48074
9557.5 28 5.2915
9562.5 32 5.65685
9567.5 33 5.74456
9572.5 39 6.245
9577.5 40 6.32456
9582.5 40 6.32456
9587.5 41 6.40312
9592.5 40 6.32456
9597.5 38 6.16441
9602.5 42 6.48074
9607.5 25 5
9612.5 36 6
9617.5 44 6.63325
9622.5 23 4.79583
9627.5 38 6.16441
9632.5 37 6.08276
9637.5 52 7.2111
9642.5 39 6.245
9647.5 33 5.74456
9652.5 38 6.16441
9657.5 37 6.08276
9662.5 40 6.32456
9667.5 47 6.85565
9672.5 34 5.83095
9677.5 40 6.32456
9682.5 29 5.38516
9687.5 35 5.91608
9692.5 34 5.83095
9697.5 32 5.65685
9702.5 27 5.19615
9707.5 39 6.245
9712.5 41 6.40312
9717.5 40 6.32456
9722.5 40 6.32456
9727.5 33 5.74456
9732.5 37 6.08276
9737.5 32 5.65685
9742.5 42 6.48074
9747.5 31 5.56776
9752.5 40 6.32456
9757.5 33 5.74456
9762.5 25 5
9767.5 44 6.63325
9772.5 30 5.47723
9777.5 40 6.32456
9782.5 25 5
9787.5 40 6.32456
9792.5 29 5.38516
9797.5 40 6.32456
9802.5 29 5.38516
9807.5 36 6
9812.5 31 5.56776
9817.5 33 5.74456
9822.5 35 5.91608
9827.5 25 5
9832.5 37 6.08276
9837.5 41 6.40312
9842.5 25 5
9847.5 34 5.83095
9852.5 37 6.08276
9857.5 27 5.19615
9862.5 39 6.245
9867.5 29 5.38516
9872.5 31 5.56776
9877.5 27 5.19615
9882.5 38 6.16441
9887.5 42 6.48074
9892.5 34 5.83095
9897.5 32 5.65685
9902.5 32 5.65685
9907.5 36 6
9912.5 27 5.19615
9917.5 31 5.56776
9922.5 29 5.38516
9927.5 28 5.2915
9932.5 37 6.08276
9937.5 34 5.83095
9942.5 42 6.48074
9947.5 26 5.09902
9952.5 32 5.65685
9957.5 34 5.83095
9962.5 42 6.48074
9967.5 33 5.74456
9972.5 44 6.63325
9977.5 33 5.74456
9982.5 32 5.65685
9987.5 31 5.56776
9992.5 39 6.245
9997.5 28 5.2915
10002.5 30 5.47723
10007.5 37 6.08276
10012.5 37 6.08276
10017.5 36 6
10022.5 37 6.08276
10027.5 32 5.65685
10032.5 41 6.40312
10037.5 33 5.74456
10042.5 34 5.83095
10047.5 34 5.83095
10052.5 30 5.47723
10057.5 33 5.74456
10062.5 43 6.55744
10067.5 27 5.19615
10072.5 34 5.83095
10077.5 38 6.16441
10082.5 36 6
10087.5 35 5.91608
10092.5 36 6
10097.5 51 7.14143
10102.5 37 6.08276
10107.5 37 6.08276
10112.5 30 5.47723
10117.5 37 6.08276
10122.5 39 6.245
10127.5 37 6.08276
10132.5 33 5.74456
10137.5 22 4.69042
10142.5 38 6.16441
10147.5 34 5.83095
10152.5 32 5.65685
10157.5 40 6.32456
10162.5 32 5.65685
10167.5 30 5.47723
10172.5 32 5.65685
10177.5 33 5.74456
10182.5 30 5.47723
10187.5 33 5.74456
10192.5 31 5.56776
10197.5 31 5.56776
10202.5 35 5.91608
10207.5 34 5.83095
10212.5 30 5.47723
10217.5 28 5.2915
10222.5 23 4.79583
10227.5 29 5.38516
10232.5 27 5.19615
10237.5 27 5.19615
10242.5 38 6.16441
10247.5 27 5.19615
10252.5 29 5.38516
10257.5 35 5.91608
10262.5 29 5.38516
10267.5 31 5.56776
10272.5 24 4.89898
10277.5 25 5
10282.5 34 5.83095
10287.5 34 5.83095
10292.5 22 4.69042
10297.5 22 4.69042
10302.5 18 4.24264
10307.5 32 5.65685
10312.5 31 5.56776
10317.5 22 4.69042
10322.5 28 5.2915
10327.5 22 4.69042
10332.5 30 5.47723
10337.5 41 6.40312
10342.5 29 5.38516
10347.5 24 4.89898
10352.5 18 4.24264
10357.5 24 4.89898
10362.5 18 4.24264
10367.5 22 4.69042
10372.5 30 5.47723
10377.5 28 5.2915
10382.5 30 5.47723
10387.5 22 4.69042
10392.5 34 5.83095
10397.5 38 6.16441
10402.5 25 5
10407.5 23 4.79583
10412.5 16 4
10417.5 29 5.38516
10422.5 26 5.09902
10427.5 19 4.3589
10432.5 17 4.12311
10437.5 26 5.09902
10442.5 27 5.19615
10447.5 25 5
10452.5 26 5.09902
10457.5 28 5.2915
10462.5 27 5.19615
10467.5 23 4.79583
10472.5 23 4.79583
10477.5 23 4.79583
10482.5 20 4.47214
10487.5 16 4
10492.5 22 4.69042
10497.5 29 5.38516
10502.5 28 5.2915
10507.5 24 4.89898
10512.5 23 4.79583
10517.5 20 4.47214
10522.5 30 5.47723
10527.5 24 4.89898
10532.5 35 5.91608
10537.5 22 4.69042
10542.5 28 5.2915
10547.5 18 4.24264
10552.5 24 4.89898
10557.5 18 4.24264
10562.5 22 4.69042
10567.5 23 4.79583
10572.5 20 4.47214
10577.5 19 4.3589
10582.5 30 5.47723
10587.5 20 4.47214
10592.5 24 4.89898
10597.5 12 3.4641
10602.5 14 3.74166
10607.5 19 4.3589
10612.5 21 4.58258
10617.5 24 4.89898
10622.5 19 4.3589
10627.5 25 5
10632.5 14 3.74166
10637.5 24 4.89898
10642.5 21 4.58258
10647.5 22 4.69042
10652.5 24 4.89898
10657.5 21 4.58258
10662.5 19 4.3589
10667.5 22 4.69042
10672.5 24 4.89898
10677.5 17 4.12311
10682.5 15 3.87298
10687.5 20 4.47214
10692.5 17 4.12311
10697.5 17 4.12311
10702.5 16 4
10707.5 21 4.58258
10712.5 13 3.60555
10717.5 21 4.58258
10722.5 17 4.12311
10727.5 22 4.69042
10732.5 21 4.58258
10737.5 18 4.24264
10742.5 12 3.4641
10747.5 15 3.87298
10752.5 15 3.87298
10757.5 13 3.60555
10762.5 16 4
10767.5 24 4.89898
10772.5 19 4.3589
10777.5 17 4.12311
10782.5 17 4.12311
10787.5 23 4.79583
10792.5 18 4.24264
10797.5 18 4.24264
10802.5 17 4.12311
10807.5 17 4.12311
10812.5 29 5.38516
10817.5 16 4
10822.5 24 4.89898
10827.5 12 3.4641
10832.5 17 4.12311
10837.5 11 3.31662
10842.5 20 4.47214
10847.5 23 4.79583
10852.5 19 4.3589
10857.5 20 4.47214
10862.5 22 4.69042
10867.5 14 3.74166
10872.5 17 4.12311
10877.5 14 3.74166
10882.5 18 4.24264
10887.5 24 4.89898
10892.5 21 4.58258
10897.5 20 4.47214
10902.5 23 4.79583
10907.5 20 4.47214
10912.5 28 5.2915
10917.5 20 4.47214
10922.5 14 3.74166
10927.5 19 4.3589
10932.5 23 4.79583
10937.5 17 4.12311
10942.5 15 3.87298
10947.5 33 5.74456
10952.5 20 4.47214
10957.5 12 3.4641
10962.5 18 4.24264
10967.5 14 3.74166
10972.5 15 3.87298
10977.5 16 4
10982.5 17 4.12311
10987.5 20 4.47214
10992.5 15 3.87298
10997.5 19 4.3589
11002.5 29 5.38516
11007.5 12 3.4641
11012.5 13 3.60555
11017.5 25 5
11022.5 10 3.16228
11027.5 19 4.3589
11032.5 20 4.47214
11037.5 21 4.58258
11042.5 17 4.12311
11047.5 19 4.3589
11052.5 23 4.79583
11057.5 25 5
11062.5 16 4
11067.5 23 4.79583
11072.5 15 3.87298
11077.5 21 4.58258
11082.5 24 4.89898
11087.5 18 4.24264
11092.5 18 4.24264
11097.5 16 4
11102.5 21 4.58258
11107.5 20 4.47214
11112.5 18 4.24264
11117.5 27 5.19615
11122.5 15 3.87298
11127.5 16 4
11132.5 11 3.31662
11137.5 23 4.79583
11142.5 14 3.74166
11147.5 13 3.60555
11152.5 20 4.47214
11157.5 13 3.60555
11162.5 11 3.31662
11167.5 21 4.58258
11172.5 12 3.4641
11177.5 22 4.69042
11182.5 20 4.47214
11187.5 17 4.12311
11192.5 19 4.3589
11197.5 23 4.79583
11202.5 15 3.87298
11207.5 14 3.74166
11212.5 21 4.58258
11217.5 18 4.24264
11222.5 10 3.16228
11227.5 15 3.87298
11232.5 20 4.47214
11237.5 15 3.87298
11242.5 7 2.64575
11247.5 21 4.58258
11252.5 17 4.12311
11257.5 16 4
11262.5 11 3.31662
11267.5 20 4.47214
11272.5 14 3.74166
11277.5 14 3.74166
11282.5 12 3.4641
11287.5 22 4.69042
11292.5 19 4.3589
11297.5 14 3.74166
11302.5 20 4.47214
11307.5 20 4.47214
11312.5 11 3.31662
11317.5 25 5
11322.5 13 3.60555
11327.5 12 3.4641
11332.5 20 4.47214
11337.5 14 3.74166
11342.5 13 3.60555
11347.5 14 3.74166
11352.5 19 4.3589
11357.5 12 3.4641
11362.5 14 3.74166
11367.5 19 4.3589
11372.5 14 3.74166
11377.5 14 3.74166
11382.5 7 2.64575
11387.5 12 3.4641
11392.5 18 4.24264
11397.5 19 4.3589
11402.5 19 4.3589
11407.5 13 3.60555
11412.5 9 3
11417.5 13 3.60555
11422.5 14 3.74166
11427.5 18 4.24264
11432.5 13 3.60555
11437.5 15 3.87298
11442.5 10 3.16228
11447.5 14 3.74166
11452.5 15 3.87298
11457.5 16 4
11462.5 15 3.87298
11467.5 14 3.74166
11472.5 25 5
11477.5 19 4.3589
11482.5 16 4
11487.5 20 4.47214
11492.5 18 4.24264
11497.5 20 4.47214
11502.5 17 4.12311
11507.5 14 3.74166
11512.5 18 4.24264
11517.5 14 3.74166
11522.5 14 3.74166
11527.5 17 4.12311
11532.5 14 3.74166
11537.5 13 3.60555
11542.5 18 4.24264
11547.5 14 3.74166
11552.5 14 3.74166
11557.5 18 4.24264
11562.5 14 3.74166
11567.5 14 3.74166
11572.5 22 4.69042
11577.5 14 3.74166
11582.5 12 3.4641
11587.5 16 4
11592.5 13 3.60555
11597.5 15 3.87298
11602.5 11 3.31662
11607.5 14 3.74166
11612.5 19 4.3589
11617.5 14 3.74166
11622.5 17 4.12311
11627.5 16 4
11632.5 12 3.4641
11637.5 12 3.4641
11642.5 20 4.47214
11647.5 19 4.3589
11652.5 11 3.31662
11657.5 14 3.74166
11662.5 13 3.60555
11667.5 9 3
11672.5 15 3.87298
11677.5 10 3.16228
11682.5 17 4.12311
11687.5 13 3.60555
11692.5 20 4.47214
11697.5 18 4.24264
11702.5 10 3.16228
11707.5 12 3.4641
11712.5 6 2.44949
11717.5 20 4.47214
11722.5 12 3.4641
11727.5 21 4.58258
11732.5 16 4
11737.5 10 3.16228
11742.5 18 4.24264
11747.5 11 3.31662
11752.5 12 3.4641
11757.5 12 3.4641
11762.5 22 4.69042
11767.5 20 4.47214
11772.5 10 3.16228
11777.5 16 4
11782.5 13 3.60555
11787.5 15 3.87298
11792.5 17 4.12311
11797.5 12 3.4641
11802.5 16 4
11807.5 12 3.4641
11812.5 13 3.60555
11817.5 10 3.16228
11822.5 15 3.87298
11827.5 19 4.3589
11832.5 17 4.12311
11837.5 17 4.12311
11842.5 18 4.24264
11847.5 14 3.74166
11852.5 14 3.74166
11857.5 10 3.16228
11862.5 8 2.82843
11867.5 17 4.12311
11872.5 13 3.60555
11877.5 10 3.16228
11882.5 13 3.60555
11887.5 14 3.74166
11892.5 14 3.74166
11897.5 18 4.24264
11902.5 15 3.87298
11907.5 13 3.60555
11912.5 7 2.64575
11917.5 9 3
11922.5 12 3.4641
11927.5 14 3.74166
11932.5 15 3.87298
11937.5 11 3.31662
11942.5 12 3.4641
11947.5 14 3.74166
11952.5 16 4
11957.5 9 3
11962.5 8 2.82843
11967.5 16 4
11972.5 12 3.4641
11977.5 9 3
11982.5 14 3.74166
11987.5 8 2.82843
11992.5 12 3.4641
11997.5 12 3.4641
12002.5 15 3.87298
12007.5 7 2.64575
12012.5 10 3.16228
12017.5 13 3.60555
12022.5 12 3.4641
12027.5 17 4.12311
12032.5 14 3.74166
12037.5 10 3.16228
12042.5 12 3.4641
12047.5 22 4.69042
12052.5 19 4.3589
12057.5 12 3.4641
12062.5 23 4.79583
12067.5 14 3.74166
12072.5 14 3.74166
12077.5 18 4.24264
12082.5 15 3.87298
12087.5 18 4.24264
12092.5 19 4.3589
12097.5 13 3.60555
12102.5 8 2.82843
12107.5 12 3.4641
12112.5 20 4.47214
12117.5 6 2.44949
12122.5 11 3.31662
12127.5 7 2.64575
12132.5 10 3.16228
12137.5 13 3.60555
12142.5 12 3.4641
12147.5 14 3.74166
12152.5 11 3.31662
12157.5 13 3.60555
12162.5 11 3.31662
12167.5 16 4
12172.5 14 3.74166
12177.5 11 3.31662
12182.5 14 3.74166
12187.5 12 3.4641
12192.5 7 2.64575
12197.5 15 3.87298
12202.5 11 3.31662
12207.5 16 4
12212.5 13 3.60555
12217.5 9 3
12222.5 16 4
12227.5 15 3.87298
12232.5 8 2.82843
12237.5 14 3.74166
12242.5 10 3.16228
12247.5 15 3.87298
12252.5 18 4.24264
12257.5 18 4.24264
12262.5 21 4.58258
12267.5 12 3.4641
12272.5 21 4.58258
12277.5 13 3.60555
12282.5 17 4.12311
12287.5 15 3.87298
12292.5 14 3.74166
12297.5 14 3.74166
12302.5 9 3
12307.5 14 3.74166
12312.5 17 4.12311
12317.5 13 3.60555
12322.5 17 4.12311
12327.5 21 4.58258
12332.5 22 4.69042
12337.5 13 3.60555
12342.5 10 3.16228
12347.5 13 3.60555
12352.5 13 3.60555
12357.5 16 4
12362.5 18 4.24264
12367.5 14 3.74166
12372.5 12 3.4641
12377.5 14 3.74166
12382.5 17 4.12311
12387.5 8 2.82843
12392.5 16 4
12397.5 14 3.74166
12402.5 20 4.47214
12407.5 9 3
12412.5 14 3.74166
12417.5 21 4.58258
12422.5 15 3.87298
12427.5 25 5
12432.5 17 4.12311
12437.5 14 3.74166
12442.5 10 3.16228
12447.5 11 3.31662
12452.5 14 3.74166
12457.5 16 4
12462.5 11 3.31662
12467.5 11 3.31662
12472.5 11 3.31662
12477.5 12 3.4641
12482.5 13 3.60555
12487.5 9 3
12492.5 14 3.74166
12497.5 21 4.58258
12502.5 18 4.24264
12507.5 12 3.4641
12512.5 17 4.12311
12517.5 12 3.4641
12522.5 22 4.69042
12527.5 12 3.4641
12532.5 10 3.16228
12537.5 11 3.31662
12542.5 8 2.82843
12547.5 11 3.31662
12552.5 16 4
12557.5 15 3.87298
12562.5 19 4.3589
12567.5 10 3.16228
12572.5 8 2.82843
12577.5 16 4
12582.5 21 4.58258
12587.5 16 4
12592.5 10 3.16228
12597.5 14 3.74166
12602.5 11 3.31662
12607.5 14 3.74166
12612.5 15 3.87298
12617.5 11 3.31662
12622.5 16 4
12627.5 15 3.87298
12632.5 13 3.60555
12637.5 11 3.31662
12642.5 16 4
12647.5 17 4.12311
12652.5 10 3.16228
12657.5 9 3
12662.5 11 3.31662
12667.5 17 4.12311
12672.5 15 3.87298
12677.5 13 3.60555
12682.5 19 4.3589
12687.5 18 4.24264
12692.5 16 4
12697.5 11 3.31662
12702.5 14 3.74166
12707.5 18 4.24264
12712.5 22 4.69042
12717.5 20 4.47214
12722.5 14 3.74166
12727.5 16 4
12732.5 14 3.74166
12737.5 7 2.64575
12742.5 20 4.47214
12747.5 10 3.16228
12752.5 13 3.60555
12757.5 8 2.82843
12762.5 11 3.31662
12767.5 13 3.60555
12772.5 15 3.87298
12777.5 13 3.60555
12782.5 11 3.31662
12787.5 11 3.31662
12792.5 9 3
12797.5 17 4.12311
12802.5 14 3.74166
12807.5 15 3.87298
12812.5 8 2.82843
12817.5 19 4.3589
12822.5 16 4
12827.5 12 3.4641
12832.5 14 3.74166
12837.5 15 3.87298
12842.5 22 4.69042
12847.5 11 3.31662
12852.5 11 3.31662
12857.5 19 4.3589
12862.5 15 3.87298
12867.5 19 4.3589
12872.5 13 3.60555
12877.5 18 4.24264
12882.5 16 4
12887.5 12 3.4641
12892.5 15 3.87298
12897.5 24 4.89898
12902.5 9 3
12907.5 15 3.87298
12912.5 15 3.87298
12917.5 16 4
12922.5 12 3.4641
12927.5 17 4.12311
12932.5 8 2.82843
12937.5 12 3.4641
12942.5 14 3.74166
12947.5 13 3.60555
12952.5 21 4.58258
12957.5 13 3.60555
12962.5 21 4.58258
12967.5 21 4.58258
12972.5 11 3.31662
12977.5 13 3.60555
12982.5 18 4.24264
12987.5 13 3.60555
12992.5 10 3.16228
12997.5 8 2.82843
13002.5 9 3
13007.5 10 3.16228
13012.5 10 3.16228
13017.5 8 2.82843
13022.5 17 4.12311
13027.5 16 4
13032.5 9 3
13037.5 11 3.31662
13042.5 17 4.12311
13047.5 15 3.87298
13052.5 13 3.60555
13057.5 16 4
13062.5 14 3.74166
13067.5 15 3.87298
13072.5 13 3.60555
13077.5 15 3.87298
13082.5 15 3.87298
13087.5 17 4.12311
13092.5 6 2.44949
13097.5 10 3.16228
13102.5 11 3.31662
13107.5 11 3.31662
13112.5 13 3.60555
13117.5 14 3.74166
13122.5 16 4
13127.5 12 3.4641
13132.5 20 4.47214
13137.5 13 3.60555
13142.5 19 4.3589
13147.5 14 3.74166
13152.5 17 4.12311
13157.5 5 2.23607
13162.5 8 2.82843
13167.5 14 3.74166
13172.5 18 4.24264
13177.5 9 3
13182.5 13 3.60555
13187.5 12 3.4641
13192.5 9 3
13197.5 16 4
13202.5 12 3.4641
13207.5 20 4.47214
13212.5 10 3.16228
13217.5 11 3.31662
13222.5 11 3.31662
13227.5 6 2.44949
13232.5 12 3.4641
13237.5 14 3.74166
13242.5 18 4.24264
13247.5 14 3.74166
13252.5 8 2.82843
13257.5 11 3.31662
13262.5 14 3.74166
13267.5 20 4.47214
13272.5 12 3.4641
13277.5 8 2.82843
13282.5 15 3.87298
13287.5 15 3.87298
13292.5 5 2.23607
13297.5 11 3.31662
13302.5 11 3.31662
13307.5 11 3.31662
13312.5 12 3.4641
13317.5 9 3
13322.5 15 3.87298
13327.5 14 3.74166
13332.5 12 3.4641
13337.5 9 3
13342.5 10 3.16228
13347.5 8 2.82843
13352.5 13 3.60555
13357.5 16 4
13362.5 14 3.74166
13367.5 11 3.31662
13372.5 6 2.44949
13377.5 21 4.58258
13382.5 14 3.74166
13387.5 12 3.4641
13392.5 11 3.31662
13397.5 10 3.16228
13402.5 12 3.4641
13407.5 5 2.23607
13412.5 15 3.87298
13417.5 12 3.4641
13422.5 12 3.4641
13427.5 9 3
13432.5 14 3.74166
13437.5 11 3.31662
13442.5 11 3.31662
13447.5 14 3.74166
13452.5 15 3.87298
13457.5 13 3.60555
13462.5 13 3.60555
13467.5 12 3.4641
13472.5 7 2.64575
13477.5 12 3.4641
13482.5 7 2.64575
13487.5 10 3.16228
13492.5 16 4
13497.5 12 3.4641
13502.5 13 3.60555
13507.5 12 3.4641
13512.5 10 3.16228
13517.5 8 2.82843
13522.5 9 3
13527.5 10 3.16228
13532.5 7 2.64575
13537.5 9 3
13542.5 7 2.64575
13547.5 6 2.44949
13552.5 12 3.4641
13557.5 13 3.60555
13562.5 14 3.74166
13567.5 20 4.47214
13572.5 10 3.16228
13577.5 11 3.31662
13582.5 13 3.60555
13587.5 5 2.23607
13592.5 10 3.16228
13597.5 5 2.23607
13602.5 13 3.60555
13607.5 7 2.64575
13612.5 13 3.60555
13617.5 12 3.4641
13622.5 4 2
13627.5 13 3.60555
13632.5 10 3.16228
13637.5 13 3.60555
13642.5 11 3.31662
13647.5 9 3
13652.5 13 3.60555
13657.5 15 3.87298
13662.5 19 4.3589
13667.5 8 2.82843
13672.5 9 3
13677.5 7 2.64575
13682.5 11 3.31662
13687.5 12 3.4641
13692.5 16 4
13697.5 11 3.31662
13702.5 10 3.16228
13707.5 16 4
13712.5 17 4.12311
13717.5 8 2.82843
13722.5 8 2.82843
13727.5 10 3.16228
13732.5 9 3
13737.5 12 3.4641
13742.5 16 4
13747.5 12 3.4641
13752.5 15 3.87298
13757.5 8 2.82843
13762.5 15 3.87298
13767.5 11 3.31662
13772.5 4 2
13777.5 11 3.31662
13782.5 14 3.74166
13787.5 10 3.16228
13792.5 14 3.74166
13797.5 14 3.74166
13802.5 14 3.74166
13807.5 6 2.44949
13812.5 15 3.87298
13817.5 8 2.82843
13822.5 11 3.31662
13827.5 11 3.31662
13832.5 12 3.4641
13837.5 9 3
13842.5 12 3.4641
13847.5 3 1.73205
13852.5 13 3.60555
13857.5 8 2.82843
13862.5 14 3.74166
13867.5 11 3.31662
13872.5 14 3.74166
13877.5 16 4
13882.5 13 3.60555
13887.5 11 3.31662
13892.5 9 3
13897.5 11 3.31662
13902.5 17 4.12311
13907.5 11 3.31662
13912.5 7 2.64575
13917.5 9 3
13922.5 7 2.64575
13927.5 13 3.60555
13932.5 15 3.87298
13937.5 13 3.60555
13942.5 6 2.44949
13947.5 12 3.4641
13952.5 13 3.60555
13957.5 9 3
13962.5 12 3.4641
13967.5 16 4
13972.5 11 3.31662
13977.5 11 3.31662
13982.5 10 3.16228
13987.5 11 3.31662
13992.5 9 3
13997.5 11 3.31662
14002.5 10 3.16228
14007.5 13 3.60555
14012.5 14 3.74166
14017.5 7 2.64575
14022.5 10 3.16228
14027.5 12 3.4641
14032.5 11 3.31662
14037.5 10 3.16228
14042.5 7 2.64575
14047.5 7 2.64575
14052.5 11 3.31662
14057.5 9 3
14062.5 12 3.4641
14067.5 13 3.60555
14072.5 7 2.64575
14077.5 8 2.82843
14082.5 10 3.16228
14087.5 10 3.16228
14092.5 11 3.31662
14097.5 9 3
14102.5 6 2.44949
14107.5 6 2.44949
14112.5 16 4
14117.5 11 3.31662
14122.5 13 3.60555
14127.5 14 3.74166
14132.5 9 3
14137.5 9 3
14142.5 7 2.64575
14147.5 12 3.4641
14152.5 7 2.64575
14157.5 9 3
14162.5 8 2.82843
14167.5 12 3.4641
14172.5 4 2
14177.5 12 3.4641
14182.5 8 2.82843
14187.5 9 3
14192.5 4 2
14197.5 7 2.64575
14202.5 10 3.16228
14207.5 4 2
14212.5 16 4
14217.5 15 3.87298
14222.5 9 3
14227.5 10 3.16228
14232.5 6 2.44949
14237.5 3 1.73205
14242.5 8 2.82843
14247.5 11 3.31662
14252.5 9 3
14257.5 14 3.74166
14262.5 13 3.60555
14267.5 15 3.87298
14272.5 11 3.31662
14277.5 7 2.64575
14282.5 13 3.60555
14287.5 17 4.12311
14292.5 17 4.12311
14297.5 8 2.82843
14302.5 6 2.44949
14307.5 13 3.60555
14312.5 12 3.4641
14317.5 4 2
14322.5 11 3.31662
14327.5 13 3.60555
14332.5 10 3.16228
14337.5 15 3.87298
14342.5 11 3.31662
14347.5 9 3
14352.5 6 2.44949
14357.5 10 3.16228
14362.5 6 2.44949
14367.5 11 3.31662
14372.5 7 2.64575
14377.5 15 3.87298
14382.5 8 2.82843
14387.5 9 3
14392.5 11 3.31662
14397.5 13 3.60555
14402.5 11 3.31662
14407.5 9 3
14412.5 11 3.31662
14417.5 6 2.44949
14422.5 13 3.60555
14427.5 13 3.60555
14432.5 6 2.44949
14437.5 17 4.12311
14442.5 4 2
14447.5 12 3.4641
14452.5 17 4.12311
14457.5 11 3.31662
14462.5 12 3.4641
14467.5 10 3.16228
14472.5 13 3.60555
14477.5 10 3.16228
14482.5 13 3.60555
14487.5 9 3
14492.5 11 3.31662
14497.5 7 2.64575
14502.5 15 3.87298
14507.5 18 4.24264
14512.5 12 3.4641
14517.5 13 3.60555
14522.5 7 2.64575
14527.5 11 3.31662
14532.5 13 3.60555
14537.5 11 3.31662
14542.5 11 3.31662
14547.5 13 3.60555
14552.5 13 3.60555
14557.5 5 2.23607
14562.5 17 4.12311
14567.5 15 3.87298
14572.5 11 3.31662
14577.5 9 3
14582.5 12 3.4641
14587.5 7 2.64575
14592.5 7 2.64575
14597.5 10 3.16228
14602.5 10 3.16228
14607.5 9 3
14612.5 7 2.64575
14617.5 9 3
14622.5 14 3.74166
14627.5 12 3.4641
14632.5 15 3.87298
14637.5 6 2.44949
14642.5 12 3.4641
14647.5 16 4
14652.5 12 3.4641
14657.5 15 3.87298
14662.5 12 3.4641
14667.5 11 3.31662
14672.5 10 3.16228
14677.5 18 4.24264
14682.5 14 3.74166
14687.5 7 2.64575
14692.5 18 4.24264
14697.5 10 3.16228
14702.5 22 4.69042
14707.5 20 4.47214
14712.5 11 3.31662
14717.5 6 2.44949
14722.5 8 2.82843
14727.5 9 3
14732.5 7 2.64575
14737.5 8 2.82843
14742.5 9 3
14747.5 9 3
14752.5 16 4
14757.5 11 3.31662
14762.5 7 2.64575
14767.5 13 3.60555
14772.5 13 3.60555
14777.5 18 4.24264
14782.5 18 4.24264
14787.5 10 3.16228
14792.5 9 3
14797.5 15 3.87298
14802.5 19 4.3589
14807.5 11 3.31662
14812.5 16 4
14817.5 18 4.24264
14822.5 6 2.44949
14827.5 8 2.82843
14832.5 16 4
14837.5 19 4.3589
14842.5 16 4
14847.5 18 4.24264
14852.5 19 4.3589
14857.5 10 3.16228
14862.5 25 5
14867.5 14 3.74166
14872.5 17 4.12311
14877.5 15 3.87298
14882.5 16 4
14887.5 7 2.64575
14892.5 16 4
14897.5 17 4.12311
14902.5 22 4.69042
14907.5 19 4.3589
14912.5 19 4.3589
14917.5 20 4.47214
14922.5 11 3.31662
14927.5 10 3.16228
14932.5 24 4.89898
14937.5 18 4.24264
14942.5 20 4.47214
14947.5 14 3.74166
14952.5 17 4.12311
14957.5 18 4.24264
14962.5 15 3.87298
14967.5 23 4.79583
14972.5 13 3.60555
14977.5 16 4
14982.5 26 5.09902
14987.5 14 3.74166
14992.5 13 3.60555
14997.5 26 5.09902
15002.5 16 4
15007.5 25 5
15012.5 24 4.89898
15017.5 19 4.3589
15022.5 21 4.58258
15027.5 20 4.47214
15032.5 26 5.09902
15037.5 19 4.3589
15042.5 24 4.89898
15047.5 21 4.58258
15052.5 26 5.09902
15057.5 24 4.89898
15062.5 16 4
15067.5 28 5.2915
15072.5 23 4.79583
15077.5 12 3.4641
15082.5 17 4.12311
15087.5 24 4.89898
15092.5 30 5.47723
15097.5 27 5.19615
15102.5 19 4.3589
15107.5 29 5.38516
15112.5 27 5.19615
15117.5 24 4.89898
15122.5 30 5.47723
15127.5 22 4.69042
15132.5 24 4.89898
15137.5 27 5.19615
15142.5 31 5.56776
15147.5 29 5.38516
15152.5 29 5.38516
15157.5 15 3.87298
15162.5 30 5.47723
15167.5 20 4.47214
15172.5 23 4.79583
15177.5 22 4.69042
15182.5 22 4.69042
15187.5 33 5.74456
15192.5 36 6
15197.5 36 6
15202.5 25 5
15207.5 32 5.65685
15212.5 32 5.65685
15217.5 21 4.58258
15222.5 18 4.24264
15227.5 36 6
15232.5 25 5
15237.5 29 5.38516
15242.5 36 6
15247.5 40 6.32456
15252.5 31 5.56776
15257.5 29 5.38516
15262.5 38 6.16441
15267.5 24 4.89898
15272.5 45 6.7082
15277.5 32 5.65685
15282.5 33 5.74456
15287.5 32 5.65685
15292.5 22 4.69042
15297.5 38 6.16441
15302.5 26 5.09902
15307.5 33 5.74456
15312.5 34 5.83095
15317.5 36 6
15322.5 19 4.3589
15327.5 39 6.245
15332.5 32 5.65685
15337.5 31 5.56776
15342.5 21 4.58258
15347.5 31 5.56776
15352.5 27 5.19615
15357.5 29 5.38516
15362.5 25 5
15367.5 32 5.65685
15372.5 26 5.09902
15377.5 32 5.65685
15382.5 25 5
15387.5 27 5.19615
15392.5 20 4.47214
15397.5 23 4.79583
15402.5 18 4.24264
15407.5 22 4.69042
15412.5 18 4.24264
15417.5 15 3.87298
15422.5 15 3.87298
15427.5 19 4.3589
15432.5 21 4.58258
15437.5 22 4.69042
15442.5 14 3.74166
15447.5 12 3.4641
15452.5 12 3.4641
15457.5 14 3.74166
15462.5 18 4.24264
15467.5 14 3.74166
15472.5 19 4.3589
15477.5 14 3.74166
15482.5 16 4
15487.5 12 3.4641
15492.5 5 2.23607
15497.5 9 3
15502.5 11 3.31662
15507.5 8 2.82843
15512.5 12 3.4641
15517.5 10 3.16228
15522.5 18 4.24264
15527.5 9 3
15532.5 12 3.4641
15537.5 10 3.16228
15542.5 11 3.31662
15547.5 5 2.23607
15552.5 14 3.74166
15557.5 13 3.60555
15562.5 10 3.16228
15567.5 6 2.44949
15572.5 13 3.60555
15577.5 9 3
15582.5 11 3.31662
15587.5 7 2.64575
15592.5 6 2.44949
15597.5 9 3
15602.5 12 3.4641
15607.5 12 3.4641
15612.5 13 3.60555
15617.5 12 3.4641
15622.5 14 3.74166
15627.5 8 2.82843
15632.5 11 3.31662
15637.5 9 3
15642.5 13 3.60555
15647.5 8 2.82843
15652.5 5 2.23607
15657.5 9 3
15662.5 7 2.64575
15667.5 9 3
15672.5 6 2.44949
15677.5 7 2.64575
15682.5 4 2
15687.5 6 2.44949
15692.5 7 2.64575
15697.5 7 2.64575
15702.5 9 3
15707.5 7 2.64575
15712.5 4 2
15717.5 8 2.82843
15722.5 7 2.64575
15727.5 5 2.23607
15732.5 5 2.23607
15737.5 12 3.4641
15742.5 9 3
15747.5 9 3
15752.5 5 2.23607
15757.5 8 2.82843
15762.5 9 3
15767.5 7 2.64575
15772.5 5 2.23607
15777.5 12 3.4641
15782.5 12 3.4641
15787.5 5 2.23607
15792.5 5 2.23607
15797.5 13 3.60555
15802.5 10 3.16228
15807.5 3 1.73205
15812.5 9 3
15817.5 5 2.23607
15822.5 8 2.82843
15827.5 6 2.44949
15832.5 6 2.44949
15837.5 6 2.44949
15842.5 7 2.64575
15847.5 10 3.16228
15852.5 6 2.44949
15857.5 6 2.44949
15862.5 8 2.82843
15867.5 8 2.82843
15872.5 6 2.44949
15877.5 10 3.16228
15882.5 8 2.82843
15887.5 12 3.4641
15892.5 8 2.82843
15897.5 13 3.60555
15902.5 10 3.16228
15907.5 4 2
15912.5 4 2
15917.5 8 2.82843
15922.5 9 3
15927.5 6 2.44949
15932.5 9 3
15937.5 7 2.64575
15942.5 7 2.64575
15947.5 10 3.16228
15952.5 11 3.31662
15957.5 2 1.41421
15962.5 4 2
15967.5 7 2.64575
15972.5 9 3
15977.5 7 2.64575
15982.5 4 2
15987.5 13 3.60555
15992.5 7 2.64575
15997.5 6 2.44949
16002.5 7 2.64575
16007.5 1 1
16012.5 5 2.23607
16017.5 10 3.16228
16022.5 5 2.23607
16027.5 8 2.82843
16032.5 9 3
16037.5 13 3.60555
16042.5 7 2.64575
16047.5 9 3
16052.5 4 2
16057.5 5 2.23607
16062.5 7 2.64575
16067.5 4 2
16072.5 8 2.82843
16077.5 3 1.73205
16082.5 5 2.23607
16087.5 7 2.64575
16092.5 7 2.64575
16097.5 9 3
16102.5 8 2.82843
16107.5 8 2.82843
16112.5 7 2.64575
16117.5 7 2.64575
16122.5 10 3.16228
16127.5 3 1.73205
16132.5 11 3.31662
16137.5 7 2.64575
16142.5 7 2.64575
16147.5 6 2.44949
16152.5 5 2.23607
16157.5 11 3.31662
16162.5 6 2.44949
16167.5 6 2.44949
16172.5 5 2.23607
16177.5 8 2.82843
16182.5 7 2.64575
16187.5 7 2.64575
16192.5 11 3.31662
16197.5 5 2.23607
16202.5 3 1.73205
16207.5 7 2.64575
16212.5 1 1
16217.5 3 1.73205
16222.5 6 2.44949
16227.5 4 2
16232.5 7 2.64575
16237.5 4 2
16242.5 7 2.64575
16247.5 5 2.23607
16252.5 4 2
16257.5 4 2
16262.5 5 2.23607
16267.5 12 3.4641
16272.5 6 2.44949
16277.5 7 2.64575
16282.5 8 2.82843
16287.5 6 2.44949
16292.5 6 2.44949
16297.5 12 3.4641
16302.5 1 1
16307.5 1 1
16312.5 7 2.64575
16317.5 5 2.23607
16322.5 5 2.23607
16327.5 5 2.23607
16332.5 8 2.82843
16337.5 5 2.23607
16342.5 7 2.64575
16347.5 8 2.82843
16352.5 3 1.73205
16357.5 4 2
16362.5 9 3
16367.5 7 2.64575
16372.5 7 2.64575
16377.5 4 2
16382.5 6 2.44949
16387.5 4 2
16392.5 2 1.41421
16397.5 6 2.44949
16402.5 5 2.23607
16407.5 6 2.44949
16412.5 6 2.44949
16417.5 8 2.82843
16422.5 5 2.23607
16427.5 5 2.23607
16432.5 6 2.44949
16437.5 3 1.73205
16442.5 7 2.64575
16447.5 6 2.44949
16452.5 5 2.23607
16457.5 7 2.64575
16462.5 5 2.23607
16467.5 8 2.82843
16472.5 5 2.23607
16477.5 3 1.73205
16482.5 4 2
16487.5 6 2.44949
16492.5 5 2.23607
16497.5 2 1.41421
16502.5 10 3.16228
16507.5 13 3.60555
16512.5 5 2.23607
16517.5 8 2.82843
16522.5 4 2
16527.5 6 2.44949
16532.5 9 3
16537.5 7 2.64575
16542.5 8 2.82843
16547.5 5 2.23607
16552.5 11 3.31662
16557.5 6 2.44949
16562.5 8 2.82843
16567.5 6 2.44949
16572.5 12 3.4641
16577.5 6 2.44949
16582.5 6 2.44949
16587.5 5 2.23607
16592.5 11 3.31662
16597.5 7 2.64575
16602.5 6 2.44949
16607.5 6 2.44949
16612.5 5 2.23607
16617.5 4 2
16622.5 5 2.23607
16627.5 8 2.82843
16632.5 5 2.23607
16637.5 5 2.23607
16642.5 8 2.82843
16647.5 2 1.41421
16652.5 5 2.23607
16657.5 4 2
16662.5 7 2.64575
16667.5 34 5.83095
16672.5 0 0
16677.5 0 0
16682.5 0 0
16687.5 0 0
16692.5 0 0
16697.5 0 0
