ENERGY/MEV , Li(11BH4-xDx x~64%) T.lt.3 BACK , ERR/B , Li(11BH4-xDx x~64%) T.lt.3 FORWARD , ERR/F , Li(11BH4-xDx x~64%) T.lt.3  , ERR/T
3.00000 , 0.0969184 , 0.0336990 , 0.0383306 , 0.0257404 , 0.0678588 , 0.0212478
3.01500 , 0.0969184 , 0.0336150 , 0.0383306 , 0.0256763 , 0.0678588 , 0.0211949
3.03008 , 0.0969184 , 0.0335313 , 0.0383306 , 0.0256123 , 0.0678588 , 0.0211421
3.04523 , 0.0962172 , 0.0333061 , 0.0380329 , 0.0253716 , 0.0673578 , 0.0209796
3.06045 , 0.0732719 , 0.0282112 , 0.0282926 , 0.0186320 , 0.0509622 , 0.0169579
3.07575 , 0.0732719 , 0.0281409 , 0.0282926 , 0.0185856 , 0.0509622 , 0.0169156
3.09113 , 0.0732719 , 0.0280708 , 0.0282926 , 0.0185393 , 0.0509622 , 0.0168735
3.10659 , 0.0746862 , 0.0281394 , 0.0279702 , 0.0183603 , 0.0515151 , 0.0168544
3.12212 , 0.0971214 , 0.0301768 , 0.0228568 , 0.0160674 , 0.0602862 , 0.0171706
3.13773 , 0.0971214 , 0.0301017 , 0.0228568 , 0.0160274 , 0.0602862 , 0.0171278
3.15342 , 0.0971214 , 0.0300267 , 0.0228568 , 0.0159875 , 0.0602862 , 0.0170852
3.16919 , 0.0952419 , 0.0296152 , 0.0231910 , 0.0158736 , 0.0595046 , 0.0168753
3.18503 , 0.0759901 , 0.0258516 , 0.0266138 , 0.0150557 , 0.0514995 , 0.0150175
3.20096 , 0.0759901 , 0.0257873 , 0.0266138 , 0.0150182 , 0.0514995 , 0.0149801
3.21696 , 0.0759901 , 0.0257230 , 0.0266138 , 0.0149808 , 0.0514995 , 0.0149428
3.23305 , 0.0751202 , 0.0254721 , 0.0251570 , 0.0145264 , 0.0503384 , 0.0147216
3.24921 , 0.0686544 , 0.0239774 , 0.0143288 , 0.0109113 , 0.0417089 , 0.0132412
3.26546 , 0.0686544 , 0.0239177 , 0.0143288 , 0.0108842 , 0.0417089 , 0.0132082
3.28179 , 0.0686544 , 0.0238581 , 0.0143288 , 0.0108571 , 0.0417089 , 0.0131753
3.29820 , 0.0700253 , 0.0240337 , 0.0134095 , 0.0104987 , 0.0419439 , 0.0131849
3.31469 , 0.0779032 , 0.0252785 , 0.00812675 , 0.00832259 , 0.0432941 , 0.0133924
3.33126 , 0.0779032 , 0.0252155 , 0.00812675 , 0.00830186 , 0.0432941 , 0.0133591
3.34792 , 0.0779032 , 0.0251527 , 0.00812675 , 0.00828118 , 0.0432941 , 0.0133258
3.36466 , 0.0791552 , 0.0252611 , 0.00940140 , 0.00880768 , 0.0445573 , 0.0134603
3.38148 , 0.0849428 , 0.0259726 , 0.0152936 , 0.0109610 , 0.0503968 , 0.0141743
3.39839 , 0.0849428 , 0.0259079 , 0.0152936 , 0.0109337 , 0.0503968 , 0.0141390
3.41538 , 0.0849428 , 0.0258433 , 0.0152936 , 0.0109064 , 0.0503968 , 0.0141037
3.43246 , 0.0875522 , 0.0262251 , 0.0169962 , 0.0114088 , 0.0525564 , 0.0143779
3.44962 , 0.0975195 , 0.0277941 , 0.0234997 , 0.0132050 , 0.0608057 , 0.0154638
3.46687 , 0.0975195 , 0.0277249 , 0.0234997 , 0.0131721 , 0.0608057 , 0.0154253
3.48420 , 0.0975195 , 0.0276558 , 0.0234997 , 0.0131393 , 0.0608057 , 0.0153868
3.50162 , 0.0964785 , 0.0272963 , 0.0222423 , 0.0127753 , 0.0596574 , 0.0151465
3.51913 , 0.0931291 , 0.0262739 , 0.0181966 , 0.0116165 , 0.0559626 , 0.0144413
3.53673 , 0.0931291 , 0.0262085 , 0.0181966 , 0.0115875 , 0.0559626 , 0.0144053
3.55441 , 0.0931291 , 0.0261432 , 0.0181966 , 0.0115587 , 0.0559626 , 0.0143694
3.57218 , 0.0915050 , 0.0258894 , 0.0164929 , 0.0109385 , 0.0542990 , 0.0141313
3.59004 , 0.0870399 , 0.0253001 , 0.0118091 , 0.00909440 , 0.0497254 , 0.0135256
3.60799 , 0.0870399 , 0.0252371 , 0.0118091 , 0.00907175 , 0.0497254 , 0.0134919
3.62603 , 0.0870399 , 0.0251742 , 0.0118091 , 0.00904915 , 0.0497254 , 0.0134583
3.64416 , 0.0862966 , 0.0250149 , 0.0129936 , 0.00947137 , 0.0499383 , 0.0134543
3.66238 , 0.0845317 , 0.0247222 , 0.0158064 , 0.0104259 , 0.0504440 , 0.0134905
3.68069 , 0.0845317 , 0.0246606 , 0.0158064 , 0.0103999 , 0.0504440 , 0.0134569
3.69910 , 0.0845317 , 0.0245992 , 0.0158064 , 0.0103740 , 0.0504440 , 0.0134234
3.71759 , 0.0823218 , 0.0240827 , 0.0169088 , 0.0106795 , 0.0498770 , 0.0132432
3.73618 , 0.0777516 , 0.0230553 , 0.0191886 , 0.0113057 , 0.0487044 , 0.0129022
3.75486 , 0.0777516 , 0.0229979 , 0.0191886 , 0.0112776 , 0.0487044 , 0.0128701
3.77364 , 0.0777516 , 0.0229406 , 0.0191886 , 0.0112495 , 0.0487044 , 0.0128380
3.79250 , 0.0767483 , 0.0226794 , 0.0198461 , 0.0115778 , 0.0485248 , 0.0127919
3.81147 , 0.0749297 , 0.0222492 , 0.0210377 , 0.0121667 , 0.0481992 , 0.0127343
3.83052 , 0.0749297 , 0.0221938 , 0.0210377 , 0.0121364 , 0.0481992 , 0.0127026
3.84968 , 0.0749297 , 0.0221386 , 0.0210377 , 0.0121062 , 0.0481992 , 0.0126710
3.86893 , 0.0760726 , 0.0223360 , 0.0236344 , 0.0125482 , 0.0500633 , 0.0128633
3.88827 , 0.0778973 , 0.0226768 , 0.0277798 , 0.0132342 , 0.0530390 , 0.0131800
3.90771 , 0.0778973 , 0.0226203 , 0.0277798 , 0.0132012 , 0.0530390 , 0.0131472
3.92725 , 0.0778973 , 0.0225640 , 0.0277798 , 0.0131683 , 0.0530390 , 0.0131144
3.94689 , 0.0817572 , 0.0230155 , 0.0286060 , 0.0134434 , 0.0553942 , 0.0133797
3.96662 , 0.0872039 , 0.0236544 , 0.0297719 , 0.0138317 , 0.0587176 , 0.0137549
3.98645 , 0.0872039 , 0.0235955 , 0.0297719 , 0.0137972 , 0.0587176 , 0.0137206
4.00639 , 0.0872039 , 0.0235367 , 0.0297719 , 0.0137628 , 0.0587176 , 0.0136864
4.02642 , 0.0949334 , 0.0244365 , 0.0218673 , 0.0116740 , 0.0586926 , 0.0136092
4.04655 , 0.104599 , 0.0255208 , 0.0119822 , 0.00840606 , 0.0586613 , 0.0135213
4.06678 , 0.104599 , 0.0254572 , 0.0119822 , 0.00838512 , 0.0586613 , 0.0134877
4.08712 , 0.104599 , 0.0253938 , 0.0119822 , 0.00836423 , 0.0586613 , 0.0134541
4.10755 , 0.101763 , 0.0249194 , 0.0153422 , 0.00950924 , 0.0588982 , 0.0134158
4.12809 , 0.0986143 , 0.0243940 , 0.0190719 , 0.0106285 , 0.0591612 , 0.0133771
4.14873 , 0.0986143 , 0.0243333 , 0.0190719 , 0.0106020 , 0.0591612 , 0.0133438
4.16947 , 0.0986143 , 0.0242727 , 0.0190719 , 0.0105756 , 0.0591612 , 0.0133106
4.19032 , 0.0893247 , 0.0230210 , 0.0214795 , 0.0112905 , 0.0556735 , 0.0128834
4.21127 , 0.0801646 , 0.0217284 , 0.0238535 , 0.0119467 , 0.0522343 , 0.0124515
4.23233 , 0.0801646 , 0.0216743 , 0.0238535 , 0.0119170 , 0.0522343 , 0.0124205
4.25349 , 0.0801646 , 0.0216203 , 0.0238535 , 0.0118873 , 0.0522343 , 0.0123895
4.27476 , 0.0881560 , 0.0226081 , 0.0206868 , 0.0109788 , 0.0546913 , 0.0126288
4.29613 , 0.0951554 , 0.0234240 , 0.0179131 , 0.0101213 , 0.0568432 , 0.0128287
4.31761 , 0.0951554 , 0.0233656 , 0.0179131 , 0.0100961 , 0.0568432 , 0.0127968
4.33920 , 0.0951554 , 0.0233074 , 0.0179131 , 0.0100710 , 0.0568432 , 0.0127649
4.36090 , 0.0899241 , 0.0225802 , 0.0153528 , 0.00918703 , 0.0529367 , 0.0122588
4.38270 , 0.0858579 , 0.0219911 , 0.0133627 , 0.00843837 , 0.0499003 , 0.0118474
4.40462 , 0.0858579 , 0.0219363 , 0.0133627 , 0.00841735 , 0.0499003 , 0.0118179
4.42664 , 0.0858579 , 0.0218817 , 0.0133627 , 0.00839639 , 0.0499003 , 0.0117885
4.44877 , 0.0802864 , 0.0210211 , 0.0231547 , 0.0110889 , 0.0519490 , 0.0119372
4.47102 , 0.0764502 , 0.0203967 , 0.0298967 , 0.0125911 , 0.0533596 , 0.0120283
4.49337 , 0.0764502 , 0.0203459 , 0.0298967 , 0.0125598 , 0.0533596 , 0.0119983
4.51584 , 0.0764502 , 0.0202952 , 0.0298967 , 0.0125285 , 0.0533596 , 0.0119684
4.53842 , 0.0776060 , 0.0203330 , 0.0282723 , 0.0121815 , 0.0531365 , 0.0118964
4.56111 , 0.0783090 , 0.0203358 , 0.0272843 , 0.0119554 , 0.0530008 , 0.0118410
4.58391 , 0.0783090 , 0.0202851 , 0.0272843 , 0.0119257 , 0.0530008 , 0.0118115
4.60683 , 0.0783090 , 0.0202346 , 0.0272843 , 0.0118960 , 0.0530008 , 0.0117821
4.62987 , 0.0915734 , 0.0217722 , 0.0275840 , 0.0120282 , 0.0598347 , 0.0124901
4.65302 , 0.0986732 , 0.0225201 , 0.0277445 , 0.0120837 , 0.0634926 , 0.0128354
4.67628 , 0.0986732 , 0.0224640 , 0.0277445 , 0.0120537 , 0.0634926 , 0.0128034
4.69966 , 0.0986732 , 0.0224081 , 0.0277445 , 0.0120236 , 0.0634926 , 0.0127716
4.72316 , 0.0933665 , 0.0215485 , 0.0228100 , 0.0108606 , 0.0583704 , 0.0121230
4.74678 , 0.0908797 , 0.0211087 , 0.0204976 , 0.0102612 , 0.0559702 , 0.0117935
4.77051 , 0.0908797 , 0.0210561 , 0.0204976 , 0.0102356 , 0.0559702 , 0.0117641
4.79436 , 0.0908797 , 0.0210037 , 0.0204976 , 0.0102101 , 0.0559702 , 0.0117348
4.81834 , 0.0858557 , 0.0204072 , 0.0196204 , 0.00990243 , 0.0530030 , 0.0113978
4.84243 , 0.0838083 , 0.0201310 , 0.0192628 , 0.00976069 , 0.0517938 , 0.0112419
4.86664 , 0.0838083 , 0.0200808 , 0.0192628 , 0.00973638 , 0.0517938 , 0.0112139
4.89097 , 0.0838083 , 0.0200308 , 0.0192628 , 0.00971213 , 0.0517938 , 0.0111859
4.91543 , 0.0761046 , 0.0189699 , 0.0240795 , 0.0108394 , 0.0503002 , 0.0109688
4.94001 , 0.0733981 , 0.0185554 , 0.0257718 , 0.0111880 , 0.0497755 , 0.0108744
4.96471 , 0.0733981 , 0.0185092 , 0.0257718 , 0.0111601 , 0.0497755 , 0.0108473
4.98953 , 0.0733981 , 0.0184631 , 0.0257718 , 0.0111323 , 0.0497755 , 0.0108203
5.01448 , 0.0697404 , 0.0179162 , 0.0156510 , 0.00854605 , 0.0429121 , 0.00997521
5.03955 , 0.0686451 , 0.0177193 , 0.0126204 , 0.00759548 , 0.0408569 , 0.00969263
5.06475 , 0.0686451 , 0.0176751 , 0.0126204 , 0.00757656 , 0.0408569 , 0.00966849
5.09007 , 0.0686451 , 0.0176311 , 0.0126204 , 0.00755769 , 0.0408569 , 0.00964441
5.11552 , 0.0673473 , 0.0174511 , 0.0158244 , 0.00850950 , 0.0417919 , 0.00975563
5.14110 , 0.0670210 , 0.0173733 , 0.0166299 , 0.00871481 , 0.0420270 , 0.00976495
5.16680 , 0.0670210 , 0.0173300 , 0.0166299 , 0.00869311 , 0.0420270 , 0.00974063
5.19264 , 0.0670210 , 0.0172868 , 0.0166299 , 0.00867145 , 0.0420270 , 0.00971637
5.21860 , 0.0737351 , 0.0179325 , 0.0146067 , 0.00804870 , 0.0444074 , 0.00988042
5.24469 , 0.0751236 , 0.0180267 , 0.0141882 , 0.00789897 , 0.0448997 , 0.00989420
5.27092 , 0.0751236 , 0.0179818 , 0.0141882 , 0.00787930 , 0.0448997 , 0.00986956
5.29727 , 0.0751236 , 0.0179370 , 0.0141882 , 0.00785967 , 0.0448997 , 0.00984497
5.32376 , 0.0850444 , 0.0189067 , 0.0130522 , 0.00737396 , 0.0493363 , 0.0102068
5.35038 , 0.0866841 , 0.0190216 , 0.0128644 , 0.00727588 , 0.0500695 , 0.0102437
5.37713 , 0.0866841 , 0.0189743 , 0.0128644 , 0.00725776 , 0.0500695 , 0.0102181
5.40401 , 0.0866841 , 0.0189270 , 0.0128644 , 0.00723969 , 0.0500695 , 0.0101927
5.43104 , 0.0766141 , 0.0178302 , 0.0174799 , 0.00856274 , 0.0472835 , 0.00993950
5.45819 , 0.0753401 , 0.0176489 , 0.0180638 , 0.00869600 , 0.0469311 , 0.00988562
5.48548 , 0.0753401 , 0.0176049 , 0.0180638 , 0.00867434 , 0.0469311 , 0.00986100
5.51291 , 0.0753401 , 0.0175611 , 0.0180638 , 0.00865274 , 0.0469311 , 0.00983644
5.54047 , 0.0660299 , 0.0164911 , 0.0214822 , 0.00933416 , 0.0439343 , 0.00951397
5.56818 , 0.0651896 , 0.0163545 , 0.0217907 , 0.00937163 , 0.0436638 , 0.00946299
5.59602 , 0.0651896 , 0.0163137 , 0.0217907 , 0.00934828 , 0.0436638 , 0.00943942
5.62400 , 0.0651896 , 0.0162731 , 0.0217907 , 0.00932500 , 0.0436638 , 0.00941591
5.65212 , 0.0720979 , 0.0168419 , 0.0163729 , 0.00801365 , 0.0444583 , 0.00937285
5.68038 , 0.0724866 , 0.0168335 , 0.0160680 , 0.00791520 , 0.0445030 , 0.00934841
5.70878 , 0.0724866 , 0.0167916 , 0.0160680 , 0.00789548 , 0.0445030 , 0.00932512
5.73732 , 0.0724866 , 0.0167498 , 0.0160680 , 0.00787582 , 0.0445030 , 0.00930190
5.76601 , 0.0712427 , 0.0165116 , 0.0135565 , 0.00728920 , 0.0426304 , 0.00907330
5.79484 , 0.0712125 , 0.0164657 , 0.0134954 , 0.00725674 , 0.0425848 , 0.00904566
5.82381 , 0.0712125 , 0.0164247 , 0.0134954 , 0.00723866 , 0.0425848 , 0.00902313
5.85293 , 0.0712794 , 0.0163913 , 0.0135352 , 0.00723011 , 0.0426383 , 0.00900598
5.88220 , 0.0827818 , 0.0175847 , 0.0203781 , 0.00868513 , 0.0518296 , 0.00985418
5.91161 , 0.0827818 , 0.0175409 , 0.0203781 , 0.00866350 , 0.0518296 , 0.00982964
5.94117 , 0.0827818 , 0.0174972 , 0.0203781 , 0.00864192 , 0.0518296 , 0.00980516
5.97087 , 0.0826265 , 0.0174398 , 0.0201709 , 0.00857821 , 0.0516485 , 0.00976529
6.00073 , 0.0784000 , 0.0170142 , 0.0145302 , 0.00731915 , 0.0467206 , 0.00931193
6.03073 , 0.0784000 , 0.0169718 , 0.0145302 , 0.00730092 , 0.0467206 , 0.00928874
6.06088 , 0.0784000 , 0.0169295 , 0.0145302 , 0.00728273 , 0.0467206 , 0.00926560
6.09119 , 0.0783673 , 0.0168742 , 0.0151944 , 0.00741947 , 0.0470335 , 0.00926665
6.12164 , 0.0778983 , 0.0166422 , 0.0247353 , 0.00934243 , 0.0515294 , 0.00958258
6.15225 , 0.0778983 , 0.0166008 , 0.0247353 , 0.00931916 , 0.0515294 , 0.00955872
6.18301 , 0.0778983 , 0.0165594 , 0.0247353 , 0.00929595 , 0.0515294 , 0.00953491
6.21393 , 0.0771903 , 0.0164255 , 0.0237720 , 0.00909788 , 0.0506948 , 0.00942848
6.24500 , 0.0704243 , 0.0154735 , 0.0145658 , 0.00719749 , 0.0427185 , 0.00857689
6.27622 , 0.0704243 , 0.0154349 , 0.0145658 , 0.00717957 , 0.0427185 , 0.00855553
6.30760 , 0.0704243 , 0.0153965 , 0.0145658 , 0.00716168 , 0.0427185 , 0.00853422
6.33914 , 0.0713148 , 0.0154698 , 0.0153155 , 0.00731423 , 0.0435392 , 0.00859948
6.37084 , 0.0775845 , 0.0161939 , 0.0205939 , 0.00839579 , 0.0493172 , 0.00916272
6.40269 , 0.0775845 , 0.0161536 , 0.0205939 , 0.00837488 , 0.0493172 , 0.00913990
6.43471 , 0.0775845 , 0.0161134 , 0.0205939 , 0.00835402 , 0.0493172 , 0.00911714
6.46688 , 0.0779804 , 0.0161001 , 0.0200163 , 0.00821363 , 0.0492302 , 0.00907972
6.49921 , 0.0801556 , 0.0162064 , 0.0168433 , 0.00750413 , 0.0487527 , 0.00897609
6.53171 , 0.0801556 , 0.0161660 , 0.0168433 , 0.00748544 , 0.0487527 , 0.00895374
6.56437 , 0.0801556 , 0.0161258 , 0.0168433 , 0.00746680 , 0.0487527 , 0.00893144
6.59719 , 0.0776834 , 0.0158322 , 0.0176194 , 0.00759774 , 0.0478917 , 0.00882455
6.63018 , 0.0666931 , 0.0146161 , 0.0210699 , 0.00820922 , 0.0440640 , 0.00841695
6.66333 , 0.0666931 , 0.0145797 , 0.0210699 , 0.00818877 , 0.0440640 , 0.00839599
6.69664 , 0.0666931 , 0.0145434 , 0.0210699 , 0.00816838 , 0.0440640 , 0.00837508
6.73013 , 0.0652107 , 0.0143465 , 0.0195386 , 0.00785455 , 0.0425574 , 0.00821340
6.76378 , 0.0597418 , 0.0137034 , 0.0138895 , 0.00664434 , 0.0369991 , 0.00765249
6.79760 , 0.0597418 , 0.0136692 , 0.0138895 , 0.00662779 , 0.0369991 , 0.00763343
6.83158 , 0.0597418 , 0.0136352 , 0.0138895 , 0.00661128 , 0.0369991 , 0.00761441
6.86574 , 0.0581088 , 0.0134150 , 0.0139514 , 0.00662095 , 0.0362068 , 0.00751652
6.90007 , 0.0530183 , 0.0127853 , 0.0141446 , 0.00668507 , 0.0337369 , 0.00724687
6.93457 , 0.0530183 , 0.0127535 , 0.0141446 , 0.00666842 , 0.0337369 , 0.00722882
6.96924 , 0.0530183 , 0.0127217 , 0.0141446 , 0.00665181 , 0.0337369 , 0.00721082
7.00409 , 0.0564684 , 0.0130966 , 0.0148336 , 0.00677676 , 0.0358176 , 0.00740726
7.03911 , 0.0656795 , 0.0140898 , 0.0166732 , 0.00712307 , 0.0413724 , 0.00793158
7.07431 , 0.0656795 , 0.0140547 , 0.0166732 , 0.00710533 , 0.0413724 , 0.00791183
7.10968 , 0.0656795 , 0.0140197 , 0.0166732 , 0.00708763 , 0.0413724 , 0.00789212
7.14523 , 0.0673488 , 0.0141347 , 0.0163436 , 0.00700094 , 0.0420503 , 0.00792515
7.18095 , 0.0712050 , 0.0144392 , 0.0155823 , 0.00682175 , 0.0436161 , 0.00802549
7.21686 , 0.0712050 , 0.0144032 , 0.0155823 , 0.00680476 , 0.0436161 , 0.00800550
7.25294 , 0.0712050 , 0.0143674 , 0.0155823 , 0.00678781 , 0.0436161 , 0.00798557
7.28921 , 0.0684126 , 0.0140262 , 0.0180140 , 0.00725514 , 0.0434149 , 0.00793243
7.32565 , 0.0627870 , 0.0133566 , 0.0229130 , 0.00812343 , 0.0430095 , 0.00784544
7.36228 , 0.0627870 , 0.0133233 , 0.0229130 , 0.00810320 , 0.0430095 , 0.00782590
7.39909 , 0.0627870 , 0.0132902 , 0.0229130 , 0.00808302 , 0.0430095 , 0.00780640
7.43609 , 0.0634847 , 0.0133148 , 0.0225844 , 0.00802782 , 0.0431982 , 0.00780307
7.47327 , 0.0647181 , 0.0133829 , 0.0220035 , 0.00794564 , 0.0435317 , 0.00781195
7.51063 , 0.0647181 , 0.0133496 , 0.0220035 , 0.00792585 , 0.0435317 , 0.00779249
7.54819 , 0.0647181 , 0.0133163 , 0.0220035 , 0.00790611 , 0.0435317 , 0.00777308
7.58593 , 0.0661951 , 0.0134156 , 0.0201095 , 0.00752505 , 0.0433367 , 0.00772325
7.62386 , 0.0684964 , 0.0135856 , 0.0171586 , 0.00690731 , 0.0430328 , 0.00765641
7.66198 , 0.0684964 , 0.0135517 , 0.0171586 , 0.00689010 , 0.0430328 , 0.00763734
7.70029 , 0.0684964 , 0.0135180 , 0.0171586 , 0.00687294 , 0.0430328 , 0.00761832
7.73879 , 0.0653040 , 0.0131411 , 0.0178735 , 0.00694570 , 0.0417785 , 0.00746552
7.77748 , 0.0609049 , 0.0126214 , 0.0188588 , 0.00705007 , 0.0400500 , 0.00725895
7.81637 , 0.0609049 , 0.0125899 , 0.0188588 , 0.00703251 , 0.0400500 , 0.00724087
7.85545 , 0.0609049 , 0.0125586 , 0.0188588 , 0.00701499 , 0.0400500 , 0.00722284
7.89473 , 0.0602342 , 0.0124789 , 0.0198229 , 0.00715937 , 0.0401902 , 0.00722261
7.93420 , 0.0594149 , 0.0123886 , 0.0210006 , 0.00733395 , 0.0403614 , 0.00722621
7.97387 , 0.0594149 , 0.0123577 , 0.0210006 , 0.00731568 , 0.0403614 , 0.00720821
8.01374 , 0.0594149 , 0.0123270 , 0.0210006 , 0.00729746 , 0.0403614 , 0.00719026
8.05381 , 0.0629283 , 0.0126388 , 0.0206264 , 0.00722398 , 0.0419466 , 0.00730854
8.09408 , 0.0667391 , 0.0129677 , 0.0202204 , 0.00714567 , 0.0436659 , 0.00743488
8.13455 , 0.0667391 , 0.0129354 , 0.0202204 , 0.00712787 , 0.0436659 , 0.00741636
8.17522 , 0.0667391 , 0.0129032 , 0.0202204 , 0.00711012 , 0.0436659 , 0.00739789
8.21610 , 0.0626285 , 0.0124464 , 0.0223016 , 0.00740002 , 0.0426264 , 0.00726788
8.25718 , 0.0586676 , 0.0119930 , 0.0243069 , 0.00766563 , 0.0416247 , 0.00714089
8.29847 , 0.0586676 , 0.0119632 , 0.0243069 , 0.00764654 , 0.0416247 , 0.00712311
8.33996 , 0.0586676 , 0.0119334 , 0.0243069 , 0.00762750 , 0.0416247 , 0.00710536
8.38166 , 0.0594507 , 0.0119457 , 0.0220519 , 0.00727972 , 0.0409009 , 0.00702035
8.42357 , 0.0601208 , 0.0119517 , 0.0201220 , 0.00696868 , 0.0402814 , 0.00694488
8.46568 , 0.0601208 , 0.0119219 , 0.0201220 , 0.00695132 , 0.0402814 , 0.00692759
8.50801 , 0.0601208 , 0.0118922 , 0.0201220 , 0.00693401 , 0.0402814 , 0.00691033
8.55055 , 0.0581831 , 0.0116551 , 0.0182790 , 0.00655365 , 0.0383907 , 0.00671360
8.59331 , 0.0567120 , 0.0114665 , 0.0168798 , 0.00624833 , 0.0369552 , 0.00655765
8.63627 , 0.0567120 , 0.0114379 , 0.0168798 , 0.00623277 , 0.0369552 , 0.00654132
8.67945 , 0.0567120 , 0.0114094 , 0.0168798 , 0.00621725 , 0.0369552 , 0.00652503
8.72285 , 0.0623222 , 0.0119315 , 0.0198999 , 0.00673292 , 0.0412808 , 0.00687852
8.76647 , 0.0660937 , 0.0122571 , 0.0219302 , 0.00704998 , 0.0441886 , 0.00709857
8.81030 , 0.0660937 , 0.0122265 , 0.0219302 , 0.00703243 , 0.0441886 , 0.00708089
8.85435 , 0.0660937 , 0.0121961 , 0.0219302 , 0.00701491 , 0.0441886 , 0.00706326
8.89862 , 0.0597162 , 0.0115483 , 0.0233963 , 0.00727302 , 0.0417016 , 0.00684762
8.94311 , 0.0559314 , 0.0111380 , 0.0242665 , 0.00741322 , 0.0402256 , 0.00671057
8.98783 , 0.0559314 , 0.0111102 , 0.0242665 , 0.00739476 , 0.0402256 , 0.00669386
9.03277 , 0.0559314 , 0.0110826 , 0.0242665 , 0.00737634 , 0.0402256 , 0.00667719
9.07793 , 0.0618095 , 0.0116224 , 0.0242124 , 0.00734210 , 0.0431614 , 0.00689741
9.12332 , 0.0648766 , 0.0118781 , 0.0241842 , 0.00731554 , 0.0446932 , 0.00700035
9.16894 , 0.0648766 , 0.0118485 , 0.0241842 , 0.00729732 , 0.0446932 , 0.00698291
9.21478 , 0.0648766 , 0.0118190 , 0.0241842 , 0.00727915 , 0.0446932 , 0.00696552
9.26086 , 0.0529043 , 0.0106199 , 0.0237347 , 0.00718478 , 0.0384362 , 0.00643026
9.30716 , 0.0474416 , 0.0100161 , 0.0235296 , 0.00713192 , 0.0355813 , 0.00616415
9.35370 , 0.0474416 , 0.00999112 , 0.0235296 , 0.00711416 , 0.0355813 , 0.00614879
9.40047 , 0.0474416 , 0.00996623 , 0.0235296 , 0.00709644 , 0.0355813 , 0.00613348
9.44747 , 0.0458503 , 0.00968599 , 0.0249603 , 0.00722495 , 0.0354889 , 0.00605586
9.49471 , 0.0452199 , 0.00955904 , 0.0255271 , 0.00726392 , 0.0354523 , 0.00601596
9.54218 , 0.0452199 , 0.00953523 , 0.0255271 , 0.00724583 , 0.0354523 , 0.00600097
9.58989 , 0.0452199 , 0.00951149 , 0.0255271 , 0.00722778 , 0.0354523 , 0.00598602
9.63784 , 0.0491605 , 0.00995386 , 0.0267763 , 0.00745835 , 0.0380580 , 0.00623320
9.68603 , 0.0505038 , 0.0100826 , 0.0272021 , 0.00752242 , 0.0389462 , 0.00630432
9.73446 , 0.0505038 , 0.0100575 , 0.0272021 , 0.00750369 , 0.0389462 , 0.00628862
9.78313 , 0.0505038 , 0.0100325 , 0.0272021 , 0.00748500 , 0.0389462 , 0.00627296
9.83205 , 0.0513256 , 0.0100995 , 0.0265822 , 0.00732582 , 0.0390528 , 0.00625403
9.88121 , 0.0515637 , 0.0101008 , 0.0264025 , 0.00726644 , 0.0390838 , 0.00623749
9.93061 , 0.0515637 , 0.0100757 , 0.0264025 , 0.00724834 , 0.0390838 , 0.00622196
9.98027 , 0.0515637 , 0.0100506 , 0.0264025 , 0.00723029 , 0.0390838 , 0.00620646
10.0302 , 0.0566710 , 0.0105257 , 0.0308490 , 0.00781998 , 0.0438633 , 0.00657169
10.0803 , 0.0579092 , 0.0106170 , 0.0319270 , 0.00794051 , 0.0450220 , 0.00664413
10.1307 , 0.0579092 , 0.0105905 , 0.0319270 , 0.00792073 , 0.0450220 , 0.00662758
10.1814 , 0.0579092 , 0.0105642 , 0.0319270 , 0.00790100 , 0.0450220 , 0.00661107
10.2323 , 0.0475280 , 0.00951036 , 0.0264249 , 0.00713436 , 0.0370609 , 0.00595793
10.2834 , 0.0454676 , 0.00926979 , 0.0253329 , 0.00695923 , 0.0354808 , 0.00580880
10.3349 , 0.0454676 , 0.00924670 , 0.0253329 , 0.00694190 , 0.0354808 , 0.00579433
10.3865 , 0.0454676 , 0.00922367 , 0.0253329 , 0.00692461 , 0.0354808 , 0.00577990
10.4385 , 0.0514260 , 0.00981005 , 0.0271125 , 0.00712631 , 0.0393665 , 0.00607779
10.4907 , 0.0523645 , 0.00987795 , 0.0273928 , 0.00714235 , 0.0399786 , 0.00611027
10.5431 , 0.0523645 , 0.00985334 , 0.0273928 , 0.00712456 , 0.0399786 , 0.00609505
10.5958 , 0.0523645 , 0.00982880 , 0.0273928 , 0.00710682 , 0.0399786 , 0.00607987
10.6488 , 0.0501943 , 0.00964283 , 0.0291169 , 0.00735581 , 0.0397399 , 0.00607708
10.7021 , 0.0499355 , 0.00959942 , 0.0293225 , 0.00736858 , 0.0397114 , 0.00606341
10.7556 , 0.0499355 , 0.00957551 , 0.0293225 , 0.00735023 , 0.0397114 , 0.00604831
10.8093 , 0.0499355 , 0.00955166 , 0.0293225 , 0.00733192 , 0.0397114 , 0.00603325
10.8634 , 0.0508596 , 0.00958545 , 0.0302138 , 0.00743894 , 0.0406192 , 0.00607891
10.9177 , 0.0509367 , 0.00956635 , 0.0302881 , 0.00743074 , 0.0406950 , 0.00606880
10.9723 , 0.0509367 , 0.00954253 , 0.0302881 , 0.00741224 , 0.0406950 , 0.00605368
11.0272 , 0.0509367 , 0.00951876 , 0.0302881 , 0.00739378 , 0.0406950 , 0.00603860
11.0823 , 0.0434695 , 0.00876936 , 0.0313785 , 0.00742811 , 0.0374724 , 0.00575401
11.1377 , 0.0430970 , 0.00870984 , 0.0314329 , 0.00741222 , 0.0373116 , 0.00572594
11.1934 , 0.0430970 , 0.00868814 , 0.0314329 , 0.00739376 , 0.0373116 , 0.00571168
11.2494 , 0.0430970 , 0.00866650 , 0.0314329 , 0.00737535 , 0.0373116 , 0.00569745
11.3056 , 0.0553002 , 0.00972175 , 0.0363884 , 0.00796436 , 0.0459199 , 0.00629386
11.3621 , 0.0555238 , 0.00971611 , 0.0364793 , 0.00795520 , 0.0460777 , 0.00628880
11.4189 , 0.0555238 , 0.00969191 , 0.0364793 , 0.00793538 , 0.0460777 , 0.00627314
11.4760 , 0.0555020 , 0.00966571 , 0.0364584 , 0.00791307 , 0.0460564 , 0.00625591
11.5334 , 0.0536350 , 0.00946454 , 0.0346764 , 0.00767329 , 0.0442315 , 0.00610241
11.5911 , 0.0536350 , 0.00944096 , 0.0346764 , 0.00765418 , 0.0442315 , 0.00608721
11.6490 , 0.0536350 , 0.00941745 , 0.0346764 , 0.00763512 , 0.0442315 , 0.00607205
11.7073 , 0.0534706 , 0.00938007 , 0.0346298 , 0.00761183 , 0.0441256 , 0.00605012
11.7658 , 0.0496470 , 0.00902756 , 0.0335459 , 0.00749314 , 0.0416609 , 0.00587491
11.8246 , 0.0496470 , 0.00900508 , 0.0335459 , 0.00747448 , 0.0416609 , 0.00586028
11.8838 , 0.0496470 , 0.00898265 , 0.0335459 , 0.00745586 , 0.0416609 , 0.00584569
11.9432 , 0.0506756 , 0.00904632 , 0.0336571 , 0.00744578 , 0.0422344 , 0.00586742
12.0029 , 0.0641620 , 0.0100817 , 0.0351144 , 0.00753741 , 0.0497544 , 0.00630834
12.0629 , 0.0641620 , 0.0100566 , 0.0351144 , 0.00751863 , 0.0497544 , 0.00629263
12.1232 , 0.0641620 , 0.0100316 , 0.0351144 , 0.00749991 , 0.0497544 , 0.00627696
12.1839 , 0.0632273 , 0.00993159 , 0.0347163 , 0.00743001 , 0.0490859 , 0.00621583
12.2448 , 0.0548626 , 0.00921057 , 0.0311535 , 0.00693755 , 0.0431029 , 0.00577841
12.3060 , 0.0548626 , 0.00918763 , 0.0311535 , 0.00692027 , 0.0431029 , 0.00576402
12.3675 , 0.0548626 , 0.00916475 , 0.0311535 , 0.00690303 , 0.0431029 , 0.00574966
12.4294 , 0.0552405 , 0.00917309 , 0.0318653 , 0.00696570 , 0.0436464 , 0.00577159
12.4915 , 0.0577666 , 0.00935539 , 0.0366229 , 0.00745893 , 0.0472793 , 0.00599329
12.5540 , 0.0577666 , 0.00933209 , 0.0366229 , 0.00744035 , 0.0472793 , 0.00597837
12.6167 , 0.0577666 , 0.00930885 , 0.0366229 , 0.00742182 , 0.0472793 , 0.00596348
12.6798 , 0.0590106 , 0.00937159 , 0.0358716 , 0.00732490 , 0.0475336 , 0.00595896
12.7432 , 0.0655521 , 0.00978665 , 0.0319207 , 0.00688061 , 0.0488709 , 0.00599803
12.8069 , 0.0655521 , 0.00976227 , 0.0319207 , 0.00686347 , 0.0488709 , 0.00598309
12.8710 , 0.0655521 , 0.00973796 , 0.0319207 , 0.00684637 , 0.0488709 , 0.00596819
12.9353 , 0.0630018 , 0.00952285 , 0.0322156 , 0.00686084 , 0.0477318 , 0.00588350
13.0000 , 0.0520876 , 0.00863715 , 0.0334778 , 0.00697670 , 0.0428571 , 0.00556097
13.0650 , 0.0520876 , 0.00861564 , 0.0334778 , 0.00695932 , 0.0428571 , 0.00554712
13.1303 , 0.0520876 , 0.00859418 , 0.0334778 , 0.00694199 , 0.0428571 , 0.00553330
13.1960 , 0.0527891 , 0.00862835 , 0.0317712 , 0.00674288 , 0.0423642 , 0.00548603
13.2620 , 0.0552905 , 0.00880165 , 0.0256863 , 0.00603524 , 0.0406068 , 0.00535157
13.3283 , 0.0552905 , 0.00877973 , 0.0256863 , 0.00602021 , 0.0406068 , 0.00533824
13.3949 , 0.0552905 , 0.00875786 , 0.0256863 , 0.00600521 , 0.0406068 , 0.00532495
13.4619 , 0.0554762 , 0.00874442 , 0.0261910 , 0.00604140 , 0.0409507 , 0.00532940
13.5292 , 0.0560374 , 0.00874780 , 0.0277160 , 0.00617795 , 0.0419900 , 0.00536917
13.5968 , 0.0560374 , 0.00872601 , 0.0277160 , 0.00616256 , 0.0419900 , 0.00535580
13.6648 , 0.0560374 , 0.00870428 , 0.0277160 , 0.00614721 , 0.0419900 , 0.00534246
13.7331 , 0.0561094 , 0.00868423 , 0.0267173 , 0.00601703 , 0.0415309 , 0.00529752
13.8018 , 0.0562962 , 0.00866680 , 0.0241272 , 0.00569410 , 0.0403404 , 0.00520159
13.8708 , 0.0562962 , 0.00864521 , 0.0241272 , 0.00567992 , 0.0403404 , 0.00518864
13.9402 , 0.0562962 , 0.00862368 , 0.0241272 , 0.00566578 , 0.0403404 , 0.00517571
14.0099 , 0.0607143 , 0.00894093 , 0.0253570 , 0.00580231 , 0.0431771 , 0.00534684
14.0799 , 0.0706461 , 0.00963505 , 0.0281217 , 0.00611219 , 0.0495540 , 0.00572471
14.1503 , 0.0706461 , 0.00961105 , 0.0281217 , 0.00609697 , 0.0495540 , 0.00571045
14.2211 , 0.0706461 , 0.00958711 , 0.0281217 , 0.00608179 , 0.0495540 , 0.00569623
14.2922 , 0.0735086 , 0.00975063 , 0.0286059 , 0.00612695 , 0.0512369 , 0.00577805
14.3636 , 0.0791279 , 0.0100832 , 0.0295565 , 0.00622810 , 0.0545405 , 0.00594718
14.4355 , 0.0791279 , 0.0100581 , 0.0295565 , 0.00621259 , 0.0545405 , 0.00593237
14.5076 , 0.0791279 , 0.0100331 , 0.0295565 , 0.00619712 , 0.0545405 , 0.00591759
14.5802 , 0.0768512 , 0.00987262 , 0.0266860 , 0.00587367 , 0.0519693 , 0.00576595
14.6531 , 0.0729260 , 0.00961062 , 0.0217371 , 0.00528757 , 0.0475363 , 0.00550819
14.7263 , 0.0729260 , 0.00958669 , 0.0217371 , 0.00527441 , 0.0475363 , 0.00549447
14.8000 , 0.0729260 , 0.00956281 , 0.0217371 , 0.00526127 , 0.0475363 , 0.00548079
14.8740 , 0.0740208 , 0.00958560 , 0.0253917 , 0.00566052 , 0.0499008 , 0.00558772
14.9483 , 0.0756858 , 0.00963199 , 0.0309498 , 0.00622007 , 0.0534967 , 0.00575192
15.0231 , 0.0756858 , 0.00960800 , 0.0309498 , 0.00620457 , 0.0534967 , 0.00573759
15.0982 , 0.0756858 , 0.00958407 , 0.0309498 , 0.00618912 , 0.0534967 , 0.00572330
15.1737 , 0.0738240 , 0.00945272 , 0.0304389 , 0.00610439 , 0.0523050 , 0.00564489
15.2496 , 0.0713184 , 0.00928293 , 0.0297514 , 0.00599486 , 0.0507012 , 0.00554353
15.3258 , 0.0713184 , 0.00925981 , 0.0297514 , 0.00597993 , 0.0507012 , 0.00552972
15.4024 , 0.0713184 , 0.00923675 , 0.0297514 , 0.00596504 , 0.0507012 , 0.00551595
15.4795 , 0.0743534 , 0.00939596 , 0.0322044 , 0.00620005 , 0.0534475 , 0.00564647
15.5568 , 0.0779759 , 0.00958500 , 0.0351323 , 0.00646955 , 0.0567255 , 0.00579948
15.6346 , 0.0779759 , 0.00956112 , 0.0351323 , 0.00645344 , 0.0567255 , 0.00578504
15.7128 , 0.0779759 , 0.00953731 , 0.0351323 , 0.00643736 , 0.0567255 , 0.00577063
15.7914 , 0.0821363 , 0.00974181 , 0.0361142 , 0.00649236 , 0.0593093 , 0.00587168
15.8703 , 0.0865458 , 0.00995317 , 0.0371550 , 0.00655046 , 0.0620480 , 0.00597666
15.9497 , 0.0865458 , 0.00992838 , 0.0371550 , 0.00653414 , 0.0620480 , 0.00596177
16.0294 , 0.0865458 , 0.00990366 , 0.0371550 , 0.00651787 , 0.0620480 , 0.00594692
16.1096 , 0.0904717 , 0.0101121 , 0.0392476 , 0.00667545 , 0.0650645 , 0.00607759
16.1901 , 0.0941682 , 0.0103010 , 0.0412179 , 0.00681805 , 0.0679048 , 0.00619599
16.2711 , 0.0941682 , 0.0102754 , 0.0412179 , 0.00680107 , 0.0679048 , 0.00618055
16.3524 , 0.0941682 , 0.0102498 , 0.0412179 , 0.00678413 , 0.0679048 , 0.00616516
16.4342 , 0.0883220 , 0.00988718 , 0.0407715 , 0.00673886 , 0.0647369 , 0.00600032
16.5164 , 0.0834339 , 0.00957235 , 0.0403982 , 0.00669832 , 0.0620882 , 0.00585778
16.5989 , 0.0834339 , 0.00954851 , 0.0403982 , 0.00668163 , 0.0620882 , 0.00584319
16.6819 , 0.0834339 , 0.00952472 , 0.0403982 , 0.00666499 , 0.0620882 , 0.00582863
16.7653 , 0.0823304 , 0.00944906 , 0.0406534 , 0.00668339 , 0.0616586 , 0.00580248
16.8492 , 0.0815122 , 0.00938692 , 0.0408426 , 0.00669252 , 0.0613401 , 0.00577940
16.9334 , 0.0815122 , 0.00936354 , 0.0408426 , 0.00667586 , 0.0613401 , 0.00576500
17.0181 , 0.0815122 , 0.00934022 , 0.0408426 , 0.00665923 , 0.0613401 , 0.00575065
17.1032 , 0.0812225 , 0.00930954 , 0.0396933 , 0.00652138 , 0.0606240 , 0.00569891
17.1887 , 0.0810324 , 0.00928149 , 0.0389390 , 0.00642451 , 0.0601540 , 0.00566009
17.2746 , 0.0810324 , 0.00925838 , 0.0389390 , 0.00640851 , 0.0601540 , 0.00564600
17.3610 , 0.0810324 , 0.00923532 , 0.0389390 , 0.00639255 , 0.0601540 , 0.00563193
17.4478 , 0.0805908 , 0.00914802 , 0.0401869 , 0.00649784 , 0.0605505 , 0.00562538
17.5351 , 0.0803352 , 0.00908790 , 0.0409094 , 0.00655064 , 0.0607800 , 0.00561569
17.6227 , 0.0803352 , 0.00906527 , 0.0409094 , 0.00653433 , 0.0607800 , 0.00560170
17.7108 , 0.0803352 , 0.00904269 , 0.0409094 , 0.00651805 , 0.0607800 , 0.00558775
17.7994 , 0.0811429 , 0.00908857 , 0.0398371 , 0.00640466 , 0.0606552 , 0.00557438
17.8884 , 0.0815536 , 0.00910044 , 0.0392918 , 0.00633885 , 0.0605918 , 0.00556078
17.9778 , 0.0815536 , 0.00907777 , 0.0392918 , 0.00632307 , 0.0605918 , 0.00554693
18.0677 , 0.0815536 , 0.00905516 , 0.0392918 , 0.00630732 , 0.0605918 , 0.00553311
18.1581 , 0.0780145 , 0.00880675 , 0.0422231 , 0.00651843 , 0.0602620 , 0.00549130
18.2489 , 0.0764426 , 0.00868288 , 0.0435250 , 0.00660021 , 0.0601155 , 0.00546516
18.3401 , 0.0764426 , 0.00866125 , 0.0435250 , 0.00658377 , 0.0601155 , 0.00545155
18.4318 , 0.0764426 , 0.00863968 , 0.0435250 , 0.00656737 , 0.0601155 , 0.00543797
18.5240 , 0.0829190 , 0.00899382 , 0.0438154 , 0.00659296 , 0.0635236 , 0.00558933
18.6166 , 0.0854127 , 0.00911160 , 0.0439272 , 0.00659258 , 0.0648359 , 0.00563747
18.7097 , 0.0854127 , 0.00908891 , 0.0439272 , 0.00657616 , 0.0648359 , 0.00562343
18.8032 , 0.0854127 , 0.00906627 , 0.0439272 , 0.00655978 , 0.0648359 , 0.00560942
18.8972 , 0.0947109 , 0.00950920 , 0.0443530 , 0.00654721 , 0.0697334 , 0.00578922
18.9917 , 0.0977849 , 0.00963411 , 0.0444938 , 0.00653215 , 0.0713525 , 0.00583730
19.0867 , 0.0977849 , 0.00961012 , 0.0444938 , 0.00651588 , 0.0713525 , 0.00582276
19.1821 , 0.0977849 , 0.00958618 , 0.0444938 , 0.00649965 , 0.0713525 , 0.00580826
19.2780 , 0.0965995 , 0.00950975 , 0.0394062 , 0.00608808 , 0.0682316 , 0.00566485
19.3744 , 0.0962672 , 0.00947132 , 0.0379803 , 0.00595770 , 0.0673569 , 0.00561417
19.4713 , 0.0962672 , 0.00944773 , 0.0379803 , 0.00594286 , 0.0673569 , 0.00560018
19.5686 , 0.0962672 , 0.00942419 , 0.0379803 , 0.00592806 , 0.0673569 , 0.00558623
19.6665 , 0.100952 , 0.00963533 , 0.0417923 , 0.00622080 , 0.0716086 , 0.00575354
19.7648 , 0.102046 , 0.00966519 , 0.0426829 , 0.00627481 , 0.0726018 , 0.00578062
19.8636 , 0.102046 , 0.00964112 , 0.0426829 , 0.00625918 , 0.0726018 , 0.00576622
19.9630 , 0.102046 , 0.00961711 , 0.0426829 , 0.00624359 , 0.0726018 , 0.00575186
20.0628 , 0.100771 , 0.00951919 , 0.0477158 , 0.00658961 , 0.0744556 , 0.00580520
20.1631 , 0.100528 , 0.00948138 , 0.0486733 , 0.00663959 , 0.0748083 , 0.00580350
20.2639 , 0.100528 , 0.00945776 , 0.0486733 , 0.00662306 , 0.0748083 , 0.00578904
20.3652 , 0.100528 , 0.00943421 , 0.0486733 , 0.00660656 , 0.0748083 , 0.00577462
20.4670 , 0.0911090 , 0.00896741 , 0.0503112 , 0.00669799 , 0.0708733 , 0.00560924
20.5694 , 0.0896975 , 0.00887691 , 0.0505566 , 0.00669729 , 0.0702836 , 0.00557235
20.6722 , 0.0896975 , 0.00885480 , 0.0505566 , 0.00668061 , 0.0702836 , 0.00555847
20.7756 , 0.0896975 , 0.00883275 , 0.0505566 , 0.00666397 , 0.0702836 , 0.00554463
20.8795 , 0.0935376 , 0.00902283 , 0.0469422 , 0.00641356 , 0.0704263 , 0.00554972
20.9839 , 0.0939681 , 0.00902376 , 0.0465370 , 0.00637091 , 0.0704423 , 0.00553801
21.0888 , 0.0939681 , 0.00900129 , 0.0465370 , 0.00635505 , 0.0704423 , 0.00552421
21.1942 , 0.0939681 , 0.00897887 , 0.0465370 , 0.00633922 , 0.0704423 , 0.00551045
21.3002 , 0.0871889 , 0.00865182 , 0.0463270 , 0.00635072 , 0.0669214 , 0.00537925
21.4067 , 0.0866687 , 0.00860650 , 0.0463109 , 0.00633699 , 0.0666512 , 0.00535675
21.5137 , 0.0866687 , 0.00858507 , 0.0463109 , 0.00632121 , 0.0666512 , 0.00534341
21.6213 , 0.0866687 , 0.00856368 , 0.0463109 , 0.00630546 , 0.0666512 , 0.00533010
21.7294 , 0.0816775 , 0.00830441 , 0.0403912 , 0.00588969 , 0.0611995 , 0.00510408
21.8380 , 0.0814601 , 0.00827323 , 0.0401333 , 0.00585701 , 0.0609620 , 0.00508192
21.9472 , 0.0814601 , 0.00825262 , 0.0401333 , 0.00584242 , 0.0609620 , 0.00506926
22.0570 , 0.0814601 , 0.00823207 , 0.0401333 , 0.00582787 , 0.0609620 , 0.00505664
22.1673 , 0.0708567 , 0.00768181 , 0.0373033 , 0.00560973 , 0.0542142 , 0.00476775
22.2781 , 0.0707253 , 0.00765590 , 0.0372683 , 0.00559320 , 0.0541306 , 0.00475236
22.3895 , 0.0707253 , 0.00763683 , 0.0372683 , 0.00557927 , 0.0541306 , 0.00474052
22.5014 , 0.0710292 , 0.00763435 , 0.0372982 , 0.00556747 , 0.0542986 , 0.00473610
22.6139 , 0.0882419 , 0.00849776 , 0.0389919 , 0.00567092 , 0.0638139 , 0.00512393
22.7270 , 0.0882419 , 0.00847659 , 0.0389919 , 0.00565680 , 0.0638139 , 0.00511117
22.8406 , 0.0882419 , 0.00845548 , 0.0389919 , 0.00564271 , 0.0638139 , 0.00509844
22.9548 , 0.0877242 , 0.00840978 , 0.0386897 , 0.00560594 , 0.0634031 , 0.00506918
23.0696 , 0.0772266 , 0.00787380 , 0.0325614 , 0.00511090 , 0.0550726 , 0.00470897
23.1850 , 0.0772266 , 0.00785419 , 0.0325614 , 0.00509817 , 0.0550726 , 0.00469724
23.3009 , 0.0772266 , 0.00783463 , 0.0325614 , 0.00508547 , 0.0550726 , 0.00468554
23.4174 , 0.0769310 , 0.00779977 , 0.0330005 , 0.00510891 , 0.0551415 , 0.00467704
23.5345 , 0.0733701 , 0.00759358 , 0.0382905 , 0.00551159 , 0.0559706 , 0.00470325
23.6522 , 0.0733701 , 0.00757467 , 0.0382905 , 0.00549786 , 0.0559706 , 0.00469154
23.7704 , 0.0733701 , 0.00755580 , 0.0382905 , 0.00548416 , 0.0559706 , 0.00467985
23.8893 , 0.0739231 , 0.00756518 , 0.0380062 , 0.00545218 , 0.0561083 , 0.00467450
24.0087 , 0.0785727 , 0.00777885 , 0.0356155 , 0.00528240 , 0.0572659 , 0.00471544
24.1288 , 0.0785727 , 0.00775947 , 0.0356155 , 0.00526924 , 0.0572659 , 0.00470370
24.2494 , 0.0785727 , 0.00774015 , 0.0356155 , 0.00525612 , 0.0572659 , 0.00469198
24.3707 , 0.0767197 , 0.00763227 , 0.0358144 , 0.00525862 , 0.0564307 , 0.00464757
24.4925 , 0.0649403 , 0.00702552 , 0.0370788 , 0.00534335 , 0.0511210 , 0.00442287
24.6150 , 0.0649403 , 0.00700802 , 0.0370788 , 0.00533004 , 0.0511210 , 0.00441186
24.7380 , 0.0649403 , 0.00699057 , 0.0370788 , 0.00531677 , 0.0511210 , 0.00440087
24.8617 , 0.0617867 , 0.00680465 , 0.0355036 , 0.00519043 , 0.0487503 , 0.00428831
24.9860 , 0.0458922 , 0.00586768 , 0.0275644 , 0.00456671 , 0.0368016 , 0.00372509
25.1110 , 0.0458922 , 0.00585307 , 0.0275644 , 0.00455534 , 0.0368016 , 0.00371582
25.2365 , 0.0458922 , 0.00583849 , 0.0275644 , 0.00454399 , 0.0368016 , 0.00370656
25.3627 , 0.0443212 , 0.00572401 , 0.0259094 , 0.00439625 , 0.0351889 , 0.00361627
25.4895 , 0.0378435 , 0.00527888 , 0.0190855 , 0.00377269 , 0.0285395 , 0.00325271
25.6170 , 0.0378435 , 0.00526573 , 0.0190855 , 0.00376330 , 0.0285395 , 0.00324461
25.7451 , 0.0378435 , 0.00525261 , 0.0190855 , 0.00375392 , 0.0285395 , 0.00323653
25.8738 , 0.0371418 , 0.00518499 , 0.0190229 , 0.00374054 , 0.0281549 , 0.00320487
26.0032 , 0.0347223 , 0.00497994 , 0.0188073 , 0.00371731 , 0.0268285 , 0.00311434
26.1332 , 0.0347223 , 0.00496753 , 0.0188073 , 0.00370805 , 0.0268285 , 0.00310658
26.2638 , 0.0347223 , 0.00495516 , 0.0188073 , 0.00369881 , 0.0268285 , 0.00309884
26.3952 , 0.0368136 , 0.00510325 , 0.0186813 , 0.00367385 , 0.0278200 , 0.00315213
26.5271 , 0.0429419 , 0.00553291 , 0.0183119 , 0.00361825 , 0.0307254 , 0.00331617
26.6598 , 0.0429419 , 0.00551913 , 0.0183119 , 0.00360924 , 0.0307254 , 0.00330791
26.7931 , 0.0429419 , 0.00550538 , 0.0183119 , 0.00360025 , 0.0307254 , 0.00329967
26.9270 , 0.0433227 , 0.00551990 , 0.0193239 , 0.00370356 , 0.0314193 , 0.00333379
27.0617 , 0.0442826 , 0.00557651 , 0.0218746 , 0.00396261 , 0.0331682 , 0.00342962
27.1970 , 0.0442826 , 0.00556262 , 0.0218746 , 0.00395274 , 0.0331682 , 0.00342108
27.3330 , 0.0442826 , 0.00554877 , 0.0218746 , 0.00394290 , 0.0331682 , 0.00341255
27.4696 , 0.0473284 , 0.00572894 , 0.0232577 , 0.00404983 , 0.0353893 , 0.00351738
27.6070 , 0.0539930 , 0.00611678 , 0.0262843 , 0.00428355 , 0.0402495 , 0.00374408
27.7450 , 0.0539930 , 0.00610155 , 0.0262843 , 0.00427288 , 0.0402495 , 0.00373475
27.8837 , 0.0539930 , 0.00608635 , 0.0262843 , 0.00426224 , 0.0402495 , 0.00372545
28.0231 , 0.0553025 , 0.00614855 , 0.0279430 , 0.00438575 , 0.0417322 , 0.00378617
28.1633 , 0.0578078 , 0.00627824 , 0.0311165 , 0.00462000 , 0.0445689 , 0.00390684
28.3041 , 0.0578078 , 0.00626260 , 0.0311165 , 0.00460849 , 0.0445689 , 0.00389711
28.4456 , 0.0578078 , 0.00624701 , 0.0311165 , 0.00459701 , 0.0445689 , 0.00388741
28.5878 , 0.0587714 , 0.00629356 , 0.0313541 , 0.00461221 , 0.0451724 , 0.00391084
28.7308 , 0.0603920 , 0.00638075 , 0.0317538 , 0.00464507 , 0.0461874 , 0.00395603
28.8744 , 0.0603920 , 0.00636486 , 0.0317538 , 0.00463350 , 0.0461874 , 0.00394618
29.0188 , 0.0603920 , 0.00634901 , 0.0317538 , 0.00462196 , 0.0461874 , 0.00393635
29.1639 , 0.0573467 , 0.00617652 , 0.0295510 , 0.00445208 , 0.0435601 , 0.00381665
29.3097 , 0.0528255 , 0.00592151 , 0.0262807 , 0.00419550 , 0.0396593 , 0.00363831
29.4563 , 0.0528255 , 0.00590676 , 0.0262807 , 0.00418505 , 0.0396593 , 0.00362925
29.6035 , 0.0528255 , 0.00589205 , 0.0262807 , 0.00417462 , 0.0396593 , 0.00362021
29.7516 , 0.0500752 , 0.00573100 , 0.0274281 , 0.00425928 , 0.0388422 , 0.00357856
29.9003 , 0.0464600 , 0.00551892 , 0.0289363 , 0.00437018 , 0.0377682 , 0.00352639
30.0498 , 0.0464600 , 0.00550517 , 0.0289363 , 0.00435929 , 0.0377682 , 0.00351761
30.2001 , 0.0464600 , 0.00549146 , 0.0289363 , 0.00434843 , 0.0377682 , 0.00350885
30.3511 , 0.0444019 , 0.00536728 , 0.0273211 , 0.00422634 , 0.0359298 , 0.00342227
30.5028 , 0.0420019 , 0.00522244 , 0.0254375 , 0.00408257 , 0.0337860 , 0.00332091
30.6553 , 0.0420019 , 0.00520944 , 0.0254375 , 0.00407241 , 0.0337860 , 0.00331264
30.8086 , 0.0420019 , 0.00519646 , 0.0254375 , 0.00406226 , 0.0337860 , 0.00330439
30.9627 , 0.0463460 , 0.00544022 , 0.0279734 , 0.00424866 , 0.0372332 , 0.00345814
31.1175 , 0.0508451 , 0.00567971 , 0.0305999 , 0.00443196 , 0.0408035 , 0.00360924
31.2731 , 0.0508451 , 0.00566556 , 0.0305999 , 0.00442092 , 0.0408035 , 0.00360025
31.4294 , 0.0508451 , 0.00565145 , 0.0305999 , 0.00440991 , 0.0408035 , 0.00359129
31.5866 , 0.0526920 , 0.00574840 , 0.0326234 , 0.00455549 , 0.0427379 , 0.00367412
31.7445 , 0.0543912 , 0.00583412 , 0.0344851 , 0.00468324 , 0.0445178 , 0.00374723
31.9032 , 0.0543912 , 0.00581959 , 0.0344851 , 0.00467158 , 0.0445178 , 0.00373790
32.0627 , 0.0543912 , 0.00580510 , 0.0344851 , 0.00465994 , 0.0445178 , 0.00372859
32.2231 , 0.0572546 , 0.00595600 , 0.0345080 , 0.00465177 , 0.0459723 , 0.00378609
32.3842 , 0.0595937 , 0.00607259 , 0.0345268 , 0.00464298 , 0.0471605 , 0.00383023
32.5461 , 0.0595937 , 0.00605747 , 0.0345268 , 0.00463142 , 0.0471605 , 0.00382069
32.7088 , 0.0595937 , 0.00604238 , 0.0345268 , 0.00461988 , 0.0471605 , 0.00381117
32.8724 , 0.0561728 , 0.00586007 , 0.0346481 , 0.00462606 , 0.0454965 , 0.00374003
33.0367 , 0.0536953 , 0.00572159 , 0.0347359 , 0.00462727 , 0.0442914 , 0.00368554
33.2019 , 0.0536953 , 0.00570734 , 0.0347359 , 0.00461574 , 0.0442914 , 0.00367636
33.3679 , 0.0536953 , 0.00569313 , 0.0347359 , 0.00460425 , 0.0442914 , 0.00366721
33.5348 , 0.0510510 , 0.00555089 , 0.0330277 , 0.00448968 , 0.0421114 , 0.00357573
33.7024 , 0.0493570 , 0.00545366 , 0.0319334 , 0.00441136 , 0.0407149 , 0.00351320
33.8709 , 0.0493570 , 0.00544008 , 0.0319334 , 0.00440037 , 0.0407149 , 0.00350445
34.0403 , 0.0493570 , 0.00542653 , 0.0319334 , 0.00438941 , 0.0407149 , 0.00349572
34.2105 , 0.0518410 , 0.00556110 , 0.0321148 , 0.00440597 , 0.0420568 , 0.00355408
34.3816 , 0.0532437 , 0.00562896 , 0.0322173 , 0.00441041 , 0.0428146 , 0.00358245
34.5535 , 0.0532437 , 0.00561494 , 0.0322173 , 0.00439943 , 0.0428146 , 0.00357353
34.7262 , 0.0532437 , 0.00560095 , 0.0322173 , 0.00438847 , 0.0428146 , 0.00356463
34.8999 , 0.0541103 , 0.00564739 , 0.0348180 , 0.00456482 , 0.0445413 , 0.00363699
35.0744 , 0.0545398 , 0.00566294 , 0.0361067 , 0.00464324 , 0.0453970 , 0.00366743
35.2497 , 0.0545398 , 0.00564884 , 0.0361067 , 0.00463168 , 0.0453970 , 0.00365830
35.4260 , 0.0545398 , 0.00563477 , 0.0361067 , 0.00462014 , 0.0453970 , 0.00364918
35.6031 , 0.0554617 , 0.00568390 , 0.0350767 , 0.00454498 , 0.0453507 , 0.00364532
35.7811 , 0.0558602 , 0.00569676 , 0.0346315 , 0.00450594 , 0.0453307 , 0.00363849
35.9600 , 0.0558602 , 0.00568258 , 0.0346315 , 0.00449471 , 0.0453307 , 0.00362943
36.1398 , 0.0558602 , 0.00566842 , 0.0346315 , 0.00448352 , 0.0453307 , 0.00362039
36.3205 , 0.0521242 , 0.00547633 , 0.0327773 , 0.00436257 , 0.0425282 , 0.00350716
36.5021 , 0.0507267 , 0.00539477 , 0.0320838 , 0.00431003 , 0.0414798 , 0.00345874
36.6846 , 0.0507267 , 0.00538134 , 0.0320838 , 0.00429929 , 0.0414798 , 0.00345012
36.8681 , 0.0507267 , 0.00536793 , 0.0320838 , 0.00428859 , 0.0414798 , 0.00344153
37.0524 , 0.0511382 , 0.00539205 , 0.0312833 , 0.00423666 , 0.0412901 , 0.00343528
37.2377 , 0.0512700 , 0.00539054 , 0.0310267 , 0.00421284 , 0.0412294 , 0.00342746
37.4239 , 0.0512700 , 0.00537712 , 0.0310267 , 0.00420235 , 0.0412294 , 0.00341892
37.6110 , 0.0512700 , 0.00536372 , 0.0310267 , 0.00419188 , 0.0412294 , 0.00341041
37.7990 , 0.0563464 , 0.00563296 , 0.0318661 , 0.00425652 , 0.0442041 , 0.00353798
37.9880 , 0.0577215 , 0.00569289 , 0.0320935 , 0.00426598 , 0.0450100 , 0.00356505
38.1780 , 0.0577215 , 0.00567871 , 0.0320935 , 0.00425535 , 0.0450100 , 0.00355617
38.3689 , 0.0577215 , 0.00566457 , 0.0320935 , 0.00424475 , 0.0450100 , 0.00354731
38.5607 , 0.0563739 , 0.00561823 , 0.0317763 , 0.00423749 , 0.0441735 , 0.00352639
38.7535 , 0.0560708 , 0.00559699 , 0.0317050 , 0.00422768 , 0.0439854 , 0.00351489
38.9473 , 0.0560708 , 0.00558304 , 0.0317050 , 0.00421715 , 0.0439854 , 0.00350614
39.1420 , 0.0560708 , 0.00556914 , 0.0317050 , 0.00420665 , 0.0439854 , 0.00349741
39.3377 , 0.0537398 , 0.00546137 , 0.0289958 , 0.00403852 , 0.0414668 , 0.00340424
39.5344 , 0.0533153 , 0.00543053 , 0.0285023 , 0.00399915 , 0.0410080 , 0.00338019
39.7321 , 0.0533153 , 0.00541701 , 0.0285023 , 0.00398919 , 0.0410080 , 0.00337177
39.9307 , 0.0533153 , 0.00540352 , 0.0285023 , 0.00397926 , 0.0410080 , 0.00336338
40.1304 , 0.0532658 , 0.00544033 , 0.0319872 , 0.00421865 , 0.0427116 , 0.00344913
40.3310 , 0.0532587 , 0.00543388 , 0.0324831 , 0.00424234 , 0.0429540 , 0.00345369
40.5327 , 0.0532587 , 0.00542035 , 0.0324831 , 0.00423177 , 0.0429540 , 0.00344509
40.7354 , 0.0532587 , 0.00540685 , 0.0324831 , 0.00422123 , 0.0429540 , 0.00343651
40.9390 , 0.0509014 , 0.00527889 , 0.0293902 , 0.00404720 , 0.0402318 , 0.00333291
41.1437 , 0.0506539 , 0.00525361 , 0.0290654 , 0.00401961 , 0.0399460 , 0.00331450
41.3495 , 0.0506539 , 0.00524052 , 0.0290654 , 0.00400960 , 0.0399460 , 0.00330624
41.5562 , 0.0506539 , 0.00522747 , 0.0290654 , 0.00399961 , 0.0399460 , 0.00329801
41.7640 , 0.0483261 , 0.00512711 , 0.0281397 , 0.00393645 , 0.0383136 , 0.00323876
41.9728 , 0.0481629 , 0.00510817 , 0.0280749 , 0.00392290 , 0.0381992 , 0.00322709
42.1827 , 0.0481629 , 0.00509545 , 0.0280749 , 0.00391313 , 0.0381992 , 0.00321905
42.3936 , 0.0481629 , 0.00508276 , 0.0280749 , 0.00390338 , 0.0381992 , 0.00321104
42.6055 , 0.0537801 , 0.00539334 , 0.0321857 , 0.00418441 , 0.0430693 , 0.00342000
42.8186 , 0.0539898 , 0.00539157 , 0.0323392 , 0.00418443 , 0.0432511 , 0.00341930
43.0327 , 0.0539898 , 0.00537814 , 0.0323392 , 0.00417400 , 0.0432511 , 0.00341078
43.2478 , 0.0539898 , 0.00536475 , 0.0323392 , 0.00416361 , 0.0432511 , 0.00340229
43.4641 , 0.0435485 , 0.00484263 , 0.0274095 , 0.00384992 , 0.0355436 , 0.00309893
43.6814 , 0.0434804 , 0.00482708 , 0.0273773 , 0.00383828 , 0.0354932 , 0.00308920
43.8998 , 0.0434804 , 0.00481505 , 0.0273773 , 0.00382872 , 0.0354932 , 0.00308150
44.1193 , 0.0434646 , 0.00480277 , 0.0273862 , 0.00382079 , 0.0354897 , 0.00307420
44.3399 , 0.0427991 , 0.00477830 , 0.0277639 , 0.00387823 , 0.0353416 , 0.00308220
44.5616 , 0.0427991 , 0.00476640 , 0.0277639 , 0.00386857 , 0.0353416 , 0.00307453
44.7844 , 0.0427991 , 0.00475453 , 0.0277639 , 0.00385894 , 0.0353416 , 0.00306687
45.0083 , 0.0426777 , 0.00473777 , 0.0278157 , 0.00385424 , 0.0353062 , 0.00305882
45.2334 , 0.0404997 , 0.00463720 , 0.0287460 , 0.00393150 , 0.0346699 , 0.00304382
45.4595 , 0.0404997 , 0.00462565 , 0.0287460 , 0.00392171 , 0.0346699 , 0.00303624
45.6868 , 0.0404997 , 0.00461413 , 0.0287460 , 0.00391194 , 0.0346699 , 0.00302868
45.9153 , 0.0404290 , 0.00460149 , 0.0283949 , 0.00387943 , 0.0344601 , 0.00301347
46.1448 , 0.0396424 , 0.00457718 , 0.0244865 , 0.00360738 , 0.0321251 , 0.00291946
46.3756 , 0.0396424 , 0.00456578 , 0.0244865 , 0.00359839 , 0.0321251 , 0.00291218
46.6074 , 0.0396424 , 0.00455440 , 0.0244865 , 0.00358943 , 0.0321251 , 0.00290493
46.8405 , 0.0391264 , 0.00451738 , 0.0246106 , 0.00359338 , 0.0319266 , 0.00289142
47.0747 , 0.0350385 , 0.00429781 , 0.0255936 , 0.00368471 , 0.0303538 , 0.00283410
47.3100 , 0.0350385 , 0.00428710 , 0.0255936 , 0.00367553 , 0.0303538 , 0.00282705
47.5466 , 0.0350385 , 0.00427643 , 0.0255936 , 0.00366638 , 0.0303538 , 0.00282000
47.7843 , 0.0344969 , 0.00423667 , 0.0248351 , 0.00360630 , 0.0297046 , 0.00278549
48.0233 , 0.0312165 , 0.00404580 , 0.0202410 , 0.00327270 , 0.0257726 , 0.00260631
48.2634 , 0.0312165 , 0.00403573 , 0.0202410 , 0.00326455 , 0.0257726 , 0.00259982
48.5047 , 0.0312165 , 0.00402567 , 0.0202410 , 0.00325642 , 0.0257726 , 0.00259334
48.7472 , 0.0308470 , 0.00399675 , 0.0193597 , 0.00318094 , 0.0251493 , 0.00255870
48.9909 , 0.0290602 , 0.00389436 , 0.0150973 , 0.00282555 , 0.0221346 , 0.00241175
49.2359 , 0.0290602 , 0.00388466 , 0.0150973 , 0.00281851 , 0.0221346 , 0.00240574
49.4821 , 0.0290602 , 0.00387499 , 0.0150973 , 0.00281149 , 0.0221346 , 0.00239975
49.7295 , 0.0287987 , 0.00385324 , 0.0153363 , 0.00283178 , 0.0221213 , 0.00239672
49.9781 , 0.0277592 , 0.00379527 , 0.0162864 , 0.00293045 , 0.0220687 , 0.00240240
50.2280 , 0.0277592 , 0.00378582 , 0.0162864 , 0.00292315 , 0.0220687 , 0.00239642
50.4792 , 0.0277592 , 0.00377639 , 0.0162864 , 0.00291587 , 0.0220687 , 0.00239045
50.7316 , 0.0277142 , 0.00377258 , 0.0165435 , 0.00293997 , 0.0221736 , 0.00239618
50.9852 , 0.0275641 , 0.00378176 , 0.0174012 , 0.00303472 , 0.0225233 , 0.00242869
51.2402 , 0.0275641 , 0.00377234 , 0.0174012 , 0.00302716 , 0.0225233 , 0.00242264
51.4964 , 0.0275641 , 0.00376294 , 0.0174012 , 0.00301962 , 0.0225233 , 0.00241661
51.7538 , 0.0270557 , 0.00372763 , 0.0168120 , 0.00296319 , 0.0219748 , 0.00238532
52.0126 , 0.0256103 , 0.00364375 , 0.0151367 , 0.00281248 , 0.0204154 , 0.00230620
52.2727 , 0.0256103 , 0.00363468 , 0.0151367 , 0.00280547 , 0.0204154 , 0.00230045
52.5340 , 0.0256103 , 0.00362563 , 0.0151367 , 0.00279849 , 0.0204154 , 0.00229472
52.7967 , 0.0261246 , 0.00366166 , 0.0158515 , 0.00287152 , 0.0210291 , 0.00233116
53.0607 , 0.0273848 , 0.00376040 , 0.0176029 , 0.00305110 , 0.0225330 , 0.00242532
53.3260 , 0.0273848 , 0.00375104 , 0.0176029 , 0.00304350 , 0.0225330 , 0.00241928
53.5926 , 0.0273848 , 0.00374169 , 0.0176029 , 0.00303592 , 0.0225330 , 0.00241325
53.8606 , 0.0263017 , 0.00366767 , 0.0170773 , 0.00298638 , 0.0217264 , 0.00236876
54.1299 , 0.0239942 , 0.00351706 , 0.0159573 , 0.00288769 , 0.0200079 , 0.00227894
54.4005 , 0.0239942 , 0.00350830 , 0.0159573 , 0.00288050 , 0.0200079 , 0.00227327
54.6725 , 0.0239942 , 0.00349956 , 0.0159573 , 0.00287332 , 0.0200079 , 0.00226760
54.9459 , 0.0251422 , 0.00358997 , 0.0155759 , 0.00284525 , 0.0203973 , 0.00229463
55.2206 , 0.0272833 , 0.00375848 , 0.0148646 , 0.00279883 , 0.0211236 , 0.00234850
55.4967 , 0.0272833 , 0.00374912 , 0.0148646 , 0.00279186 , 0.0211236 , 0.00234265
55.7742 , 0.0272833 , 0.00373978 , 0.0148646 , 0.00278491 , 0.0211236 , 0.00233681
56.0531 , 0.0272477 , 0.00373919 , 0.0147921 , 0.00277987 , 0.0210697 , 0.00233509
56.3333 , 0.0271891 , 0.00374411 , 0.0146733 , 0.00277606 , 0.0209813 , 0.00233598
56.6150 , 0.0271891 , 0.00373478 , 0.0146733 , 0.00276914 , 0.0209813 , 0.00233016
56.8981 , 0.0271891 , 0.00372548 , 0.0146733 , 0.00276224 , 0.0209813 , 0.00232436
57.1826 , 0.0284032 , 0.00381554 , 0.0145693 , 0.00275274 , 0.0215416 , 0.00235845
57.4685 , 0.0301631 , 0.00394526 , 0.0144187 , 0.00274209 , 0.0223539 , 0.00240907
57.7558 , 0.0301631 , 0.00393544 , 0.0144187 , 0.00273526 , 0.0223539 , 0.00240307
58.0446 , 0.0301631 , 0.00392564 , 0.0144187 , 0.00272845 , 0.0223539 , 0.00239708
58.3348 , 0.0290746 , 0.00386488 , 0.0133755 , 0.00263342 , 0.0212879 , 0.00234529
58.6265 , 0.0276771 , 0.00378896 , 0.0120361 , 0.00250932 , 0.0199192 , 0.00227943
58.9196 , 0.0276771 , 0.00377952 , 0.0120361 , 0.00250307 , 0.0199192 , 0.00227375
59.2142 , 0.0276771 , 0.00377011 , 0.0120361 , 0.00249683 , 0.0199192 , 0.00226809
59.5103 , 0.0279606 , 0.00379789 , 0.0134409 , 0.00264871 , 0.0207589 , 0.00232161
59.8079 , 0.0282838 , 0.00383024 , 0.0150416 , 0.00281104 , 0.0217156 , 0.00238130
60.1069 , 0.0282838 , 0.00382070 , 0.0150416 , 0.00280403 , 0.0217156 , 0.00237537
60.4074 , 0.0282838 , 0.00381119 , 0.0150416 , 0.00279705 , 0.0217156 , 0.00236946
60.7095 , 0.0277575 , 0.00379160 , 0.0143344 , 0.00273781 , 0.0210997 , 0.00234432
61.0130 , 0.0272250 , 0.00377194 , 0.0136187 , 0.00267717 , 0.0204763 , 0.00231890
61.3181 , 0.0272250 , 0.00376255 , 0.0136187 , 0.00267051 , 0.0204763 , 0.00231312
61.6247 , 0.0272250 , 0.00375318 , 0.0136187 , 0.00266386 , 0.0204763 , 0.00230736
61.9328 , 0.0245388 , 0.00357158 , 0.0138506 , 0.00269614 , 0.0192375 , 0.00224245
62.2425 , 0.0221239 , 0.00340080 , 0.0140591 , 0.00272385 , 0.0181237 , 0.00218245
62.5537 , 0.0221239 , 0.00339233 , 0.0140591 , 0.00271707 , 0.0181237 , 0.00217702
62.8664 , 0.0221239 , 0.00338389 , 0.0140591 , 0.00271030 , 0.0181237 , 0.00217160
63.1808 , 0.0234418 , 0.00348719 , 0.0132492 , 0.00263030 , 0.0183863 , 0.00218884
63.4967 , 0.0244935 , 0.00356495 , 0.0126030 , 0.00256394 , 0.0185958 , 0.00220125
63.8142 , 0.0244935 , 0.00355607 , 0.0126030 , 0.00255755 , 0.0185958 , 0.00219577
64.1332 , 0.0244935 , 0.00354721 , 0.0126030 , 0.00255118 , 0.0185958 , 0.00219030
64.4539 , 0.0235625 , 0.00350184 , 0.0124554 , 0.00255758 , 0.0180534 , 0.00217353
64.7762 , 0.0229041 , 0.00346712 , 0.0123510 , 0.00256017 , 0.0176697 , 0.00216009
65.1001 , 0.0229041 , 0.00345848 , 0.0123510 , 0.00255380 , 0.0176697 , 0.00215471
65.4256 , 0.0229041 , 0.00344987 , 0.0123510 , 0.00254744 , 0.0176697 , 0.00214935
65.7527 , 0.0242847 , 0.00357960 , 0.0141963 , 0.00274763 , 0.0192809 , 0.00226100
66.0814 , 0.0251480 , 0.00365431 , 0.0153501 , 0.00286207 , 0.0202882 , 0.00232537
66.4119 , 0.0251480 , 0.00364521 , 0.0153501 , 0.00285494 , 0.0202882 , 0.00231958
66.7439 , 0.0251480 , 0.00363613 , 0.0153501 , 0.00284783 , 0.0202882 , 0.00231380
67.0776 , 0.0220002 , 0.00340728 , 0.0142094 , 0.00275827 , 0.0181359 , 0.00219561
67.4130 , 0.0202666 , 0.00327178 , 0.0135812 , 0.00270502 , 0.0169506 , 0.00212585
67.7501 , 0.0202666 , 0.00326363 , 0.0135812 , 0.00269828 , 0.0169506 , 0.00212056
68.0888 , 0.0202666 , 0.00325550 , 0.0135812 , 0.00269156 , 0.0169506 , 0.00211528
68.4293 , 0.0213780 , 0.00336885 , 0.0138123 , 0.00272188 , 0.0176254 , 0.00216921
68.7714 , 0.0219145 , 0.00341740 , 0.0139238 , 0.00273274 , 0.0179511 , 0.00219175
69.1153 , 0.0219145 , 0.00340889 , 0.0139238 , 0.00272594 , 0.0179511 , 0.00218629
69.4609 , 0.0219145 , 0.00340040 , 0.0139238 , 0.00271915 , 0.0179511 , 0.00218085
69.8082 , 0.0218312 , 0.00342604 , 0.0132436 , 0.00268060 , 0.0175718 , 0.00217930
70.1572 , 0.0217962 , 0.00343171 , 0.0129576 , 0.00266048 , 0.0174122 , 0.00217550
70.5080 , 0.0217962 , 0.00342317 , 0.0129576 , 0.00265385 , 0.0174122 , 0.00217008
70.8605 , 0.0217962 , 0.00341464 , 0.0129576 , 0.00264724 , 0.0174122 , 0.00216467
71.2148 , 0.0220746 , 0.00344991 , 0.0130268 , 0.00266896 , 0.0175869 , 0.00218534
71.5709 , 0.0221758 , 0.00345704 , 0.0130520 , 0.00267250 , 0.0176504 , 0.00218926
71.9288 , 0.0221758 , 0.00344843 , 0.0130520 , 0.00266584 , 0.0176504 , 0.00218381
72.2884 , 0.0221758 , 0.00343984 , 0.0130520 , 0.00265920 , 0.0176504 , 0.00217837
72.6498 , 0.0218519 , 0.00345685 , 0.0114858 , 0.00251036 , 0.0167103 , 0.00214145
73.0131 , 0.0217513 , 0.00345612 , 0.0109995 , 0.00245839 , 0.0164184 , 0.00212627
73.3782 , 0.0217513 , 0.00344752 , 0.0109995 , 0.00245227 , 0.0164184 , 0.00212097
73.7451 , 0.0217513 , 0.00343893 , 0.0109995 , 0.00244616 , 0.0164184 , 0.00211569
74.1138 , 0.0216254 , 0.00345227 , 0.0128764 , 0.00267961 , 0.0172859 , 0.00218949
74.4843 , 0.0215925 , 0.00344936 , 0.0133675 , 0.00273201 , 0.0175129 , 0.00220421
74.8568 , 0.0215925 , 0.00344077 , 0.0133675 , 0.00272520 , 0.0175129 , 0.00219872
75.2311 , 0.0215925 , 0.00343220 , 0.0133675 , 0.00271842 , 0.0175129 , 0.00219324
75.6072 , 0.0224559 , 0.00352178 , 0.0121116 , 0.00258696 , 0.0173251 , 0.00219020
75.9852 , 0.0226427 , 0.00353383 , 0.0118399 , 0.00255281 , 0.0172845 , 0.00218527
76.3652 , 0.0226427 , 0.00352503 , 0.0118399 , 0.00254645 , 0.0172845 , 0.00217982
76.7470 , 0.0226427 , 0.00351625 , 0.0118399 , 0.00254011 , 0.0172845 , 0.00217439
77.1307 , 0.0222239 , 0.00353103 , 0.0132001 , 0.00273660 , 0.0177481 , 0.00223819
77.5164 , 0.0221509 , 0.00352630 , 0.0134369 , 0.00276350 , 0.0178288 , 0.00224443
77.9040 , 0.0221509 , 0.00351752 , 0.0134369 , 0.00275662 , 0.0178288 , 0.00223884
78.2935 , 0.0221509 , 0.00350876 , 0.0134369 , 0.00274975 , 0.0178288 , 0.00223326
78.6850 , 0.0186032 , 0.00324704 , 0.0117956 , 0.00259597 , 0.0152267 , 0.00208233
79.0784 , 0.0181250 , 0.00320341 , 0.0115744 , 0.00256911 , 0.0148759 , 0.00205681
79.4738 , 0.0181250 , 0.00319543 , 0.0115744 , 0.00256271 , 0.0148759 , 0.00205168
79.8711 , 0.0181250 , 0.00318747 , 0.0115744 , 0.00255633 , 0.0148759 , 0.00204657
80.2705 , 0.0182374 , 0.00323923 , 0.0133608 , 0.00278839 , 0.0158186 , 0.00213965
80.6718 , 0.0182484 , 0.00323694 , 0.0135360 , 0.00280367 , 0.0159110 , 0.00214368
81.0752 , 0.0182484 , 0.00322887 , 0.0135360 , 0.00279669 , 0.0159110 , 0.00213834
81.4806 , 0.0182484 , 0.00322083 , 0.0135360 , 0.00278973 , 0.0159110 , 0.00213301
81.8880 , 0.0189683 , 0.00329258 , 0.0121572 , 0.00267740 , 0.0155900 , 0.00212541
82.2974 , 0.0190141 , 0.00328937 , 0.0120695 , 0.00266391 , 0.0155696 , 0.00211997
82.7089 , 0.0190141 , 0.00328118 , 0.0120695 , 0.00265727 , 0.0155696 , 0.00211469
83.1225 , 0.0190141 , 0.00327301 , 0.0120695 , 0.00265065 , 0.0155696 , 0.00210942
83.5381 , 0.0185618 , 0.00330654 , 0.0103897 , 0.00249106 , 0.0145084 , 0.00207457
83.9558 , 0.0185477 , 0.00329960 , 0.0103373 , 0.00247995 , 0.0144754 , 0.00206847
84.3755 , 0.0185477 , 0.00329138 , 0.0103373 , 0.00247377 , 0.0144754 , 0.00206332
84.7974 , 0.0185477 , 0.00328318 , 0.0103373 , 0.00246761 , 0.0144754 , 0.00205818
85.2214 , 0.0187884 , 0.00334433 , 0.0127485 , 0.00278468 , 0.0157926 , 0.00217917
85.6475 , 0.0187886 , 0.00333605 , 0.0127502 , 0.00277797 , 0.0157935 , 0.00217383
86.0758 , 0.0187886 , 0.00332774 , 0.0127502 , 0.00277105 , 0.0157935 , 0.00216841
86.5061 , 0.0188041 , 0.00332216 , 0.0127149 , 0.00276078 , 0.0157838 , 0.00216301
86.9387 , 0.0193250 , 0.00340342 , 0.0115270 , 0.00263875 , 0.0154572 , 0.00215762
87.3734 , 0.0193250 , 0.00339494 , 0.0115270 , 0.00263218 , 0.0154572 , 0.00215225
87.8102 , 0.0193250 , 0.00338649 , 0.0115270 , 0.00262562 , 0.0154572 , 0.00214689
88.2493 , 0.0191549 , 0.00336631 , 0.0116240 , 0.00263253 , 0.0154196 , 0.00214090
88.6905 , 0.0164205 , 0.00316363 , 0.0131836 , 0.00283291 , 0.0148150 , 0.00212525
89.1340 , 0.0164205 , 0.00315575 , 0.0131836 , 0.00282585 , 0.0148150 , 0.00211996
89.5796 , 0.0164205 , 0.00314789 , 0.0131836 , 0.00281881 , 0.0148150 , 0.00211468
90.0275 , 0.0164347 , 0.00314508 , 0.0130185 , 0.00279864 , 0.0147403 , 0.00210701
90.4777 , 0.0165815 , 0.00318856 , 0.0113118 , 0.00265224 , 0.0139678 , 0.00207681
90.9301 , 0.0165815 , 0.00318062 , 0.0113118 , 0.00264564 , 0.0139678 , 0.00207164
91.3847 , 0.0165815 , 0.00317270 , 0.0113118 , 0.00263905 , 0.0139678 , 0.00206648
91.8416 , 0.0164992 , 0.00316327 , 0.0116631 , 0.00268202 , 0.0141005 , 0.00207639
92.3008 , 0.0158826 , 0.00314397 , 0.0142926 , 0.00301970 , 0.0150939 , 0.00218040
92.7624 , 0.0158826 , 0.00313614 , 0.0142926 , 0.00301218 , 0.0150939 , 0.00217497
93.2262 , 0.0158826 , 0.00312833 , 0.0142926 , 0.00300467 , 0.0150939 , 0.00216955
93.6923 , 0.0160189 , 0.00314277 , 0.0137243 , 0.00294279 , 0.0148808 , 0.00215393
94.1608 , 0.0168066 , 0.00326014 , 0.0104395 , 0.00259968 , 0.0136485 , 0.00208865
94.6316 , 0.0168066 , 0.00325202 , 0.0104395 , 0.00259320 , 0.0136485 , 0.00208345
95.1047 , 0.0168066 , 0.00324392 , 0.0104395 , 0.00258674 , 0.0136485 , 0.00207826
95.5802 , 0.0164958 , 0.00321591 , 0.0103179 , 0.00256814 , 0.0134316 , 0.00206146
96.0581 , 0.0150519 , 0.00311387 , 0.00975299 , 0.00250463 , 0.0124236 , 0.00200157
96.5384 , 0.0150519 , 0.00310611 , 0.00975299 , 0.00249839 , 0.0124236 , 0.00199658
97.0211 , 0.0150519 , 0.00309838 , 0.00975299 , 0.00249217 , 0.0124236 , 0.00199161
97.5062 , 0.0152078 , 0.00311441 , 0.0101562 , 0.00255589 , 0.0127022 , 0.00201766
97.9938 , 0.0158059 , 0.00319590 , 0.0117034 , 0.00280109 , 0.0137711 , 0.00212714
98.4837 , 0.0158059 , 0.00318794 , 0.0117034 , 0.00279412 , 0.0137711 , 0.00212184
98.9761 , 0.0158059 , 0.00318000 , 0.0117034 , 0.00278716 , 0.0137711 , 0.00211656
99.4710 , 0.0162838 , 0.00323721 , 0.0125266 , 0.00288786 , 0.0144202 , 0.00217110
99.9684 , 0.0178278 , 0.00343063 , 0.0151859 , 0.00320308 , 0.0165174 , 0.00234811
100.468 , 0.0178278 , 0.00342209 , 0.0151859 , 0.00319510 , 0.0165174 , 0.00234226
100.971 , 0.0178278 , 0.00341356 , 0.0151859 , 0.00318714 , 0.0165174 , 0.00233643
101.475 , 0.0229617 , 0.00388119 , 0.0198313 , 0.00364426 , 0.0214090 , 0.00266339
101.983 , 0.0371290 , 0.00495121 , 0.0326507 , 0.00468272 , 0.0349077 , 0.00340906
102.493 , 0.0371290 , 0.00493888 , 0.0326507 , 0.00467106 , 0.0349077 , 0.00340057
103.005 , 0.0371290 , 0.00492658 , 0.0326507 , 0.00465943 , 0.0349077 , 0.00339210
103.520 , 0.0321696 , 0.00458994 , 0.0282197 , 0.00432776 , 0.0302104 , 0.00315583
104.038 , 0.0203516 , 0.00369501 , 0.0176608 , 0.00343872 , 0.0190170 , 0.00252531
104.558 , 0.0203516 , 0.00368580 , 0.0176608 , 0.00343016 , 0.0190170 , 0.00251902
105.081 , 0.0203516 , 0.00367662 , 0.0176608 , 0.00342161 , 0.0190170 , 0.00251275
105.606 , 0.0194167 , 0.00360310 , 0.0168244 , 0.00335894 , 0.0181309 , 0.00246442
106.134 , 0.0174767 , 0.00345710 , 0.0150890 , 0.00323562 , 0.0162924 , 0.00236886
106.665 , 0.0174767 , 0.00344849 , 0.0150890 , 0.00322756 , 0.0162924 , 0.00236296
107.198 , 0.0174767 , 0.00343990 , 0.0150890 , 0.00321952 , 0.0162924 , 0.00235707
107.734 , 0.0174427 , 0.00344656 , 0.0142048 , 0.00313175 , 0.0158367 , 0.00233030
108.273 , 0.0173810 , 0.00346542 , 0.0125970 , 0.00297385 , 0.0150081 , 0.00228609
108.814 , 0.0173810 , 0.00345679 , 0.0125970 , 0.00296644 , 0.0150081 , 0.00228040
109.358 , 0.0173810 , 0.00344818 , 0.0125970 , 0.00295905 , 0.0150081 , 0.00227472
109.905 , 0.0199282 , 0.00371726 , 0.0149201 , 0.00323582 , 0.0174442 , 0.00246696
110.455 , 0.0240073 , 0.00411286 , 0.0186402 , 0.00363589 , 0.0213452 , 0.00274756
111.007 , 0.0240073 , 0.00410262 , 0.0186402 , 0.00362684 , 0.0213452 , 0.00274072
111.562 , 0.0240073 , 0.00409240 , 0.0186402 , 0.00361780 , 0.0213452 , 0.00273389
112.120 , 0.0256284 , 0.00424209 , 0.0210292 , 0.00385909 , 0.0233472 , 0.00286965
112.680 , 0.0279228 , 0.00444749 , 0.0244106 , 0.00417744 , 0.0261808 , 0.00305249
113.244 , 0.0279228 , 0.00443641 , 0.0244106 , 0.00416704 , 0.0261808 , 0.00304489
113.810 , 0.0279228 , 0.00442536 , 0.0244106 , 0.00415666 , 0.0261808 , 0.00303731
114.379 , 0.0288203 , 0.00452392 , 0.0263798 , 0.00434391 , 0.0276098 , 0.00313701
114.951 , 0.0299461 , 0.00464611 , 0.0288496 , 0.00456831 , 0.0294022 , 0.00325845
115.526 , 0.0299461 , 0.00463454 , 0.0288496 , 0.00455693 , 0.0294022 , 0.00325033
116.103 , 0.0299461 , 0.00462300 , 0.0288496 , 0.00454558 , 0.0294022 , 0.00324224
116.684 , 0.0304594 , 0.00468862 , 0.0262389 , 0.00435497 , 0.0283660 , 0.00320156
117.267 , 0.0310308 , 0.00476115 , 0.0233324 , 0.00413592 , 0.0272124 , 0.00315697
117.854 , 0.0310308 , 0.00474929 , 0.0233324 , 0.00412562 , 0.0272124 , 0.00314911
118.443 , 0.0310308 , 0.00473746 , 0.0233324 , 0.00411534 , 0.0272124 , 0.00314127
119.035 , 0.0291282 , 0.00460632 , 0.0237132 , 0.00417498 , 0.0264423 , 0.00311094
119.630 , 0.0272465 , 0.00447401 , 0.0240898 , 0.00423239 , 0.0256808 , 0.00308082
120.228 , 0.0272465 , 0.00446286 , 0.0240898 , 0.00422184 , 0.0256808 , 0.00307315
120.830 , 0.0272465 , 0.00445175 , 0.0240898 , 0.00421133 , 0.0256808 , 0.00306550
121.434 , 0.0226220 , 0.00408476 , 0.0221404 , 0.00407043 , 0.0223831 , 0.00288347
122.041 , 0.0185595 , 0.00373499 , 0.0204278 , 0.00394247 , 0.0194862 , 0.00271430
122.651 , 0.0185595 , 0.00372569 , 0.0204278 , 0.00393265 , 0.0194862 , 0.00270754
123.264 , 0.0185595 , 0.00371641 , 0.0204278 , 0.00392286 , 0.0194862 , 0.00270079
123.881 , 0.0202570 , 0.00390704 , 0.0187359 , 0.00378128 , 0.0195025 , 0.00271940
124.500 , 0.0215803 , 0.00404595 , 0.0174168 , 0.00366610 , 0.0195152 , 0.00273216
125.123 , 0.0215803 , 0.00403587 , 0.0174168 , 0.00365697 , 0.0195152 , 0.00272535
125.748 , 0.0215803 , 0.00402582 , 0.0174168 , 0.00364786 , 0.0195152 , 0.00271857
126.377 , 0.0235525 , 0.00424234 , 0.0202077 , 0.00395210 , 0.0218935 , 0.00290072
127.009 , 0.0249145 , 0.00438104 , 0.0221351 , 0.00414436 , 0.0235359 , 0.00301678
127.644 , 0.0249145 , 0.00437013 , 0.0221351 , 0.00413404 , 0.0235359 , 0.00300927
128.282 , 0.0249145 , 0.00435925 , 0.0221351 , 0.00412374 , 0.0235359 , 0.00300177
128.923 , 0.0285567 , 0.00469551 , 0.0263690 , 0.00453872 , 0.0274716 , 0.00326625
129.568 , 0.0307789 , 0.00488303 , 0.0289522 , 0.00476772 , 0.0298729 , 0.00341306
130.216 , 0.0307789 , 0.00487087 , 0.0289522 , 0.00475585 , 0.0298729 , 0.00340456
130.867 , 0.0307789 , 0.00485874 , 0.0289522 , 0.00474400 , 0.0298729 , 0.00339608
131.521 , 0.0239682 , 0.00432053 , 0.0231463 , 0.00426875 , 0.0235605 , 0.00303721
132.179 , 0.0203110 , 0.00399965 , 0.0200286 , 0.00398782 , 0.0201709 , 0.00282416
132.840 , 0.0203110 , 0.00398969 , 0.0200286 , 0.00397789 , 0.0201709 , 0.00281712
133.504 , 0.0203110 , 0.00397975 , 0.0200286 , 0.00396798 , 0.0201709 , 0.00281011
134.172 , 0.0216615 , 0.00415386 , 0.0200407 , 0.00400448 , 0.0208576 , 0.00288583
134.842 , 0.0222965 , 0.00422707 , 0.0200463 , 0.00401607 , 0.0211804 , 0.00291663
135.517 , 0.0222965 , 0.00421654 , 0.0200463 , 0.00400607 , 0.0211804 , 0.00290937
136.194 , 0.0222965 , 0.00420604 , 0.0200463 , 0.00399609 , 0.0211804 , 0.00290212
136.875 , 0.0357316 , 0.00535928 , 0.0243395 , 0.00445337 , 0.0300811 , 0.00348926
137.560 , 0.0412262 , 0.00575360 , 0.0260953 , 0.00461936 , 0.0337213 , 0.00369574
138.247 , 0.0412262 , 0.00573927 , 0.0260953 , 0.00460785 , 0.0337213 , 0.00368654
138.939 , 0.0412262 , 0.00572497 , 0.0260953 , 0.00459638 , 0.0337213 , 0.00367736
139.633 , 0.0311643 , 0.00500837 , 0.0278081 , 0.00477390 , 0.0294996 , 0.00346099
140.331 , 0.0276158 , 0.00472411 , 0.0284121 , 0.00482674 , 0.0280108 , 0.00337646
141.033 , 0.0276158 , 0.00471235 , 0.0284121 , 0.00481471 , 0.0280108 , 0.00336805
141.738 , 0.0276158 , 0.00470061 , 0.0284121 , 0.00480272 , 0.0280108 , 0.00335966
142.447 , 0.0325413 , 0.00517300 , 0.0270225 , 0.00472119 , 0.0298040 , 0.00350443
143.159 , 0.0340223 , 0.00529671 , 0.0266047 , 0.00468837 , 0.0303432 , 0.00354035
143.875 , 0.0340223 , 0.00528351 , 0.0266047 , 0.00467669 , 0.0303432 , 0.00353153
144.594 , 0.0340223 , 0.00527035 , 0.0266047 , 0.00466504 , 0.0303432 , 0.00352273
145.317 , 0.0278958 , 0.00479861 , 0.0226186 , 0.00434599 , 0.0252783 , 0.00323972
146.044 , 0.0263486 , 0.00466403 , 0.0216120 , 0.00425422 , 0.0239992 , 0.00315882
146.774 , 0.0263486 , 0.00465241 , 0.0216120 , 0.00424363 , 0.0239992 , 0.00315095
147.508 , 0.0263486 , 0.00464082 , 0.0216120 , 0.00423306 , 0.0239992 , 0.00314311
148.246 , 0.0292542 , 0.00496267 , 0.0240424 , 0.00452586 , 0.0266691 , 0.00336083
148.987 , 0.0298581 , 0.00501668 , 0.0245476 , 0.00457498 , 0.0272241 , 0.00339736
149.732 , 0.0298581 , 0.00500418 , 0.0245476 , 0.00456358 , 0.0272241 , 0.00338890
150.480 , 0.0298581 , 0.00499172 , 0.0245476 , 0.00455221 , 0.0272241 , 0.00338046
151.233 , 0.0301902 , 0.00506471 , 0.0264439 , 0.00477977 , 0.0283320 , 0.00348373
151.989 , 0.0302454 , 0.00506612 , 0.0267591 , 0.00480634 , 0.0285162 , 0.00349323
152.749 , 0.0302454 , 0.00505350 , 0.0267591 , 0.00479437 , 0.0285162 , 0.00348453
153.513 , 0.0302454 , 0.00504092 , 0.0267591 , 0.00478243 , 0.0285162 , 0.00347585
154.280 , 0.0251636 , 0.00466014 , 0.0234869 , 0.00453274 , 0.0243320 , 0.00325131
155.052 , 0.0245160 , 0.00459962 , 0.0230699 , 0.00449032 , 0.0237987 , 0.00321473
155.827 , 0.0245160 , 0.00458816 , 0.0230699 , 0.00447914 , 0.0237987 , 0.00320673
156.606 , 0.0245160 , 0.00457674 , 0.0230699 , 0.00446798 , 0.0237987 , 0.00319874
157.389 , 0.0228809 , 0.00446373 , 0.0200480 , 0.00419894 , 0.0214758 , 0.00306574
158.176 , 0.0227319 , 0.00444326 , 0.0197727 , 0.00416425 , 0.0212641 , 0.00304649
158.967 , 0.0227319 , 0.00443219 , 0.0197727 , 0.00415388 , 0.0212641 , 0.00303890
159.762 , 0.0227319 , 0.00442116 , 0.0197727 , 0.00414353 , 0.0212641 , 0.00303133
160.560 , 0.0265782 , 0.00484623 , 0.0209642 , 0.00431331 , 0.0237937 , 0.00324697
161.363 , 0.0267978 , 0.00485782 , 0.0210323 , 0.00431259 , 0.0239381 , 0.00325114
162.170 , 0.0267978 , 0.00484572 , 0.0210323 , 0.00430185 , 0.0239381 , 0.00324304
162.981 , 0.0267978 , 0.00483365 , 0.0210323 , 0.00429114 , 0.0239381 , 0.00323496
163.796 , 0.0300311 , 0.00519417 , 0.0210208 , 0.00437724 , 0.0255620 , 0.00340102
164.615 , 0.0301123 , 0.00519022 , 0.0210205 , 0.00436873 , 0.0256028 , 0.00339679
165.438 , 0.0301123 , 0.00517729 , 0.0210205 , 0.00435785 , 0.0256028 , 0.00338833
166.265 , 0.0300917 , 0.00516288 , 0.0209873 , 0.00434378 , 0.0255759 , 0.00337829
167.096 , 0.0260295 , 0.00484240 , 0.0144291 , 0.00364458 , 0.0202757 , 0.00303714
167.932 , 0.0260295 , 0.00483034 , 0.0144291 , 0.00363550 , 0.0202757 , 0.00302957
168.772 , 0.0260295 , 0.00481831 , 0.0144291 , 0.00362645 , 0.0202757 , 0.00302203
169.615 , 0.0259578 , 0.00480307 , 0.0146013 , 0.00364151 , 0.0203250 , 0.00302032
170.463 , 0.0239639 , 0.00470037 , 0.0193925 , 0.00424697 , 0.0216965 , 0.00317008
171.316 , 0.0239639 , 0.00468866 , 0.0193925 , 0.00423640 , 0.0216965 , 0.00316219
172.172 , 0.0239639 , 0.00467699 , 0.0193925 , 0.00422584 , 0.0216965 , 0.00315431
173.033 , 0.0240109 , 0.00467112 , 0.0194200 , 0.00422228 , 0.0217338 , 0.00315093
173.898 , 0.0246946 , 0.00474249 , 0.0198206 , 0.00431153 , 0.0222771 , 0.00320724
174.768 , 0.0246946 , 0.00473068 , 0.0198206 , 0.00430079 , 0.0222771 , 0.00319925
175.642 , 0.0246946 , 0.00471890 , 0.0198206 , 0.00429008 , 0.0222771 , 0.00319128
176.520 , 0.0250313 , 0.00474912 , 0.0199870 , 0.00430434 , 0.0225293 , 0.00320736
177.403 , 0.0282765 , 0.00512342 , 0.0215911 , 0.00452651 , 0.0249605 , 0.00342176
178.290 , 0.0282765 , 0.00511066 , 0.0215911 , 0.00451523 , 0.0249605 , 0.00341324
179.181 , 0.0282765 , 0.00509793 , 0.0215911 , 0.00450399 , 0.0249605 , 0.00340474
180.077 , 0.0279562 , 0.00506508 , 0.0217260 , 0.00451187 , 0.0248660 , 0.00339484
180.977 , 0.0256855 , 0.00490757 , 0.0226820 , 0.00463348 , 0.0241958 , 0.00337632
181.882 , 0.0256855 , 0.00489534 , 0.0226820 , 0.00462194 , 0.0241958 , 0.00336791
182.792 , 0.0256855 , 0.00488315 , 0.0226820 , 0.00461043 , 0.0241958 , 0.00335952
183.706 , 0.0258548 , 0.00489997 , 0.0222778 , 0.00456873 , 0.0240806 , 0.00335172
184.624 , 0.0267900 , 0.00504448 , 0.0200450 , 0.00438708 , 0.0234445 , 0.00334647
185.547 , 0.0267900 , 0.00503191 , 0.0200450 , 0.00437616 , 0.0234445 , 0.00333813
186.475 , 0.0267900 , 0.00501938 , 0.0200450 , 0.00436526 , 0.0234445 , 0.00332982
187.407 , 0.0261677 , 0.00495889 , 0.0196189 , 0.00431861 , 0.0229195 , 0.00329161
188.344 , 0.0233874 , 0.00472678 , 0.0177155 , 0.00414464 , 0.0205741 , 0.00314665
189.286 , 0.0233874 , 0.00471500 , 0.0177155 , 0.00413432 , 0.0205741 , 0.00313881
190.232 , 0.0233874 , 0.00470326 , 0.0177155 , 0.00412402 , 0.0205741 , 0.00313100
191.184 , 0.0227757 , 0.00464411 , 0.0177976 , 0.00413610 , 0.0203066 , 0.00311243
192.140 , 0.0205092 , 0.00445284 , 0.0181019 , 0.00420738 , 0.0193151 , 0.00306457
193.100 , 0.0205092 , 0.00444175 , 0.0181019 , 0.00419690 , 0.0193151 , 0.00305693
194.066 , 0.0205092 , 0.00443069 , 0.0181019 , 0.00418645 , 0.0193151 , 0.00304932
195.036 , 0.0224638 , 0.00464703 , 0.0182830 , 0.00421019 , 0.0203901 , 0.00313787
196.011 , 0.0285812 , 0.00528274 , 0.0188498 , 0.00430461 , 0.0237544 , 0.00341285
196.991 , 0.0285812 , 0.00526959 , 0.0188498 , 0.00429389 , 0.0237544 , 0.00340435
197.976 , 0.0285812 , 0.00525646 , 0.0188498 , 0.00428320 , 0.0237544 , 0.00339587
198.966 , 0.0275141 , 0.00515360 , 0.0196029 , 0.00437876 , 0.0235901 , 0.00338579
199.961 , 0.0246545 , 0.00489272 , 0.0216209 , 0.00463991 , 0.0231498 , 0.00337302
200.961 , 0.0246545 , 0.00488053 , 0.0216209 , 0.00462835 , 0.0231498 , 0.00336461
201.966 , 0.0246545 , 0.00486838 , 0.0216209 , 0.00461683 , 0.0231498 , 0.00335623
202.975 , 0.0241078 , 0.00482842 , 0.0223036 , 0.00469938 , 0.0232129 , 0.00336973
203.990 , 0.0228403 , 0.00475140 , 0.0238862 , 0.00489824 , 0.0233591 , 0.00341134
205.010 , 0.0228403 , 0.00473956 , 0.0238862 , 0.00488604 , 0.0233591 , 0.00340284
206.035 , 0.0228403 , 0.00472776 , 0.0238862 , 0.00487387 , 0.0233591 , 0.00339436
207.065 , 0.0233361 , 0.00478936 , 0.0228299 , 0.00477334 , 0.0230851 , 0.00338113
208.101 , 0.0243383 , 0.00492205 , 0.0206950 , 0.00457805 , 0.0225312 , 0.00336304
209.141 , 0.0243383 , 0.00490979 , 0.0206950 , 0.00456665 , 0.0225312 , 0.00335467
210.187 , 0.0243383 , 0.00489756 , 0.0206950 , 0.00455527 , 0.0225312 , 0.00334631
211.238 , 0.0243184 , 0.00490421 , 0.0207440 , 0.00457117 , 0.0225455 , 0.00335411
212.294 , 0.0242831 , 0.00492516 , 0.0208308 , 0.00460759 , 0.0225708 , 0.00337411
213.356 , 0.0242831 , 0.00491289 , 0.0208308 , 0.00459611 , 0.0225708 , 0.00336570
214.422 , 0.0242831 , 0.00490066 , 0.0208308 , 0.00458466 , 0.0225708 , 0.00335732
215.494 , 0.0251572 , 0.00501132 , 0.0220327 , 0.00472254 , 0.0236075 , 0.00344469
216.572 , 0.0265234 , 0.00518458 , 0.0239111 , 0.00493452 , 0.0252277 , 0.00358026
217.655 , 0.0265234 , 0.00517167 , 0.0239111 , 0.00492223 , 0.0252277 , 0.00357135
218.743 , 0.0265234 , 0.00515879 , 0.0239111 , 0.00490997 , 0.0252277 , 0.00356245
219.837 , 0.0263723 , 0.00516131 , 0.0226110 , 0.00478875 , 0.0245067 , 0.00352256
220.936 , 0.0261635 , 0.00516959 , 0.0208141 , 0.00462234 , 0.0235102 , 0.00347057
222.041 , 0.0261635 , 0.00515671 , 0.0208141 , 0.00461082 , 0.0235102 , 0.00346193
223.151 , 0.0261635 , 0.00514387 , 0.0208141 , 0.00459934 , 0.0235102 , 0.00345330
224.267 , 0.0246561 , 0.00501950 , 0.0205714 , 0.00458614 , 0.0226301 , 0.00340212
225.388 , 0.0228091 , 0.00486718 , 0.0202741 , 0.00457259 , 0.0215517 , 0.00334086
226.515 , 0.0228091 , 0.00485506 , 0.0202741 , 0.00456120 , 0.0215517 , 0.00333254
227.647 , 0.0228091 , 0.00484297 , 0.0202741 , 0.00454984 , 0.0215517 , 0.00332424
228.786 , 0.0221956 , 0.00478377 , 0.0200688 , 0.00454664 , 0.0211407 , 0.00330131
229.930 , 0.0215283 , 0.00472018 , 0.0198454 , 0.00454411 , 0.0206936 , 0.00327711
231.079 , 0.0215283 , 0.00470842 , 0.0198454 , 0.00453279 , 0.0206936 , 0.00326895
232.235 , 0.0215283 , 0.00469669 , 0.0198454 , 0.00452150 , 0.0206936 , 0.00326081
233.396 , 0.0218946 , 0.00476338 , 0.0191230 , 0.00446072 , 0.0205199 , 0.00326478
234.563 , 0.0222486 , 0.00482587 , 0.0184249 , 0.00440135 , 0.0203521 , 0.00326827
235.736 , 0.0222486 , 0.00481385 , 0.0184249 , 0.00439039 , 0.0203521 , 0.00326013
236.914 , 0.0222486 , 0.00480186 , 0.0184249 , 0.00437945 , 0.0203521 , 0.00325201
238.099 , 0.0232681 , 0.00494832 , 0.0187294 , 0.00444100 , 0.0210169 , 0.00332744
239.289 , 0.0241432 , 0.00506770 , 0.0189907 , 0.00449104 , 0.0215876 , 0.00338903
240.486 , 0.0241432 , 0.00505508 , 0.0189907 , 0.00447986 , 0.0215876 , 0.00338059
241.688 , 0.0241432 , 0.00504249 , 0.0189907 , 0.00446870 , 0.0215876 , 0.00337217
242.897 , 0.0227463 , 0.00491650 , 0.0180814 , 0.00438968 , 0.0204325 , 0.00329858
244.111 , 0.0216825 , 0.00481631 , 0.0173890 , 0.00432647 , 0.0195529 , 0.00323997
245.332 , 0.0216825 , 0.00480431 , 0.0173890 , 0.00431570 , 0.0195529 , 0.00323190
246.558 , 0.0216825 , 0.00479235 , 0.0173890 , 0.00430495 , 0.0195529 , 0.00322385
247.791 , 0.0227424 , 0.00493027 , 0.0180147 , 0.00441409 , 0.0203975 , 0.00331179
249.030 , 0.0234571 , 0.00501627 , 0.0184366 , 0.00448191 , 0.0209669 , 0.00336655
250.275 , 0.0234571 , 0.00500378 , 0.0184366 , 0.00447075 , 0.0209669 , 0.00335817
251.527 , 0.0234571 , 0.00499132 , 0.0184366 , 0.00445962 , 0.0209669 , 0.00334980
252.784 , 0.0224971 , 0.00491199 , 0.0168008 , 0.00427618 , 0.0196718 , 0.00325997
254.048 , 0.0219256 , 0.00485960 , 0.0158270 , 0.00415983 , 0.0189007 , 0.00320248
255.318 , 0.0219256 , 0.00484749 , 0.0158270 , 0.00414947 , 0.0189007 , 0.00319450
256.595 , 0.0219256 , 0.00483542 , 0.0158270 , 0.00413913 , 0.0189007 , 0.00318654
257.878 , 0.0200991 , 0.00465687 , 0.0177340 , 0.00439584 , 0.0189260 , 0.00320352
259.167 , 0.0191430 , 0.00455592 , 0.0187323 , 0.00451806 , 0.0189393 , 0.00320848
260.463 , 0.0191430 , 0.00454457 , 0.0187323 , 0.00450681 , 0.0189393 , 0.00320049
261.766 , 0.0191430 , 0.00453325 , 0.0187323 , 0.00449558 , 0.0189393 , 0.00319252
263.074 , 0.0190111 , 0.00456755 , 0.0185305 , 0.00449638 , 0.0187727 , 0.00320519
264.390 , 0.0189507 , 0.00457685 , 0.0184381 , 0.00449065 , 0.0186964 , 0.00320658
265.712 , 0.0189507 , 0.00456545 , 0.0184381 , 0.00447946 , 0.0186964 , 0.00319859
267.040 , 0.0189507 , 0.00455407 , 0.0184381 , 0.00446831 , 0.0186964 , 0.00319063
268.376 , 0.0201165 , 0.00470134 , 0.0178218 , 0.00444020 , 0.0189783 , 0.00323492
269.717 , 0.0205801 , 0.00475107 , 0.0175767 , 0.00442240 , 0.0190904 , 0.00324735
271.066 , 0.0205801 , 0.00473924 , 0.0175767 , 0.00441138 , 0.0190904 , 0.00323927
272.421 , 0.0205801 , 0.00472744 , 0.0175767 , 0.00440039 , 0.0190904 , 0.00323120
273.783 , 0.0229052 , 0.00503469 , 0.0178941 , 0.00446832 , 0.0204197 , 0.00336909
275.152 , 0.0237008 , 0.00512651 , 0.0180027 , 0.00448380 , 0.0208745 , 0.00340908
276.528 , 0.0237008 , 0.00511375 , 0.0180027 , 0.00447264 , 0.0208745 , 0.00340059
277.911 , 0.0237008 , 0.00510101 , 0.0180027 , 0.00446150 , 0.0208745 , 0.00339212
279.300 , 0.0257384 , 0.00535911 , 0.0165762 , 0.00429231 , 0.0211940 , 0.00343918
280.697 , 0.0263314 , 0.00542185 , 0.0161611 , 0.00423462 , 0.0212870 , 0.00344655
282.100 , 0.0263314 , 0.00540834 , 0.0161611 , 0.00422408 , 0.0212870 , 0.00343797
283.511 , 0.0263314 , 0.00539487 , 0.0161611 , 0.00421356 , 0.0212870 , 0.00342941
284.928 , 0.0247097 , 0.00526960 , 0.0183969 , 0.00456424 , 0.0215786 , 0.00348981
286.353 , 0.0243147 , 0.00522894 , 0.0189415 , 0.00463639 , 0.0216496 , 0.00349766
287.785 , 0.0243147 , 0.00521591 , 0.0189415 , 0.00462485 , 0.0216496 , 0.00348895
289.224 , 0.0243147 , 0.00520292 , 0.0189415 , 0.00461333 , 0.0216496 , 0.00348026
290.670 , 0.0208778 , 0.00484742 , 0.0151908 , 0.00416407 , 0.0180571 , 0.00319914
292.123 , 0.0201920 , 0.00476423 , 0.0144425 , 0.00406095 , 0.0173403 , 0.00313413
293.584 , 0.0201920 , 0.00475237 , 0.0144425 , 0.00405084 , 0.0173403 , 0.00312632
295.052 , 0.0201920 , 0.00474053 , 0.0144425 , 0.00404075 , 0.0173403 , 0.00311854
296.527 , 0.0196466 , 0.00473643 , 0.0183654 , 0.00457074 , 0.0190111 , 0.00329215
298.010 , 0.0195601 , 0.00472585 , 0.0189871 , 0.00463900 , 0.0192759 , 0.00331171
299.500 , 0.0195601 , 0.00471408 , 0.0189871 , 0.00462745 , 0.0192759 , 0.00330347
300.997 , 0.0195601 , 0.00470234 , 0.0189871 , 0.00461592 , 0.0192759 , 0.00329524
302.502 , 0.0225758 , 0.00506129 , 0.0182177 , 0.00459217 , 0.0204142 , 0.00341980
304.015 , 0.0229382 , 0.00509131 , 0.0181252 , 0.00457926 , 0.0205510 , 0.00342685
305.535 , 0.0229382 , 0.00507863 , 0.0181252 , 0.00456785 , 0.0205510 , 0.00341832
307.062 , 0.0229382 , 0.00506598 , 0.0181252 , 0.00455648 , 0.0205510 , 0.00340980
308.598 , 0.0215094 , 0.00499441 , 0.0204273 , 0.00487017 , 0.0209727 , 0.00348874
310.141 , 0.0213889 , 0.00497698 , 0.0206214 , 0.00488439 , 0.0210082 , 0.00348731
311.691 , 0.0213889 , 0.00496458 , 0.0206214 , 0.00487223 , 0.0210082 , 0.00347862
313.250 , 0.0213889 , 0.00495222 , 0.0206214 , 0.00486009 , 0.0210082 , 0.00346996
314.816 , 0.0222908 , 0.00508214 , 0.0214780 , 0.00499480 , 0.0218876 , 0.00356348
316.390 , 0.0223365 , 0.00507657 , 0.0215214 , 0.00498967 , 0.0219322 , 0.00355969
317.972 , 0.0223365 , 0.00506393 , 0.0215214 , 0.00497724 , 0.0219322 , 0.00355082
319.562 , 0.0223365 , 0.00505131 , 0.0215214 , 0.00496484 , 0.0219322 , 0.00354198
321.160 , 0.0184436 , 0.00464688 , 0.0199744 , 0.00486644 , 0.0192029 , 0.00336323
322.766 , 0.0183693 , 0.00462753 , 0.0199449 , 0.00485267 , 0.0191508 , 0.00335153
324.379 , 0.0183693 , 0.00461600 , 0.0199449 , 0.00484058 , 0.0191508 , 0.00334319
326.001 , 0.0184034 , 0.00460941 , 0.0198980 , 0.00482360 , 0.0191447 , 0.00333483
327.631 , 0.0215142 , 0.00502477 , 0.0156135 , 0.00433933 , 0.0185875 , 0.00332354
329.269 , 0.0215142 , 0.00501225 , 0.0156135 , 0.00432853 , 0.0185875 , 0.00331526
330.916 , 0.0215142 , 0.00499977 , 0.0156135 , 0.00431775 , 0.0185875 , 0.00330700
332.570 , 0.0214686 , 0.00498472 , 0.0156534 , 0.00431328 , 0.0185843 , 0.00329979
334.233 , 0.0203878 , 0.00491069 , 0.0165991 , 0.00444855 , 0.0185086 , 0.00331574
335.904 , 0.0203878 , 0.00489846 , 0.0165991 , 0.00443747 , 0.0185086 , 0.00330748
337.584 , 0.0203878 , 0.00488626 , 0.0165991 , 0.00442641 , 0.0185086 , 0.00329924
339.272 , 0.0201810 , 0.00485209 , 0.0165148 , 0.00440732 , 0.0183626 , 0.00328009
340.968 , 0.0174393 , 0.00453899 , 0.0153971 , 0.00428823 , 0.0164263 , 0.00312367
342.673 , 0.0174393 , 0.00452769 , 0.0153971 , 0.00427755 , 0.0164263 , 0.00311589
344.386 , 0.0174393 , 0.00451641 , 0.0153971 , 0.00426689 , 0.0164263 , 0.00310813
346.108 , 0.0172943 , 0.00449392 , 0.0156928 , 0.00430360 , 0.0164999 , 0.00311230
347.839 , 0.0159866 , 0.00438019 , 0.0183604 , 0.00469751 , 0.0171640 , 0.00320972
349.578 , 0.0159866 , 0.00436928 , 0.0183604 , 0.00468581 , 0.0171640 , 0.00320172
351.326 , 0.0159866 , 0.00435840 , 0.0183604 , 0.00467413 , 0.0171640 , 0.00319375
353.083 , 0.0165367 , 0.00443240 , 0.0181896 , 0.00464950 , 0.0173565 , 0.00321073
354.848 , 0.0202375 , 0.00495335 , 0.0170403 , 0.00454978 , 0.0186517 , 0.00336528
356.622 , 0.0202375 , 0.00494102 , 0.0170403 , 0.00453845 , 0.0186517 , 0.00335690
358.405 , 0.0202375 , 0.00492871 , 0.0170403 , 0.00452715 , 0.0186517 , 0.00334854
360.197 , 0.0207559 , 0.00499024 , 0.0168251 , 0.00449303 , 0.0188062 , 0.00336036
361.998 , 0.0234970 , 0.00535027 , 0.0156870 , 0.00435936 , 0.0196232 , 0.00345639
363.808 , 0.0234970 , 0.00533695 , 0.0156870 , 0.00434850 , 0.0196232 , 0.00344778
365.627 , 0.0234970 , 0.00532366 , 0.0156870 , 0.00433767 , 0.0196232 , 0.00343919
367.456 , 0.0225986 , 0.00521800 , 0.0159578 , 0.00438216 , 0.0193047 , 0.00341183
369.293 , 0.0187353 , 0.00478853 , 0.0171224 , 0.00460089 , 0.0179353 , 0.00332149
371.139 , 0.0187353 , 0.00477661 , 0.0171224 , 0.00458943 , 0.0179353 , 0.00331322
372.995 , 0.0187353 , 0.00476471 , 0.0171224 , 0.00457800 , 0.0179353 , 0.00330497
374.860 , 0.0181293 , 0.00468563 , 0.0170396 , 0.00456680 , 0.0175888 , 0.00327227
376.734 , 0.0159593 , 0.00442558 , 0.0167430 , 0.00455614 , 0.0163480 , 0.00317522
378.618 , 0.0159593 , 0.00441456 , 0.0167430 , 0.00454479 , 0.0163480 , 0.00316731
380.511 , 0.0159593 , 0.00440357 , 0.0167430 , 0.00453347 , 0.0163480 , 0.00315942
382.414 , 0.0168180 , 0.00453222 , 0.0173976 , 0.00463253 , 0.0171055 , 0.00323996
384.326 , 0.0194227 , 0.00491937 , 0.0193834 , 0.00493992 , 0.0194032 , 0.00348579
386.247 , 0.0194227 , 0.00490712 , 0.0193834 , 0.00492762 , 0.0194032 , 0.00347711
388.178 , 0.0194227 , 0.00489490 , 0.0193834 , 0.00491534 , 0.0194032 , 0.00346845
390.119 , 0.0191828 , 0.00486763 , 0.0188350 , 0.00483461 , 0.0190103 , 0.00343058
392.070 , 0.0185584 , 0.00481613 , 0.0174073 , 0.00464001 , 0.0179874 , 0.00334493
394.030 , 0.0185584 , 0.00480414 , 0.0174073 , 0.00462846 , 0.0179874 , 0.00333660
396.000 , 0.0185584 , 0.00479217 , 0.0174073 , 0.00461693 , 0.0179874 , 0.00332829
397.980 , 0.0194497 , 0.00491166 , 0.0160794 , 0.00444920 , 0.0177780 , 0.00331632
399.970 , 0.0214602 , 0.00518300 , 0.0130840 , 0.00406471 , 0.0173056 , 0.00329976
401.970 , 0.0214602 , 0.00517009 , 0.0130840 , 0.00405459 , 0.0173056 , 0.00329154
403.980 , 0.0214602 , 0.00515721 , 0.0130840 , 0.00404449 , 0.0173056 , 0.00328334
406.000 , 0.0216766 , 0.00520102 , 0.0139390 , 0.00419375 , 0.0178387 , 0.00334636
408.030 , 0.0221027 , 0.00529761 , 0.0156229 , 0.00447986 , 0.0188887 , 0.00347365
410.070 , 0.0221027 , 0.00528442 , 0.0156229 , 0.00446870 , 0.0188887 , 0.00346499
412.120 , 0.0221027 , 0.00527126 , 0.0156229 , 0.00445757 , 0.0188887 , 0.00345636
414.181 , 0.0214525 , 0.00519866 , 0.0149110 , 0.00435665 , 0.0182079 , 0.00339625
416.252 , 0.0203278 , 0.00508148 , 0.0136799 , 0.00418631 , 0.0170304 , 0.00329705
418.333 , 0.0203278 , 0.00506882 , 0.0136799 , 0.00417589 , 0.0170304 , 0.00328884
420.425 , 0.0203278 , 0.00505620 , 0.0136799 , 0.00416549 , 0.0170304 , 0.00328065
422.527 , 0.0193883 , 0.00495989 , 0.0140746 , 0.00424394 , 0.0167527 , 0.00326801
424.640 , 0.0179550 , 0.00481735 , 0.0146766 , 0.00436507 , 0.0163289 , 0.00325307
426.763 , 0.0179550 , 0.00480535 , 0.0146766 , 0.00435420 , 0.0163289 , 0.00324497
428.897 , 0.0179550 , 0.00479338 , 0.0146766 , 0.00434335 , 0.0163289 , 0.00323688
431.041 , 0.0184893 , 0.00487912 , 0.0148288 , 0.00438024 , 0.0166737 , 0.00328135
433.196 , 0.0192105 , 0.00499547 , 0.0150341 , 0.00443276 , 0.0171390 , 0.00334260
435.362 , 0.0192105 , 0.00498303 , 0.0150341 , 0.00442172 , 0.0171390 , 0.00333427
437.539 , 0.0192105 , 0.00497062 , 0.0150341 , 0.00441071 , 0.0171390 , 0.00332597
439.727 , 0.0211547 , 0.00525756 , 0.0152125 , 0.00444555 , 0.0182074 , 0.00344724
441.926 , 0.0234821 , 0.00558092 , 0.0154261 , 0.00448859 , 0.0194863 , 0.00358725
444.135 , 0.0234821 , 0.00556702 , 0.0154261 , 0.00447741 , 0.0194863 , 0.00357831
446.356 , 0.0234821 , 0.00555315 , 0.0154261 , 0.00446626 , 0.0194863 , 0.00356940
448.588 , 0.0215565 , 0.00534618 , 0.0152067 , 0.00445679 , 0.0184070 , 0.00348523
450.831 , 0.0195095 , 0.00512012 , 0.0149734 , 0.00444745 , 0.0172596 , 0.00339490
453.085 , 0.0195095 , 0.00510737 , 0.0149734 , 0.00443637 , 0.0172596 , 0.00338644
455.350 , 0.0195095 , 0.00509465 , 0.0149734 , 0.00442532 , 0.0172596 , 0.00337801
457.627 , 0.0203969 , 0.00523268 , 0.0164914 , 0.00468664 , 0.0184598 , 0.00351551
459.915 , 0.0212349 , 0.00535775 , 0.0179249 , 0.00491775 , 0.0195931 , 0.00363887
462.215 , 0.0212349 , 0.00534441 , 0.0179249 , 0.00490550 , 0.0195931 , 0.00362981
464.526 , 0.0212349 , 0.00533110 , 0.0179249 , 0.00489328 , 0.0195931 , 0.00362077
466.848 , 0.0174270 , 0.00483162 , 0.0157466 , 0.00461253 , 0.0165935 , 0.00334126
469.183 , 0.0142337 , 0.00437160 , 0.0139198 , 0.00436372 , 0.0140780 , 0.00308855
471.528 , 0.0142337 , 0.00436071 , 0.0139198 , 0.00435285 , 0.0140780 , 0.00308085
473.886 , 0.0142337 , 0.00434985 , 0.0139198 , 0.00434201 , 0.0140780 , 0.00307318
476.255 , 0.0196714 , 0.00516369 , 0.0146748 , 0.00448627 , 0.0171931 , 0.00342410
478.637 , 0.0237159 , 0.00568602 , 0.0152363 , 0.00458677 , 0.0195100 , 0.00365901
481.030 , 0.0237159 , 0.00567186 , 0.0152363 , 0.00457535 , 0.0195100 , 0.00364990
483.435 , 0.0237159 , 0.00565773 , 0.0152363 , 0.00456395 , 0.0195100 , 0.00364081
485.852 , 0.0185871 , 0.00503506 , 0.0196469 , 0.00521911 , 0.0191127 , 0.00362505
488.282 , 0.0152108 , 0.00457917 , 0.0225503 , 0.00560087 , 0.0188512 , 0.00361163
490.723 , 0.0152108 , 0.00456777 , 0.0225503 , 0.00558692 , 0.0188512 , 0.00360263
493.177 , 0.0152108 , 0.00455639 , 0.0225503 , 0.00557300 , 0.0188512 , 0.00359366
495.642 , 0.0167943 , 0.00482291 , 0.0165241 , 0.00476802 , 0.0166603 , 0.00339138
498.121 , 0.0183221 , 0.00505405 , 0.0125464 , 0.00415820 , 0.0154573 , 0.00327753
500.611 , 0.0173028 , 0.00490838 , 0.0152680 , 0.00464010 , 0.0162935 , 0.00337885
503.114 , 0.0134398 , 0.00432072 , 0.0145672 , 0.00448007 , 0.0139990 , 0.00311126
505.630 , 0.0129034 , 0.00418783 , 0.0177672 , 0.00496542 , 0.0153158 , 0.00324354
508.158 , 0.0188143 , 0.00513835 , 0.0128784 , 0.00422646 , 0.0158701 , 0.00333186
510.699 , 0.0152121 , 0.00461348 , 0.00773774 , 0.00329968 , 0.0115048 , 0.00284343
513.252 , 0.0123765 , 0.00414541 , 0.0129633 , 0.00426541 , 0.0126675 , 0.00297339
515.819 , 0.0108451 , 0.00391460 , 0.0138511 , 0.00447089 , 0.0123361 , 0.00296819
518.398 , 0.0142902 , 0.00446730 , 0.0142235 , 0.00454909 , 0.0142571 , 0.00318754
520.990 , 0.0124753 , 0.00412683 , 0.0136008 , 0.00433548 , 0.0130335 , 0.00299170
523.595 , 0.0165539 , 0.00483462 , 0.0139632 , 0.00440295 , 0.0152689 , 0.00327208
526.213 , 0.0132472 , 0.00430007 , 0.0124849 , 0.00420395 , 0.0128691 , 0.00300746
528.844 , 0.0122892 , 0.00415816 , 0.00721367 , 0.00320073 , 0.00977172 , 0.00262914
531.488 , 0.0182221 , 0.00502654 , 0.0116834 , 0.00413824 , 0.0149789 , 0.00326053
534.145 , 0.0192414 , 0.00515970 , 0.0135325 , 0.00437675 , 0.0164098 , 0.00338751
536.816 , 0.0222240 , 0.00554796 , 0.0125506 , 0.00422858 , 0.0174260 , 0.00349536
539.500 , 0.0150486 , 0.00464744 , 0.0170835 , 0.00498379 , 0.0160579 , 0.00340544
542.198 , 0.0212354 , 0.00551174 , 0.0137704 , 0.00450851 , 0.0175328 , 0.00356616
544.909 , 0.0161808 , 0.00477033 , 0.0162403 , 0.00487612 , 0.0162103 , 0.00341025
547.633 , 0.0166318 , 0.00489040 , 0.0198912 , 0.00535685 , 0.0182485 , 0.00362418
550.371 , 0.0187811 , 0.00527236 , 0.0141319 , 0.00452839 , 0.0164751 , 0.00347936
553.123 , 0.0252984 , 0.00604416 , 0.0178180 , 0.00503948 , 0.0215882 , 0.00394051
555.889 , 0.0176284 , 0.00500852 , 0.0114581 , 0.00406588 , 0.0145679 , 0.00323095
558.668 , 0.0168215 , 0.00494914 , 0.0155227 , 0.00477485 , 0.0161773 , 0.00343959
561.462 , 0.0155627 , 0.00476152 , 0.0153609 , 0.00475695 , 0.0154626 , 0.00336542
564.269 , 0.0195726 , 0.00536659 , 0.0176723 , 0.00511116 , 0.0186300 , 0.00370711
567.090 , 0.0192460 , 0.00532475 , 0.0152144 , 0.00479760 , 0.0172463 , 0.00358673
569.926 , 0.0170517 , 0.00497718 , 0.0170103 , 0.00500318 , 0.0170312 , 0.00352857
572.775 , 0.0145171 , 0.00456057 , 0.00803339 , 0.00348305 , 0.0113012 , 0.00287538
575.639 , 0.0146174 , 0.00466195 , 0.0140419 , 0.00464743 , 0.0143319 , 0.00329155
578.517 , 0.0189163 , 0.00532647 , 0.0177115 , 0.00517728 , 0.0183187 , 0.00371497
581.410 , 0.0170208 , 0.00506173 , 0.0191580 , 0.00535808 , 0.0180809 , 0.00368389
584.317 , 0.0114247 , 0.00415699 , 0.0141406 , 0.00453566 , 0.0127718 , 0.00307419
587.239 , 0.0111197 , 0.00409725 , 0.0138335 , 0.00451905 , 0.0124657 , 0.00304768
590.175 , 0.0135548 , 0.00453459 , 0.0250822 , 0.00615825 , 0.0192724 , 0.00381486
593.126 , 0.0158844 , 0.00491899 , 0.0190507 , 0.00533458 , 0.0174549 , 0.00362593
596.091 , 0.0149414 , 0.00476066 , 0.0118990 , 0.00426594 , 0.0134324 , 0.00319907
599.072 , 0.0144854 , 0.00467258 , 0.0141022 , 0.00459572 , 0.0142954 , 0.00327749
602.067 , 0.0100475 , 0.00389739 , 0.0190551 , 0.00545870 , 0.0145152 , 0.00334500
605.077 , 0.00515839 , 0.00277567 , 0.0197193 , 0.00550329 , 0.0123806 , 0.00306723
608.103 , 0.0110799 , 0.00410432 , 0.0180799 , 0.00527876 , 0.0145519 , 0.00333681
611.143 , 0.0260345 , 0.00630579 , 0.0135282 , 0.00459629 , 0.0198314 , 0.00391123
614.199 , 0.0347757 , 0.00719880 , 0.0197082 , 0.00549749 , 0.0273022 , 0.00453861
617.270 , 0.0162159 , 0.00492732 , 0.0178416 , 0.00526875 , 0.0170223 , 0.00360506
620.356 , 0.0115762 , 0.00419262 , 0.0153143 , 0.00484977 , 0.0134303 , 0.00320179
623.458 , 0.0145034 , 0.00473456 , 0.0203828 , 0.00563756 , 0.0174196 , 0.00367600
626.575 , 0.0229477 , 0.00593434 , 0.0150650 , 0.00484569 , 0.0190379 , 0.00383695
629.708 , 0.0245246 , 0.00612275 , 0.0158643 , 0.00498008 , 0.0202291 , 0.00395273
632.857 , 0.0180556 , 0.00525316 , 0.0192662 , 0.00553013 , 0.0186561 , 0.00381228
636.021 , 0.0227526 , 0.00590720 , 0.0151460 , 0.00490930 , 0.0189797 , 0.00384619
639.201 , 0.0231786 , 0.00598133 , 0.0189496 , 0.00550363 , 0.0210810 , 0.00406689
642.397 , 0.0161024 , 0.00500822 , 0.0158592 , 0.00498335 , 0.0159818 , 0.00353282
645.609 , 0.0157788 , 0.00498217 , 0.0112444 , 0.00422680 , 0.0135298 , 0.00327116
648.837 , 0.0191295 , 0.00541833 , 0.0183499 , 0.00539709 , 0.0187428 , 0.00382408
652.082 , 0.0165864 , 0.00503621 , 0.0160224 , 0.00499744 , 0.0163067 , 0.00354779
655.342 , 0.0247354 , 0.00615356 , 0.0161331 , 0.00504802 , 0.0204687 , 0.00398594
658.619 , 0.0241755 , 0.00608375 , 0.0224692 , 0.00591719 , 0.0233292 , 0.00424446
661.912 , 0.0156993 , 0.00492832 , 0.0219338 , 0.00586773 , 0.0187916 , 0.00382623
665.221 , 0.0182135 , 0.00537257 , 0.0140247 , 0.00471032 , 0.0161358 , 0.00357637
668.547 , 0.0217889 , 0.00587449 , 0.0192194 , 0.00555959 , 0.0205145 , 0.00404600
671.890 , 0.0181210 , 0.00536865 , 0.0156674 , 0.00502237 , 0.0169040 , 0.00367789
675.250 , 0.0106776 , 0.00414823 , 0.0145684 , 0.00479823 , 0.0126075 , 0.00316782
678.626 , 0.0173411 , 0.00524807 , 0.0171172 , 0.00519852 , 0.0172300 , 0.00369387
682.019 , 0.0136529 , 0.00466459 , 0.0117397 , 0.00431565 , 0.0127040 , 0.00317946
685.429 , 0.0140232 , 0.00476427 , 0.00980235 , 0.00390528 , 0.0119297 , 0.00308509
688.856 , 0.0174917 , 0.00528104 , 0.0152636 , 0.00490148 , 0.0163866 , 0.00360483
692.300 , 0.0136862 , 0.00471619 , 0.0153048 , 0.00495016 , 0.0144890 , 0.00341736
695.762 , 0.0136601 , 0.00468675 , 0.0185866 , 0.00549095 , 0.0161037 , 0.00360515
699.241 , 0.0139432 , 0.00476413 , 0.0142450 , 0.00482938 , 0.0140929 , 0.00339163
702.737 , 0.0195479 , 0.00565631 , 0.0218636 , 0.00603149 , 0.0206965 , 0.00413240
706.251 , 0.0198886 , 0.00567714 , 0.0208695 , 0.00581852 , 0.0203751 , 0.00406397
709.782 , 0.0232825 , 0.00611242 , 0.0210662 , 0.00580010 , 0.0221832 , 0.00421506
713.331 , 0.0158468 , 0.00504004 , 0.0185334 , 0.00547840 , 0.0171793 , 0.00371970
716.897 , 0.0143137 , 0.00488512 , 0.0160694 , 0.00509552 , 0.0151845 , 0.00352840
720.482 , 0.0173652 , 0.00535322 , 0.00843120 , 0.00372216 , 0.0129339 , 0.00326921
724.084 , 0.0196817 , 0.00571087 , 0.00869349 , 0.00378199 , 0.0142316 , 0.00343560
727.705 , 0.0243890 , 0.00634879 , 0.0110581 , 0.00430570 , 0.0177769 , 0.00384702
731.343 , 0.0240001 , 0.00624694 , 0.0162107 , 0.00518628 , 0.0201366 , 0.00406571
735.000 , 0.0210574 , 0.00586655 , 0.0150802 , 0.00499628 , 0.0180927 , 0.00385793
738.675 , 0.0187319 , 0.00553269 , 0.0155477 , 0.00508594 , 0.0171526 , 0.00376022
742.368 , 0.0162246 , 0.00515476 , 0.0143425 , 0.00482673 , 0.0152910 , 0.00353286
746.080 , 0.0181354 , 0.00543657 , 0.0156940 , 0.00505493 , 0.0169245 , 0.00371403
749.811 , 0.0214136 , 0.00591962 , 0.0165895 , 0.00523040 , 0.0190208 , 0.00395366
753.560 , 0.0188411 , 0.00556910 , 0.0103349 , 0.00415212 , 0.0146220 , 0.00348132
757.328 , 0.0166694 , 0.00531969 , 0.0132813 , 0.00467472 , 0.0149889 , 0.00354466
761.114 , 0.0136864 , 0.00481366 , 0.0185163 , 0.00550659 , 0.0160820 , 0.00365318
764.920 , 0.0150309 , 0.00503296 , 0.0166192 , 0.00529628 , 0.0158187 , 0.00365175
768.744 , 0.0139085 , 0.00478164 , 0.0118347 , 0.00448836 , 0.0128799 , 0.00328084
772.588 , 0.0144482 , 0.00487829 , 0.0160896 , 0.00524670 , 0.0152623 , 0.00358012
776.451 , 0.0122929 , 0.00452707 , 0.0131265 , 0.00464762 , 0.0127064 , 0.00324344
780.333 , 0.0116423 , 0.00444768 , 0.0156664 , 0.00510145 , 0.0136382 , 0.00338045
784.235 , 0.0114023 , 0.00440525 , 0.0282972 , 0.00693057 , 0.0197822 , 0.00409223
788.156 , 0.0141932 , 0.00486528 , 0.0204834 , 0.00590221 , 0.0173131 , 0.00381877
792.097 , 0.0190060 , 0.00567683 , 0.0172602 , 0.00545572 , 0.0181401 , 0.00393810
796.057 , 0.0149840 , 0.00500656 , 0.0229891 , 0.00631586 , 0.0189545 , 0.00402252
800.038 , 0.0108569 , 0.00428461 , 0.0123685 , 0.00459963 , 0.0116067 , 0.00314134
804.038 , 0.0100356 , 0.00416729 , 0.0175889 , 0.00544110 , 0.0137820 , 0.00341976
808.058 , 0.0152318 , 0.00510993 , 0.0175288 , 0.00546756 , 0.0163711 , 0.00373994
812.098 , 0.0149665 , 0.00503554 , 0.0154606 , 0.00511633 , 0.0152115 , 0.00358900
816.159 , 0.0203550 , 0.00591193 , 0.0197649 , 0.00583223 , 0.0200623 , 0.00415287
820.240 , 0.0179132 , 0.00555822 , 0.0172270 , 0.00541635 , 0.0175728 , 0.00388135
824.341 , 0.0165000 , 0.00532509 , 0.0204059 , 0.00593919 , 0.0184373 , 0.00398510
828.462 , 0.0163295 , 0.00530902 , 0.0210771 , 0.00605618 , 0.0186843 , 0.00402279
832.605 , 0.0219364 , 0.00619483 , 0.0165156 , 0.00533942 , 0.0192477 , 0.00409412
836.768 , 0.0194866 , 0.00576463 , 0.0128159 , 0.00469013 , 0.0161780 , 0.00372195
840.952 , 0.0184122 , 0.00560373 , 0.0141256 , 0.00496815 , 0.0162860 , 0.00374818
845.156 , 0.0133021 , 0.00478723 , 0.0163583 , 0.00534889 , 0.0148180 , 0.00358610
849.382 , 0.0150127 , 0.00512493 , 0.0236935 , 0.00650153 , 0.0193184 , 0.00413168
853.629 , 0.0160039 , 0.00529628 , 0.0161835 , 0.00537905 , 0.0160930 , 0.00377406
857.897 , 0.0127993 , 0.00469613 , 0.0169729 , 0.00547211 , 0.0148694 , 0.00360121
862.187 , 0.0170754 , 0.00543242 , 0.0211861 , 0.00606150 , 0.0191143 , 0.00406637
866.498 , 0.0179105 , 0.00556345 , 0.0205840 , 0.00602410 , 0.0192366 , 0.00409758
870.830 , 0.0166894 , 0.00539939 , 0.0161113 , 0.00534371 , 0.0164027 , 0.00379875
875.184 , 0.0165501 , 0.00531959 , 0.0171324 , 0.00554644 , 0.0168389 , 0.00384140
879.560 , 0.0157053 , 0.00518873 , 0.0148524 , 0.00515444 , 0.0152822 , 0.00365719
883.958 , 0.0151903 , 0.00511955 , 0.0176143 , 0.00561618 , 0.0163926 , 0.00379703
888.378 , 0.0167947 , 0.00539063 , 0.0150340 , 0.00520024 , 0.0159214 , 0.00374624
892.820 , 0.0117565 , 0.00450912 , 0.00646546 , 0.00339190 , 0.00913215 , 0.00282756
897.284 , 0.0117357 , 0.00451599 , 0.0128209 , 0.00480526 , 0.0122740 , 0.00329562
901.770 , 0.0150095 , 0.00512108 , 0.0191093 , 0.00591541 , 0.0170430 , 0.00390772
906.279 , 0.0125776 , 0.00471665 , 0.0249851 , 0.00679567 , 0.0187317 , 0.00412460
910.810 , 0.0149131 , 0.00520478 , 0.0158288 , 0.00538192 , 0.0153673 , 0.00374261
915.365 , 0.0175396 , 0.00559065 , 0.0176698 , 0.00562135 , 0.0176042 , 0.00396401
919.941 , 0.0178135 , 0.00563882 , 0.0120780 , 0.00461352 , 0.0149687 , 0.00364871
924.541 , 0.0159654 , 0.00532505 , 0.0184341 , 0.00576205 , 0.0171899 , 0.00392058
929.164 , 0.0153750 , 0.00528409 , 0.0170716 , 0.00558118 , 0.0162165 , 0.00384133
933.810 , 0.0187873 , 0.00587240 , 0.0216098 , 0.00620456 , 0.0201873 , 0.00426972
938.479 , 0.0207776 , 0.00608420 , 0.0193753 , 0.00594051 , 0.0200821 , 0.00425263
943.171 , 0.0174755 , 0.00563390 , 0.0182730 , 0.00571350 , 0.0178711 , 0.00401169
947.887 , 0.0273313 , 0.00708876 , 0.0174936 , 0.00561601 , 0.0224518 , 0.00453031
952.626 , 0.0243948 , 0.00666557 , 0.0164520 , 0.00543113 , 0.0204552 , 0.00430612
957.389 , 0.0206836 , 0.00605338 , 0.0270818 , 0.00708055 , 0.0238571 , 0.00465208
962.176 , 0.0170060 , 0.00548117 , 0.0199064 , 0.00605130 , 0.0184446 , 0.00407923
966.987 , 0.0156016 , 0.00535951 , 0.0142942 , 0.00520834 , 0.0149531 , 0.00373765
971.822 , 0.0205250 , 0.00614313 , 0.0141541 , 0.00517425 , 0.0173650 , 0.00402152
976.681 , 0.0271926 , 0.00711252 , 0.0114482 , 0.00466586 , 0.0193833 , 0.00426685
981.565 , 0.0206350 , 0.00616136 , 0.0163203 , 0.00553059 , 0.0184949 , 0.00414343
986.473 , 0.0203105 , 0.00612018 , 0.0185284 , 0.00591155 , 0.0194266 , 0.00425582
991.405 , 0.0197238 , 0.00606467 , 0.0130412 , 0.00489633 , 0.0164093 , 0.00390394
996.362 , 0.0222853 , 0.00755255 , 0.0184167 , 0.00679975 , 0.0203665 , 0.00508569
1000.00 , 0.0969184 , 0.0336990 , 0.0383306 , 0.0257404 , 0.0678588 , 0.0212478
