X , Y0 , E0
0 , 0 , 0
0.02 , 1.95161 , 0.00129509
0.03 , 2.36293 , 0.00259015
0.04 , 2.14217 , 0.0038902
0.05 , 1.1507 , 0.00486083
0.06 , -0.695026 , 0.00526755
0.07 , -3.41738 , 0.00503753
0.08 , -6.97588 , 0.00427367
0.09 , -11.2698 , 0.00321825
0.1 , -16.1451 , 0.00217829
0.11 , -21.4048 , 0.00143546
0.12 , -26.8224 , 0.00116775
0.13 , -32.1573 , 0.00140501
0.14 , -37.1706 , 0.00203015
0.15 , -41.6409 , 0.00282332
0.16 , -45.3785 , 0.00353374
0.17 , -48.237 , 0.00395635
0.18 , -50.1222 , 0.00398984
0.19 , -50.9964 , 0.00365966
0.2 , -50.8793 , 0.00310089
0.21 , -49.8448 , 0.00250874
0.22 , -48.0141 , 0.00207358
0.23 , -45.5453 , 0.00192182
0.24 , -42.6218 , 0.00208054
0.25 , -39.4386 , 0.00247565
0.26 , -36.1884 , 0.00296222
0.27 , -33.0485 , 0.00337553
0.28 , -30.17 , 0.00358531
0.29 , -27.6684 , 0.00353577
0.3 , -25.6179 , 0.00325927
0.31 , -24.0489 , 0.00286065
0.32 , -22.9488 , 0.00247889
0.33 , -22.2664 , 0.00223963
0.34 , -21.9185 , 0.00221464
0.35 , -21.7986 , 0.00240096
0.36 , -21.788 , 0.00272577
0.37 , -21.766 , 0.00307387
0.38 , -21.6204 , 0.00332801
0.39 , -21.257 , 0.00340787
0.4 , -20.6069 , 0.00329505
0.41 , -19.6313 , 0.00303632
0.42 , -18.3238 , 0.00272512
0.43 , -16.7104 , 0.00246825
0.44 , -14.8454 , 0.0023496
0.45 , -12.8069 , 0.00240306
0.46 , -10.6889 , 0.00260325
0.47 , -8.59328 , 0.00287649
0.48 , -6.62106 , 0.00312753
0.49 , -4.86383 , 0.0032725
0.5 , -3.39644 , 0.00326664
0.51 , -2.2712 , 0.0031179
0.52 , -1.51409 , 0.00288227
0.53 , -1.12325 , 0.00264302
0.54 , -1.06981 , 0.00248155
0.55 , -1.30095 , 0.00244989
0.56 , -1.74482 , 0.00255415
0.57 , -2.31693 , 0.00275401
0.58 , -2.92733 , 0.00297808
0.59 , -3.48814 , 0.00314911
0.6 , -3.92061 , 0.00321053
0.61 , -4.16129 , 0.00314496
0.62 , -4.16671 , 0.00297886
0.63 , -3.91629 , 0.00277216
0.64 , -3.41327 , 0.00259675
0.65 , -2.68365 , 0.00251166
0.66 , -1.77321 , 0.00254326
0.67 , -0.743035 , 0.00267728
0.68 , 0.336163 , 0.00286488
0.69 , 1.39032 , 0.0030403
0.7 , 2.34841 , 0.00314387
0.71 , 3.14843 , 0.00314217
0.72 , 3.74236 , 0.00303878
0.73 , 4.09989 , 0.00287198
0.74 , 4.21048 , 0.00270072
0.75 , 4.0837 , 0.00258387
0.76 , 3.74785 , 0.00256008
0.77 , 3.24699 , 0.00263502
0.78 , 2.63675 , 0.00278035
0.79 , 1.97917 , 0.00294429
0.8 , 1.33722 , 0.00306999
0.81 , 0.769307 , 0.00311515
0.82 , 0.324323 , 0.00306624
0.83 , 0.0376619 , 0.00294238
0.84 , -0.0715355 , 0.00278803
0.85 , -0.00164683 , 0.00265709
0.86 , 0.231712 , 0.00259412
0.87 , 0.597463 , 0.00261927
0.88 , 1.05215 , 0.00272186
0.89 , 1.54406 , 0.00286479
0.9 , 2.01796 , 0.00299785
0.91 , 2.42009 , 0.00307534
0.92 , 2.70291 , 0.00307168
0.93 , 2.8293 , 0.00298984
0.94 , 2.77571 , 0.00285971
0.95 , 2.53411 , 0.00272722
0.96 , 2.11263 , 0.00263824
0.97 , 1.53469 , 0.00262273
0.98 , 0.836882 , 0.00268473
0.99 , 0.0657378 , 0.00280149
1 , -0.726341 , 0.00293176
1.01 , -1.4856 , 0.0030304
1.02 , -2.16151 , 0.003064
1.03 , -2.71101 , 0.00302215
1.04 , -3.10209 , 0.00292064
1.05 , -3.31633 , 0.00279557
1.06 , -3.35034 , 0.00269052
1.07 , -3.21577 , 0.00264148
1.08 , -2.9382 , 0.00266454
1.09 , -2.55474 , 0.00275076
1.1 , -2.11076 , 0.00286963
1.11 , -1.6559 , 0.00297991
1.12 , -1.23987 , 0.00304396
1.13 , -0.908218 , 0.00304056
1.14 , -0.698569 , 0.00297182
1.15 , -0.637597 , 0.00286201
1.16 , -0.738954 , 0.00274881
1.17 , -1.00236 , 0.00267014
1.18 , -1.4139 , 0.00265122
1.19 , -1.94745 , 0.00269628
1.2 , -2.56715 , 0.00278769
1.21 , -3.23067 , 0.00289261
1.22 , -3.89294 , 0.00297472
1.23 , -4.5101 , 0.00300684
1.24 , -5.04321 , 0.00298017
1.25 , -5.46157 , 0.00290679
1.26 , -5.74517 , 0.00281492
1.27 , -5.88625 , 0.00273863
1.28 , -5.88976 , 0.00270572
1.29 , -5.77265 , 0.00272796
1.3 , -5.56224 , 0.00279722
1.31 , -5.29361 , 0.00288857
1.32 , -5.00642 , 0.00296927
1.33 , -4.74131 , 0.00301043
1.34 , -4.53633 , 0.00299711
1.35 , -4.42359 , 0.00293354
1.36 , -4.42649 , 0.00284148
1.37 , -4.55772 , 0.00275256
1.38 , -4.8182 , 0.00269717
1.39 , -5.19712 , 0.00269397
1.4 , -5.67293 , 0.00274344
1.41 , -6.21526 , 0.00282796
1.42 , -6.7876 , 0.00291801
1.43 , -7.35049 , 0.00298257
1.44 , -7.86492 , 0.0029998
1.45 , -8.29567 , 0.00296452
1.46 , -8.61424 , 0.00288977
1.47 , -8.80129 , 0.00280209
1.48 , -8.8481 , 0.00273214
1.49 , -8.75725 , 0.00270403
1.5 , -8.54222 , 0.00272706
1.51 , -8.22613 , 0.00279266
1.52 , -7.83957 , 0.00287758
1.53 , -7.41788 , 0.00295214
1.54 , -6.99805 , 0.0029906
1.55 , -6.61546 , 0.00298004
1.56 , -6.30083 , 0.00292469
1.57 , -6.07762 , 0.0028443
1.58 , -5.96002 , 0.00276709
1.59 , -5.95189 , 0.00271989
1.6 , -6.04647 , 0.00271885
1.61 , -6.22711 , 0.00276394
1.62 , -6.46888 , 0.00283914
1.63 , -6.74081 , 0.00291815
1.64 , -7.00872 , 0.00297362
1.65 , -7.23828 , 0.00298659
1.66 , -7.3981 , 0.00295299
1.67 , -7.46255 , 0.00288484
1.68 , -7.41402 , 0.00280592
1.69 , -7.24458 , 0.00274344
1.7 , -6.9567 , 0.00271856
1.71 , -6.5631 , 0.00273918
1.72 , -6.08578 , 0.00279741
1.73 , -5.55411 , 0.00287253
1.74 , -5.00244 , 0.0029383
1.75 , -4.46717 , 0.00297223
1.76 , -3.98371 , 0.00296324
1.77 , -3.5835 , 0.0029154
1.78 , -3.29139 , 0.00284627
1.79 , -3.12355 , 0.00278064
1.8 , -3.08618 , 0.00274172
1.81 , -3.175 , 0.00274311
1.82 , -3.37572 , 0.0027841
1.83 , -3.66524 , 0.00285008
1.84 , -4.01372 , 0.00291777
1.85 , -4.38711 , 0.00296342
1.86 , -4.75012 , 0.00297113
1.87 , -5.0692 , 0.00293831
1.88 , -5.3154 , 0.00287652
1.89 , -5.46686 , 0.00280734
1.9 , -5.51058 , 0.00275477
1.91 , -5.44357 , 0.0027369
1.92 , -5.27299 , 0.00275965
1.93 , -5.01553 , 0.00281481
1.94 , -4.69588 , 0.00288303
1.95 , -4.34463 , 0.00294062
1.96 , -3.99553 , 0.00296779
1.97 , -3.68258 , 0.00295553
1.98 , -3.43705 , 0.00290864
1.99 , -3.28478 , 0.00284389
2 , -3.2439 , 0.00278413
2.01 , -3.32326 , 0.00275025
2.02 , -3.5217 , 0.00275392
2.03 , -3.82809 , 0.00279356
2.04 , -4.22238 , 0.002855
2.05 , -4.67736 , 0.00291643
2.06 , -5.16115 , 0.00295604
2.07 , -5.64003 , 0.00295965
2.08 , -6.08154 , 0.00292553
2.09 , -6.45754 , 0.00286505
2.1 , -6.74683 , 0.00279867
2.11 , -6.93725 , 0.0027489
2.12 , -7.02703 , 0.00273256
2.13 , -7.02514 , 0.0027551
2.14 , -6.95065 , 0.00280881
2.15 , -6.83123 , 0.00287565
2.16 , -6.70059 , 0.00293349
2.17 , -6.59535 , 0.00296374
2.18 , -6.55132 , 0.00295761
2.19 , -6.59966 , 0.00291891
2.2 , -6.76304 , 0.00286247
2.21 , -7.0523 , 0.00280881
2.22 , -7.46371 , 0.00277684
2.23 , -7.97725 , 0.00277736
2.24 , -8.55589 , 0.00280944
2.25 , -9.14624 , 0.00286091
2.26 , -9.68037 , 0.00291284
2.27 , -10.0788 , 0.00294629
2.28 , -10.2545 , 0.00294901
2.29 , -10.118 , 0.00291973
2.3 , -9.58245 , 0.00286852
2.31 , -8.56958 , 0.00281324
2.32 , -7.01489 , 0.00277318
2.33 , -4.87273 , 0.00276234
2.34 , -2.12041 , 0.00278452
2.35 , 1.23873 , 0.00283201
2.36 , 5.17362 , 0.00288833
2.37 , 9.62514 , 0.00293398
2.38 , 14.5073 , 0.00295322
2.39 , 19.7101 , 0.00293952
2.4 , 25.1032 , 0.00289777
2.41 , 30.5411 , 0.00284249
2.42 , 35.8695 , 0.00279276
2.43 , 40.9313 , 0.00276559
2.44 , 45.5734 , 0.00277007
2.45 , 49.6538 , 0.0028043
2.46 , 53.0469 , 0.00285616
2.47 , 55.6492 , 0.00290768
2.48 , 57.3836 , 0.00294125
2.49 , 58.2022 , 0.00294581
2.5 , 58.0878 , 0.00292056
2.51 , 57.0544 , 0.00287512
2.52 , 55.146 , 0.00282604
2.53 , 52.4335 , 0.00279095
2.54 , 49.012 , 0.00278235
2.55 , 44.9955 , 0.00280327
2.56 , 40.5121 , 0.00284629
2.57 , 35.6984 , 0.0028962
2.58 , 30.6937 , 0.00293539
2.59 , 25.6344 , 0.00295003
2.6 , 20.649 , 0.00293494
2.61 , 15.8539 , 0.00289532
2.62 , 11.349 , 0.00284494
2.63 , 7.21608 , 0.00280131
2.64 , 3.51599 , 0.0027795
2.65 , 0.288705 , 0.00278692
2.66 , -2.44662 , 0.00282076
2.67 , -4.69043 , 0.00286898
2.68 , -6.46071 , 0.00291452
2.69 , -7.79037 , 0.00294129
2.7 , -8.72416 , 0.00293973
2.71 , -9.31527 , 0.00291013
2.72 , -9.6219 , 0.00286255
2.73 , -9.70387 , 0.00281325
2.74 , -9.61959 , 0.00277915
2.75 , -9.42331 , 0.00277192
2.76 , -9.16295 , 0.00279407
2.77 , -8.87853 , 0.0028381
2.78 , -8.60115 , 0.00288917
2.79 , -8.35263 , 0.00293027
2.8 , -8.1458 , 0.00294807
2.81 , -7.98519 , 0.00293745
2.82 , -7.86827 , 0.0029031
2.83 , -7.78698 , 0.00285778
2.84 , -7.72943 , 0.00281777
2.85 , -7.68173 , 0.00279713
2.86 , -7.62975 , 0.00280288
2.87 , -7.56072 , 0.0028326
2.88 , -7.46456 , 0.00287539
2.89 , -7.3349 , 0.00291583
2.9 , -7.16966 , 0.00293939
2.91 , -6.9713 , 0.00293754
2.92 , -6.74658 , 0.00291072
2.93 , -6.506 , 0.00286815
2.94 , -6.26294 , 0.00282455
2.95 , -6.03251 , 0.00279496
2.96 , -5.83034 , 0.00278952
2.97 , -5.67127 , 0.00280992
2.98 , -5.56817 , 0.00284889
2.99 , -5.53083 , 0.00289276
3 , -5.5652 , 0.00292626
3.01 , -5.67286 , 0.0029379
3.02 , -5.85084 , 0.00292387
3.03 , -6.09184 , 0.00288941
3.04 , -6.38474 , 0.00284687
3.05 , -6.71541 , 0.0028114
3.06 , -7.06777 , 0.00279561
3.07 , -7.42498 , 0.00280521
3.08 , -7.77072 , 0.00283705
3.09 , -8.09037 , 0.00288023
3.1 , -8.37211 , 0.00291993
3.11 , -8.60772 , 0.00294263
3.12 , -8.7932 , 0.00294071
3.13 , -8.92893 , 0.00291515
3.14 , -9.01956 , 0.00287508
3.15 , -9.07351 , 0.00283452
3.16 , -9.10217 , 0.00280752
3.17 , -9.11884 , 0.0028032
3.18 , -9.1375 , 0.0028226
3.19 , -9.1715 , 0.00285837
3.2 , -9.23227 , 0.00289735
3.21 , -9.32811 , 0.00292526
3.22 , -9.46331 , 0.00293166
3.23 , -9.63738 , 0.00291366
3.24 , -9.84482 , 0.00287698
3.25 , -10.0751 , 0.00283395
3.26 , -10.313 , 0.00279935
3.27 , -10.5397 , 0.00278525
3.28 , -10.7334 , 0.0027969
3.29 , -10.8708 , 0.00283096
3.3 , -10.9286 , 0.00287661
3.31 , -10.8851 , 0.00291931
3.32 , -10.7209 , 0.00294571
3.33 , -10.4211 , 0.00294815
3.34 , -9.9754 , 0.00292715
3.35 , -9.37949 , 0.00289104
3.36 , -8.63498 , 0.00285296
3.37 , -7.7496 , 0.00282621
3.38 , -6.73679 , 0.00281968
3.39 , -5.61514 , 0.00283486
3.4 , -4.40744 , 0.00286547
3.41 , -3.13969 , 0.00289983
3.42 , -1.83989 , 0.00292509
3.43 , -0.536894 , 0.0029318
3.44 , 0.74069 , 0.0029172
3.45 , 1.96552 , 0.00288622
3.46 , 3.11233 , 0.00284965
3.47 , 4.15853 , 0.00282031
3.48 , 5.08465 , 0.00280854
3.49 , 5.87449 , 0.00281855
3.5 , 6.51519 , 0.00284693
3.51 , 6.9971 , 0.0028839
3.52 , 7.31354 , 0.00291672
3.53 , 7.46061 , 0.00293417
3.54 , 7.43692 , 0.00293045
3.55 , 7.24342 , 0.0029072
3.56 , 6.88327 , 0.00287289
3.57 , 6.36182 , 0.00283978
3.58 , 5.68671 , 0.00281967
3.59 , 4.86791 , 0.00281971
3.6 , 3.91796 , 0.00283991
3.61 , 2.85201 , 0.00287317
3.62 , 1.68799 , 0.00290771
3.63 , 0.446438 , 0.00293126
3.64 , -0.849599 , 0.00293531
3.65 , -2.17502 , 0.00291811
3.66 , -3.50327 , 0.00288525
3.67 , -4.80706 , 0.00284778
3.68 , -6.05942 , 0.00281837
3.69 , -7.23468 , 0.00280696
3.7 , -8.30967 , 0.00281732
3.71 , -9.26475 , 0.00284585
3.72 , -10.0849 , 0.00288285
3.73 , -10.7605 , 0.00291591
3.74 , -11.2877 , 0.00293423
3.75 , -11.6691 , 0.00293228
3.76 , -11.9132 , 0.00291167
3.77 , -12.0341 , 0.00288043
3.78 , -12.0506 , 0.00285015
3.79 , -11.9851 , 0.00283186
3.8 , -11.8624 , 0.00283212
3.81 , -11.7076 , 0.0028508
3.82 , -11.5453 , 0.0028811
3.83 , -11.3977 , 0.00291205
3.84 , -11.2832 , 0.00293234
3.85 , -11.2155 , 0.00293432
3.86 , -11.2034 , 0.00291674
3.87 , -11.2497 , 0.00288518
3.88 , -11.3519 , 0.00285013
3.89 , -11.5031 , 0.00282337
3.9 , -11.692 , 0.00281392
3.91 , -11.905 , 0.0028249
3.92 , -12.1273 , 0.00285251
3.93 , -12.3442 , 0.0028874
3.94 , -12.5425 , 0.00291789
3.95 , -12.7116 , 0.00293404
3.96 , -12.8445 , 0.00293102
3.97 , -12.9377 , 0.00291069
3.98 , -12.9919 , 0.00288086
3.99 , -13.0104 , 0.00285245
4 , -12.9992 , 0.00283564
4.01 , -12.9649 , 0.00283628
4.02 , -12.9134 , 0.00285388
4.03 , -12.8479 , 0.00288185
4.04 , -12.7675 , 0.00290989
4.05 , -12.6657 , 0.00292764
4.06 , -12.5287 , 0.00292838
4.07 , -12.3354 , 0.00291144
4.08 , -12.0572 , 0.00288243
4.09 , -11.6582 , 0.00285132
4.1 , -11.0969 , 0.00282894
4.11 , -10.3282 , 0.00282322
4.12 , -9.30533 , 0.0028364
4.13 , -7.98363 , 0.00286424
4.14 , -6.32308 , 0.00289749
4.15 , -4.29183 , 0.00292509
4.16 , -1.86927 , 0.00293797
4.17 , 0.951317 , 0.00293217
4.18 , 4.1606 , 0.00291014
4.19 , 7.73184 , 0.00287984
4.2 , 11.6204 , 0.0028519
4.21 , 15.7643 , 0.00283595
4.22 , 20.0854 , 0.00283722
4.23 , 24.4923 , 0.00285485
4.24 , 28.8829 , 0.0028822
4.25 , 33.1488 , 0.00290927
4.26 , 37.1795 , 0.00292627
4.27 , 40.8668 , 0.00292708
4.28 , 44.1096 , 0.00291141
4.29 , 46.8178 , 0.00288488
4.3 , 48.9167 , 0.00285705
4.31 , 50.3497 , 0.00283807
4.32 , 51.0803 , 0.00283505
4.33 , 51.094 , 0.00284959
4.34 , 50.3981 , 0.0028771
4.35 , 49.0208 , 0.00290844
4.36 , 47.01 , 0.00293298
4.37 , 44.4306 , 0.00294228
4.38 , 41.3611 , 0.00293299
4.39 , 37.8903 , 0.00290799
4.4 , 34.1133 , 0.00287538
4.41 , 30.1276 , 0.00284571
4.42 , 26.0293 , 0.00282837
4.43 , 21.9101 , 0.00282846
4.44 , 17.8539 , 0.00284512
4.45 , 13.9344 , 0.002872
4.46 , 10.2143 , 0.00289955
4.47 , 6.74338 , 0.00291841
4.48 , 3.55865 , 0.00292268
4.49 , 0.684616 , 0.00291186
4.5 , -1.86604 , 0.00289094
4.51 , -4.0912 , 0.00286848
4.52 , -5.99789 , 0.00285351
4.53 , -7.60059 , 0.00285223
4.54 , -8.91964 , 0.00286579
4.55 , -9.97953 , 0.00288987
4.56 , -10.8075 , 0.00291619
4.57 , -11.432 , 0.00293546
4.58 , -11.8819 , 0.00294071
4.59 , -12.1855 , 0.00292975
4.6 , -12.3696 , 0.002906
4.61 , -12.4592 , 0.00287736
4.62 , -12.4773 , 0.00285342
4.63 , -12.444 , 0.00284221
4.64 , -12.3773 , 0.00284731
4.65 , -12.2918 , 0.0028667
4.66 , -12.1994 , 0.0028934
4.67 , -12.1087 , 0.00291797
4.68 , -12.0248 , 0.00293176
4.69 , -11.9497 , 0.00292993
4.7 , -11.8814 , 0.00291311
4.71 , -11.8145 , 0.00288714
4.72 , -11.7402 , 0.00286101
4.73 , -11.6466 , 0.00284371
4.74 , -11.5187 , 0.00284104
4.75 , -11.3397 , 0.00285367
4.76 , -11.0913 , 0.00287687
4.77 , -10.7546 , 0.00290228
4.78 , -10.3116 , 0.00292083
4.79 , -9.74591 , 0.002926
4.8 , -9.04382 , 0.00291609
4.81 , -8.19569 , 0.00289487
4.82 , -7.19666 , 0.00287023
4.83 , -6.04749 , 0.00285136
4.84 , -4.755 , 0.00284555
4.85 , -3.33236 , 0.00285553
4.86 , -1.79895 , 0.00287847
4.87 , -0.18001 , 0.00290689
4.88 , 1.49411 , 0.00293125
4.89 , 3.18889 , 0.00294323
4.9 , 4.86683 , 0.00293865
4.91 , 6.48884 , 0.00291894
4.92 , 8.01563 , 0.00289069
4.93 , 9.4092 , 0.00286339
4.94 , 10.6342 , 0.0028462
4.95 , 11.6593 , 0.0028448
4.96 , 12.458 , 0.00285947
4.97 , 13.0098 , 0.00288498
4.98 , 13.3008 , 0.00291245
4.99 , 13.3234 , 0.00293238
5 , 13.0773 , 0.00293796
5.01 , 12.5684 , 0.00292734
5.02 , 11.809 , 0.00290427
5.03 , 10.8169 , 0.00287674
5.04 , 9.61437 , 0.00285416
5.05 , 8.22785 , 0.00284415
5.06 , 6.68655 , 0.00284986
5.07 , 5.0217 , 0.00286897
5.08 , 3.26555 , 0.00289455
5.09 , 1.45052 , 0.00291754
5.1 , -0.391631 , 0.00292989
5.11 , -2.23056 , 0.00292745
5.12 , -4.03798 , 0.00291134
5.13 , -5.78822 , 0.00288756
5.14 , -7.45871 , 0.00286484
5.15 , -9.03031 , 0.00285156
5.16 , -10.4876 , 0.00285279
5.17 , -11.819 , 0.00286848
5.18 , -13.0169 , 0.00289347
5.19 , -14.0775 , 0.00291928
5.2 , -15.0006 , 0.00293703
5.21 , -15.7894 , 0.00294058
5.22 , -16.4498 , 0.00292862
5.23 , -16.9901 , 0.00290518
5.24 , -17.4199 , 0.0028782
5.25 , -17.7498 , 0.00285685
5.26 , -17.9899 , 0.00284832
5.27 , -18.1496 , 0.00285538
5.28 , -18.2362 , 0.00287546
5.29 , -18.2541 , 0.00290154
5.3 , -18.2047 , 0.00292461
5.31 , -18.0851 , 0.00293677
5.32 , -17.8884 , 0.00293394
5.33 , -17.6039 , 0.00291722
5.34 , -17.2168 , 0.00289243
5.35 , -16.7092 , 0.00286809
5.36 , -16.0614 , 0.00285238
5.37 , -15.2522 , 0.0028504
5.38 , -14.2614 , 0.00286239
5.39 , -13.0705 , 0.00288381
5.4 , -11.6647 , 0.00290695
5.41 , -10.0345 , 0.00292371
5.42 , -8.17704 , 0.00292848
5.43 , -6.09725 , 0.00292008
5.44 , -3.80887 , 0.0029021
5.45 , -1.33482 , 0.00288157
5.46 , 1.29277 , 0.00286645
5.47 , 4.03297 , 0.00286269
5.48 , 6.83706 , 0.00287211
5.49 , 9.64989 , 0.00289173
5.5 , 12.4116 , 0.00291477
5.51 , 15.06 , 0.00293307
5.52 , 17.5322 , 0.00293994
5.53 , 19.7681 , 0.00293263
5.54 , 21.7115 , 0.00291328
5.55 , 23.3134 , 0.00288828
5.56 , 24.5332 , 0.00286609
5.57 , 25.3408 , 0.00285426
5.58 , 25.7174 , 0.00285685
5.59 , 25.6562 , 0.00287295
5.6 , 25.1626 , 0.00289698
5.61 , 24.2537 , 0.00292062
5.62 , 22.9577 , 0.0029356
5.63 , 21.312 , 0.00293664
5.64 , 19.362 , 0.00292323
5.65 , 17.159 , 0.00289983
5.66 , 14.7584 , 0.00287437
5.67 , 12.217 , 0.0028555
5.68 , 9.59173 , 0.00284967
5.69 , 6.93718 , 0.00285891
5.7 , 4.30425 , 0.00288016
5.71 , 1.73873 , 0.00290635
5.72 , -0.719631 , 0.00292881
5.73 , -3.03784 , 0.00294025
5.74 , -5.1899 , 0.00293723
5.75 , -7.15679 , 0.00292124
5.76 , -8.92614 , 0.00289816
5.77 , -10.4916 , 0.00287613
5.78 , -11.8523 , 0.00286273
5.79 , -13.0117 , 0.00286238
5.8 , -13.9768 , 0.00287487
5.81 , -14.7573 , 0.00289549
5.82 , -15.3648 , 0.00291679
5.83 , -15.8116 , 0.00293117
5.84 , -16.1104 , 0.00293359
5.85 , -16.2738 , 0.00292326
5.86 , -16.3136 , 0.0029039
5.87 , -16.2406 , 0.00288235
5.88 , -16.0648 , 0.00286614
5.89 , -15.7949 , 0.00286082
5.9 , -15.4387 , 0.00286804
5.91 , -15.0031 , 0.00288498
5.92 , -14.4943 , 0.00290542
5.93 , -13.9181 , 0.00292195
5.94 , -13.2803 , 0.00292864
5.95 , -12.5866 , 0.00292314
5.96 , -11.8433 , 0.0029075
5.97 , -11.0573 , 0.00288745
5.98 , -10.2364 , 0.00287039
5.99 , -9.38932 , 0.00286268
6 , -8.52616 , 0.00286746
6.01 , -7.65815 , 0.00288345
6.02 , -6.79774 , 0.0029054
6.03 , -5.95851 , 0.00292589
6.04 , -5.15494 , 0.00293795
6.05 , -4.40217 , 0.00293747
6.06 , -3.71559 , 0.00292466
6.07 , -3.11044 , 0.00290398
6.08 , -2.60127 , 0.00288256
6.09 , -2.20143 , 0.00286772
6.1 , -1.92249 , 0.00286442
6.11 , -1.77372 , 0.0028735
6.12 , -1.76159 , 0.00289142
6.13 , -1.88937 , 0.00291149
6.14 , -2.15685 , 0.00292627
6.15 , -2.56018 , 0.00293017
6.16 , -3.09186 , 0.00292146
6.17 , -3.74094 , 0.00290291
6.18 , -4.49331 , 0.00288085
6.19 , -5.33216 , 0.00286297
6.2 , -6.23861 , 0.00285567
6.21 , -7.19228 , 0.00286177
6.22 , -8.17204 , 0.00287956
6.23 , -9.15662 , 0.00290328
6.24 , -10.1252 , 0.00292518
6.25 , -11.058 , 0.00293811
6.26 , -11.9364 , 0.00293802
6.27 , -12.7431 , 0.00292532
6.28 , -13.4623 , 0.00290473
6.29 , -14.0792 , 0.00288363
6.3 , -14.5798 , 0.00286946
6.31 , -14.9502 , 0.0028672
6.32 , -15.1761 , 0.00287756
6.33 , -15.2426 , 0.00289684
6.34 , -15.1331 , 0.00291813
6.35 , -14.8296 , 0.00293381
6.36 , -14.3122 , 0.00293813
6.37 , -13.5598 , 0.00292926
6.38 , -12.5501 , 0.00290992
6.39 , -11.261 , 0.0028864
6.4 , -9.6715 , 0.00286646
6.41 , -7.76315 , 0.00285661
6.42 , -5.52194 , 0.00285991
6.43 , -2.93994 , 0.00287496
6.44 , -0.0170904 , 0.00289643
6.45 , 3.2371 , 0.00291693
6.46 , 6.80223 , 0.00292961
6.47 , 10.646 , 0.00293049
6.48 , 14.7236 , 0.00291983
6.49 , 18.9781 , 0.00290193
6.5 , 23.3408 , 0.00288357
6.51 , 27.733 , 0.00287161
6.52 , 32.0675 , 0.0028705
6.53 , 36.2519 , 0.00288075
6.54 , 40.1909 , 0.00289876
6.55 , 43.7903 , 0.00291811
6.56 , 46.9602 , 0.00293183
6.57 , 49.6187 , 0.00293492
6.58 , 51.695 , 0.00292612
6.59 , 53.1328 , 0.00290839
6.6 , 53.8921 , 0.00288787
6.61 , 53.9516 , 0.00287175
6.62 , 53.3093 , 0.00286574
6.63 , 51.9824 , 0.00287205
6.64 , 50.0071 , 0.00288858
6.65 , 47.4367 , 0.00290964
6.66 , 44.3395 , 0.00292792
6.67 , 40.7958 , 0.00293703
6.68 , 36.8948 , 0.00293373
6.69 , 32.7308 , 0.00291908
6.7 , 28.3999 , 0.00289811
6.71 , 23.9961 , 0.00287804
6.72 , 19.6086 , 0.00286582
6.73 , 15.3183 , 0.0028657
6.74 , 11.1962 , 0.00287776
6.75 , 7.30153 , 0.00289785
6.76 , 3.68071 , 0.00291908
6.77 , 0.367405 , 0.00293413
6.78 , -2.61731 , 0.00293783
6.79 , -5.26396 , 0.00292892
6.8 , -7.57327 , 0.00291047
6.81 , -9.55454 , 0.0028888
6.82 , -11.2238 , 0.00287124
6.83 , -12.6017 , 0.00286364
6.84 , -13.7121 , 0.00286829
6.85 , -14.5801 , 0.00288319
6.86 , -15.2309 , 0.00290274
6.87 , -15.6884 , 0.00291975
6.88 , -15.975 , 0.00292798
6.89 , -16.1113 , 0.00292434
6.9 , -16.1154 , 0.00291001
6.91 , -16.0038 , 0.00289001
6.92 , -15.7918 , 0.00287151
6.93 , -15.4934 , 0.00286131
6.94 , -15.1224 , 0.00286344
6.95 , -14.6929 , 0.00287776
6.96 , -14.2192 , 0.00289994
6.97 , -13.7165 , 0.0029229
6.98 , -13.2004 , 0.00293925
6.99 , -12.6874 , 0.00294377
7 , -12.1939 , 0.00293517
7.01 , -11.7361 , 0.00291654
7.02 , -11.3291 , 0.00289423
7.03 , -10.9866 , 0.00287565
7.04 , -10.7203 , 0.00286677
7.05 , -10.539 , 0.00287007
7.06 , -10.4484 , 0.00288374
7.07 , -10.4511 , 0.00290241
7.08 , -10.5462 , 0.00291905
7.09 , -10.7293 , 0.00292745
7.1 , -10.9931 , 0.00292443
7.11 , -11.3277 , 0.0029109
7.12 , -11.7209 , 0.00289156
7.13 , -12.1589 , 0.00287322
7.14 , -12.627 , 0.00286244
7.15 , -13.1097 , 0.00286319
7.16 , -13.5912 , 0.00287548
7.17 , -14.0563 , 0.00289536
7.18 , -14.4895 , 0.00291624
7.19 , -14.8762 , 0.0029312
7.2 , -15.2018 , 0.00293537
7.21 , -15.4519 , 0.00292756
7.22 , -15.6122 , 0.0029107
7.23 , -15.6683 , 0.00289075
7.24 , -15.6057 , 0.00287463
7.25 , -15.4096 , 0.00286785
7.26 , -15.0654 , 0.00287259
7.27 , -14.5589 , 0.00288701
7.28 , -13.8769 , 0.00290592
7.29 , -13.0078 , 0.00292259
7.3 , -11.9425 , 0.00293119
7.31 , -10.6754 , 0.0029287
7.32 , -9.20532 , 0.00291605
7.33 , -7.53622 , 0.00289767
7.34 , -5.67829 , 0.00287997
7.35 , -3.64837 , 0.00286908
7.36 , -1.4703 , 0.00286868
7.37 , 0.82506 , 0.00287881
7.38 , 3.20017 , 0.0028958
7.39 , 5.61155 , 0.00291369
7.4 , 8.01082 , 0.00292624
7.41 , 10.3462 , 0.00292917
7.42 , 12.5639 , 0.00292162
7.43 , 14.6105 , 0.0029064
7.44 , 16.4345 , 0.00288896
7.45 , 17.9883 , 0.00287543
7.46 , 19.2303 , 0.00287047
7.47 , 20.1267 , 0.00287556
7.48 , 20.6523 , 0.0028886
7.49 , 20.7921 , 0.00290459
7.5 , 20.5417 , 0.0029175
7.51 , 19.9077 , 0.00292242
7.52 , 18.9068 , 0.00291734
7.53 , 17.566 , 0.00290389
7.54 , 15.9208 , 0.0028868
7.55 , 14.0144 , 0.00287221
7.56 , 11.8956 , 0.00286553
7.57 , 9.61726 , 0.00286949
7.58 , 7.23473 , 0.00288311
7.59 , 4.80366 , 0.00290204
7.6 , 2.3786 , 0.00292003
7.61 , 0.0114008 , 0.00293109
7.62 , -2.25001 , 0.00293157
7.63 , -4.36267 , 0.00292145
7.64 , -6.28931 , 0.00290437
7.65 , -7.99885 , 0.00288631
7.66 , -9.46665 , 0.00287356
7.67 , -10.6745 , 0.0028705
7.68 , -11.6106 , 0.00287805
7.69 , -12.2691 , 0.00289337
7.7 , -12.65 , 0.00291084
7.71 , -12.7584 , 0.00292405
7.72 , -12.6046 , 0.00292804
7.73 , -12.2031 , 0.00292109
7.74 , -11.5726 , 0.00290537
7.75 , -10.7358 , 0.00288617
7.76 , -9.71844 , 0.00287013
7.77 , -8.5494 , 0.0028629
7.78 , -7.26017 , 0.00286716
7.79 , -5.88442 , 0.00288166
7.8 , -4.45742 , 0.00290159
7.81 , -3.01553 , 0.00292023
7.82 , -1.59542 , 0.00293124
7.83 , -0.233386 , 0.00293084
7.84 , 1.03559 , 0.00291912
7.85 , 2.17868 , 0.00290003
7.86 , 3.16615 , 0.00288001
7.87 , 3.97228 , 0.00286582
7.88 , 4.57615 , 0.0028622
7.89 , 4.96242 , 0.00287025
7.9 , 5.1219 , 0.0028871
7.91 , 5.05188 , 0.00290685
7.92 , 4.75642 , 0.00292267
7.93 , 4.24619 , 0.00292911
7.94 , 3.53825 , 0.00292397
7.95 , 2.65546 , 0.00290906
7.96 , 1.62584 , 0.00288953
7.97 , 0.481587 , 0.00287208
7.98 , -0.741958 , 0.00286267
7.99 , -2.00744 , 0.00286444
8 , -3.27668 , 0.00287667
8.01 , -4.51188 , 0.00289504
8.02 , -5.67673 , 0.00291317
8.03 , -6.73746 , 0.0029248
8.04 , -7.66378 , 0.00292598
8.05 , -8.42959 , 0.00291637
8.06 , -9.01365 , 0.00289936
8.07 , -9.39995 , 0.00288084
8.08 , -9.57802 , 0.0028671
8.09 , -9.54301 , 0.00286271
8.1 , -9.29565 , 0.00286892
8.11 , -8.84209 , 0.00288328
8.12 , -8.19364 , 0.00290055
8.13 , -7.36639 , 0.00291459
8.14 , -6.38077 , 0.0029205
8.15 , -5.26105 , 0.00291637
8.16 , -4.03481 , 0.00290394
8.17 , -2.73228 , 0.00288791
8.18 , -1.38577 , 0.0028743
8.19 , -0.0288777 , 0.00286826
8.2 , 1.30417 , 0.00287224
8.21 , 2.57934 , 0.00288509
8.22 , 3.76361 , 0.00290242
8.23 , 4.82577 , 0.00291813
8.24 , 5.7373 , 0.00292656
8.25 , 6.4732 , 0.00292446
8.26 , 7.01272 , 0.00291219
8.27 , 7.34014 , 0.0028936
8.28 , 7.44531 , 0.00287477
8.29 , 7.32417 , 0.00286188
8.3 , 6.97899 , 0.00285913
8.31 , 6.41848 , 0.00286728
8.32 , 5.65767 , 0.00288339
8.33 , 4.71756 , 0.00290187
8.34 , 3.62454 , 0.00291639
8.35 , 2.40957 , 0.00292211
8.36 , 1.10729 , 0.00291731
8.37 , -0.245231 , 0.002904
8.38 , -1.60963 , 0.00288715
8.39 , -2.94759 , 0.00287298
8.4 , -4.22216 , 0.0028667
8.41 , -5.39896 , 0.00287072
8.42 , -6.44734 , 0.00288375
8.43 , -7.34135 , 0.00290124
8.44 , -8.06056 , 0.00291694
8.45 , -8.59057 , 0.00292513
8.46 , -8.92338 , 0.00292254
8.47 , -9.05744 , 0.00290964
8.48 , -8.99752 , 0.00289042
8.49 , -8.7543 , 0.00287113
8.5 , -8.34381 , 0.00285814
8.51 , -7.78673 , 0.00285575
8.52 , -7.10754 , 0.00286475
8.53 , -6.33361 , 0.00288213
8.54 , -5.49424 , 0.00290211
8.55 , -4.61977 , 0.00291809
8.56 , -3.7406 , 0.00292488
8.57 , -2.88636 , 0.00292045
8.58 , -2.08512 , 0.00290657
8.59 , -1.36265 , 0.00288815
8.6 , -0.741785 , 0.00287154
8.61 , -0.241835 , 0.00286231
8.62 , 0.121904 , 0.0028634
8.63 , 0.338605 , 0.00287411
8.64 , 0.402294 , 0.0028904
8.65 , 0.312171 , 0.00290639
8.66 , 0.0728727 , 0.00291635
8.67 , -0.305346 , 0.00291675
8.68 , -0.806526 , 0.00290745
8.69 , -1.40904 , 0.00289172
8.7 , -2.08575 , 0.00287507
8.71 , -2.80437 , 0.00286335
8.72 , -3.52799 , 0.00286065
8.73 , -4.21579 , 0.00286797
8.74 , -4.82405 , 0.00288282
8.75 , -5.30729 , 0.00290014
8.76 , -5.61964 , 0.00291406
8.77 , -5.7164 , 0.00291991
8.78 , -5.55573 , 0.00291587
8.79 , -5.10033 , 0.00290351
8.8 , -4.31926 , 0.00288723
8.81 , -3.1895 , 0.00287271
8.82 , -1.6975 , 0.0028649
8.83 , 0.15958 , 0.00286632
8.84 , 2.37302 , 0.0028762
8.85 , 4.92198 , 0.0028908
8.86 , 7.77344 , 0.00290474
8.87 , 10.8826 , 0.00291293
8.88 , 14.194 , 0.00291231
8.89 , 17.6423 , 0.00290298
8.9 , 21.155 , 0.00288811
8.91 , 24.6537 , 0.00287283
8.92 , 28.0575 , 0.00286241
8.93 , 31.2846 , 0.00286043
8.94 , 34.2561 , 0.00286752
8.95 , 36.898 , 0.00288115
8.96 , 39.1437 , 0.00289652
8.97 , 40.9369 , 0.00290826
8.98 , 42.2324 , 0.0029123
8.99 , 42.9986 , 0.00290729
9 , 43.2174 , 0.00289505
9.01 , 42.8852 , 0.00287994
9.02 , 42.0123 , 0.0028673
9.03 , 40.6222 , 0.0028616
9.04 , 38.7505 , 0.00286485
9.05 , 36.443 , 0.00287593
9.06 , 33.7541 , 0.00289095
9.07 , 30.744 , 0.00290467
9.08 , 27.4771 , 0.00291227
9.09 , 24.0195 , 0.00291108
9.1 , 20.4364 , 0.00290148
9.11 , 16.7907 , 0.00288676
9.12 , 13.1409 , 0.00287196
9.13 , 9.53986 , 0.00286208
9.14 , 6.03388 , 0.0028604
9.15 , 2.66179 , 0.00286725
9.16 , -0.545162 , 0.00288002
9.17 , -3.56328 , 0.00289399
9.18 , -6.37608 , 0.0029041
9.19 , -8.97372 , 0.00290666
9.2 , -11.3522 , 0.00290072
9.21 , -13.5124 , 0.00288836
9.22 , -15.4593 , 0.002874
9.23 , -17.2008 , 0.00286281
9.24 , -18.747 , 0.00285896
9.25 , -20.1092 , 0.00286406
9.26 , -21.2996 , 0.00287665
9.27 , -22.3299 , 0.0028926
9.28 , -23.2117 , 0.00290661
9.29 , -23.9557 , 0.00291396
9.3 , -24.5714 , 0.00291215
9.31 , -25.0672 , 0.00290178
9.32 , -25.4501 , 0.00288632
9.33 , -25.7255 , 0.00287091
9.34 , -25.8978 , 0.0028606
9.35 , -25.9694 , 0.00285863
9.36 , -25.9416 , 0.00286535
9.37 , -25.814 , 0.00287812
9.38 , -25.5849 , 0.00289225
9.39 , -25.2511 , 0.0029027
9.4 , -24.8082 , 0.00290576
9.41 , -24.2506 , 0.00290036
9.42 , -23.5719 , 0.00288844
9.43 , -22.7652 , 0.00287418
9.44 , -21.8235 , 0.00286259
9.45 , -20.7404 , 0.0028577
9.46 , -19.5104 , 0.00286121
9.47 , -18.1301 , 0.00287188
9.48 , -16.5981 , 0.002886
9.49 , -14.9166 , 0.00289867
9.5 , -13.0913 , 0.00290556
9.51 , -11.1324 , 0.00290436
9.52 , -9.05485 , 0.00289558
9.53 , -6.87833 , 0.00288237
9.54 , -4.62756 , 0.00286936
9.55 , -2.33191 , 0.00286106
9.56 , -0.0249154 , 0.00286027
9.57 , 2.25648 , 0.00286715
9.58 , 4.47287 , 0.00287915
9.59 , 6.58356 , 0.00289198
9.6 , 8.54786 , 0.00290107
9.61 , 10.3265 , 0.00290322
9.62 , 11.8829 , 0.00289765
9.63 , 13.1847 , 0.0028863
9.64 , 14.2052 , 0.00287309
9.65 , 14.9239 , 0.00286253
9.66 , 15.3276 , 0.00285815
9.67 , 15.4112 , 0.00286127
9.68 , 15.1776 , 0.00287059
9.69 , 14.6378 , 0.00288267
9.7 , 13.8102 , 0.0028932
9.71 , 12.7205 , 0.00289851
9.72 , 11.3999 , 0.0028969
9.73 , 9.88477 , 0.0028892
9.74 , 8.21457 , 0.00287842
9.75 , 6.43081 , 0.00286866
9.76 , 4.57544 , 0.00286357
9.77 , 2.68942 , 0.00286507
9.78 , 0.811458 , 0.00287257
9.79 , -1.02322 , 0.00288323
9.8 , -2.78379 , 0.00289294
9.81 , -4.4445 , 0.00289785
9.82 , -5.98519 , 0.00289575
9.83 , -7.3914 , 0.00288694
9.84 , -8.65436 , 0.00287417
9.85 , -9.77065 , 0.00286176
9.86 , -10.7417 , 0.00285403
9.87 , -11.5732 , 0.00285385
9.88 , -12.2742 , 0.00286153
9.89 , -12.8562 , 0.00287469
9.9 , -13.3327 , 0.00288902
9.91 , -13.7176 , 0.00289976
9.92 , -14.0251 , 0.00290332
9.93 , -14.2686 , 0.00289853
9.94 , -14.4601 , 0.00288706
9.95 , -14.6095 , 0.00287288
9.96 , -14.7248 , 0.00286086
9.97 , -14.8111 , 0.00285512
9.98 , -14.871 , 0.00285762
9.99 , -14.9041 , 0.00286742
10 , -14.9077 , 0.00288105
10.01 , -14.8763 , 0.00289367
10.02 , -14.8023 , 0.00290077
10.03 , -14.6763 , 0.00289969
10.04 , -14.4872 , 0.00289058
10.05 , -14.2233 , 0.00287634
10.06 , -13.872 , 0.00286167
10.07 , -13.4211 , 0.0028514
10.08 , -12.859 , 0.00284889
10.09 , -12.1755 , 0.00285486
10.1 , -11.3625 , 0.00286713
10.11 , -10.4144 , 0.00288142
10.12 , -9.32881 , 0.00289278
10.13 , -8.10726 , 0.00289731
10.14 , -6.75534 , 0.00289348
10.15 , -5.28322 , 0.00288261
10.16 , -3.70576 , 0.00286845
10.17 , -2.04252 , 0.00285584
10.18 , -0.317525 , 0.00284905
10.19 , 1.44109 , 0.00285033
10.2 , 3.20173 , 0.00285919
10.21 , 4.93021 , 0.00287256
10.22 , 6.59071 , 0.00288591
10.23 , 8.147 , 0.00289481
10.24 , 9.5637 , 0.00289645
10.25 , 10.8077 , 0.00289055
10.26 , 11.8493 , 0.00287942
10.27 , 12.6639 , 0.0028671
10.28 , 13.2328 , 0.00285791
10.29 , 13.5441 , 0.00285495
10.3 , 13.5938 , 0.00285904
10.31 , 13.3857 , 0.00286846
10.32 , 12.9319 , 0.00287965
10.33 , 12.2521 , 0.00288847
10.34 , 11.3732 , 0.0028917
10.35 , 10.3282 , 0.00288818
10.36 , 9.15472 , 0.0028792
10.37 , 7.89389 , 0.002868
10.38 , 6.58827 , 0.00285864
10.39 , 5.28023 , 0.00285447
10.4 , 4.01017 , 0.00285698
10.41 , 2.81481 , 0.00286526
10.42 , 1.72573 , 0.00287629
10.43 , 0.768136 , 0.0028861
10.44 , -0.0400157 , 0.00289113
10.45 , -0.688548 , 0.00288954
10.46 , -1.17517 , 0.00288187
10.47 , -1.50516 , 0.00287087
10.48 , -1.69071 , 0.0028605
10.49 , -1.74986 , 0.0028545
10.5 , -1.70517 , 0.00285508
10.51 , -1.5822 , 0.00286202
10.52 , -1.40777 , 0.00287282
10.53 , -1.20834 , 0.00288346
10.54 , -1.00826 , 0.0028899
10.55 , -0.828344 , 0.00288947
10.56 , -0.684558 , 0.00288191
10.57 , -0.587052 , 0.00286948
10.58 , -0.539538 , 0.00285622
10.59 , -0.539046 , 0.00284662
10.6 , -0.576065 , 0.00284399
10.61 , -0.63506 , 0.00284935
10.62 , -0.69534 , 0.00286103
10.63 , -0.732218 , 0.00287517
10.64 , -0.718392 , 0.00288711
10.65 , -0.625499 , 0.0028929
10.66 , -0.42572 , 0.00289069
10.67 , -0.0933948 , 0.00288139
10.68 , 0.393472 , 0.00286831
10.69 , 1.05186 , 0.00285603
10.7 , 1.89262 , 0.00284884
10.71 , 2.91962 , 0.00284919
10.72 , 4.12926 , 0.00285691
10.73 , 5.51026 , 0.00286921
10.74 , 7.04381 , 0.0028817
10.75 , 8.70407 , 0.00288987
10.76 , 10.459 , 0.00289072
10.77 , 12.2711 , 0.00288378
10.78 , 14.0993 , 0.00287132
10.79 , 15.8997 , 0.00285754
10.8 , 17.6274 , 0.00284716
10.81 , 19.2379 , 0.00284376
10.82 , 20.6889 , 0.00284855
10.83 , 21.9414 , 0.00285992
10.84 , 22.9611 , 0.002874
10.85 , 23.7196 , 0.00288598
10.86 , 24.195 , 0.00289177
10.87 , 24.3732 , 0.00288938
10.88 , 24.2474 , 0.00287965
10.89 , 23.8191 , 0.00286592
10.9 , 23.0973 , 0.00285291
10.91 , 22.0985 , 0.00284505
10.92 , 20.8458 , 0.00284503
10.93 , 19.3683 , 0.00285281
10.94 , 17.6999 , 0.00286567
10.95 , 15.878 , 0.00287915
10.96 , 13.9426 , 0.0028886
10.97 , 11.9346 , 0.00289076
10.98 , 9.89488 , 0.00288488
10.99 , 7.86247 , 0.00287295
11 , 5.87387 , 0.00285904
11.01 , 3.96177 , 0.00284783
11.02 , 2.15422 , 0.00284305
11.03 , 0.473983 , 0.00284619
11.04 , -1.0619 , 0.00285598
11.05 , -2.44227 , 0.00286892
11.06 , -3.66178 , 0.00288046
11.07 , -4.72055 , 0.00288658
11.08 , -5.62365 , 0.00288521
11.09 , -6.3803 , 0.00287689
11.1 , -7.00298 , 0.00286455
11.11 , -7.50643 , 0.0028525
11.12 , -7.90653 , 0.00284487
11.13 , -8.21928 , 0.00284419
11.14 , -8.45971 , 0.00285054
11.15 , -8.64104 , 0.00286154
11.16 , -8.77388 , 0.00287319
11.17 , -8.86574 , 0.00288132
11.18 , -8.92066 , 0.00288305
11.19 , -8.93918 , 0.00287776
11.2 , -8.91855 , 0.00286732
11.21 , -8.85308 , 0.00285543
11.22 , -8.73486 , 0.00284626
11.23 , -8.5545 , 0.00284301
11.24 , -8.30212 , 0.00284679
11.25 , -7.9683 , 0.0028562
11.26 , -7.54514 , 0.00286789
11.27 , -7.02714 , 0.00287772
11.28 , -6.41207 , 0.00288221
11.29 , -5.70165 , 0.00287981
11.3 , -4.90193 , 0.00287141
11.31 , -4.02352 , 0.00286006
11.32 , -3.08153 , 0.00284982
11.33 , -2.09524 , 0.00284438
11.34 , -1.08748 , 0.00284573
11.35 , -0.0838631 , 0.00285341
11.36 , 0.888219 , 0.0028647
11.37 , 1.80071 , 0.00287558
11.38 , 2.62606 , 0.00288211
11.39 , 3.33844 , 0.00288187
11.4 , 3.91487 , 0.00287482
11.41 , 4.33619 , 0.00286334
11.42 , 4.58799 , 0.00285142
11.43 , 4.66113 , 0.00284328
11.44 , 4.55221 , 0.00284183
11.45 , 4.26363 , 0.00284772
11.46 , 3.80348 , 0.00285898
11.47 , 3.18511 , 0.00287175
11.48 , 2.42648 , 0.00288155
11.49 , 1.54941 , 0.00288487
11.5 , 0.578507 , 0.00288039
11.51 , -0.459828 , 0.00286947
11.52 , -1.53853 , 0.0028557
11.53 , -2.63096 , 0.00284372
11.54 , -3.71189 , 0.0028376
11.55 , -4.75841 , 0.00283948
11.56 , -5.75068 , 0.00284877
11.57 , -6.67241 , 0.0028624
11.58 , -7.51124 , 0.00287579
11.59 , -8.25883 , 0.00288443
11.6 , -8.91078 , 0.0028854
11.61 , -9.46632 , 0.00287838
11.62 , -9.92786 , 0.00286571
11.63 , -10.3004 , 0.00285166
11.64 , -10.5908 , 0.0028409
11.65 , -10.8072 , 0.00283701
11.66 , -10.9579 , 0.00284121
11.67 , -11.0512 , 0.00285199
11.68 , -11.0942 , 0.00286567
11.69 , -11.0928 , 0.00287761
11.7 , -11.0509 , 0.00288385
11.71 , -10.9703 , 0.00288236
11.72 , -10.8507 , 0.00287374
11.73 , -10.69 , 0.00286093
11.74 , -10.4841 , 0.00284824
11.75 , -10.2278 , 0.00283977
11.76 , -9.91492 , 0.00283813
11.77 , -9.53937 , 0.00284354
11.78 , -9.09545 , 0.00285384
11.79 , -8.5787 , 0.00286531
11.8 , -7.98656 , 0.00287397
11.81 , -7.31892 , 0.00287695
11.82 , -6.57861 , 0.00287348
11.83 , -5.77175 , 0.00286503
11.84 , -4.90795 , 0.00285477
11.85 , -4.00025 , 0.00284638
11.86 , -3.06499 , 0.00284275
11.87 , -2.12141 , 0.00284498
11.88 , -1.19111 , 0.00285204
11.89 , -0.29732 , 0.00286118
11.9 , 0.535863 , 0.002869
11.91 , 1.28443 , 0.00287266
11.92 , 1.92538 , 0.00287091
11.93 , 2.43766 , 0.00286451
11.94 , 2.80308 , 0.00285593
11.95 , 3.00704 , 0.00284845
11.96 , 3.03922 , 0.00284487
11.97 , 2.89402 , 0.00284659
11.98 , 2.57086 , 0.00285298
11.99 , 2.07418 , 0.0028617
12 , 1.41332 , 0.00286951
12.01 , 0.602105 , 0.00287347
12.02 , -0.34171 , 0.00287203
12.03 , -1.39716 , 0.00286565
12.04 , -2.54093 , 0.00285663
12.05 , -3.74825 , 0.00284831
12.06 , -4.99382 , 0.00284388
12.07 , -6.25271 , 0.00284516
12.08 , -7.5012 , 0.00285193
12.09 , -8.7174 , 0.00286192
12.1 , -9.88182 , 0.00287157
12.11 , -10.9777 , 0.00287727
12.12 , -11.991 , 0.00287666
12.13 , -12.9106 , 0.00286951
12.14 , -13.7279 , 0.00285787
12.15 , -14.4364 , 0.00284543
12.16 , -15.0312 , 0.00283629
12.17 , -15.5086 , 0.00283352
12.18 , -15.8652 , 0.00283813
12.19 , -16.0978 , 0.00284861
12.2 , -16.2025 , 0.00286145
12.21 , -16.1746 , 0.00287228
12.22 , -16.0087 , 0.00287735
12.23 , -15.6983 , 0.00287483
12.24 , -15.2364 , 0.00286544
12.25 , -14.6158 , 0.00285226
12.26 , -13.8297 , 0.00283968
12.27 , -12.8725 , 0.00283195
12.28 , -11.7407 , 0.00283174
12.29 , -10.4336 , 0.00283922
12.3 , -8.95423 , 0.00285202
12.31 , -7.30988 , 0.00286597
12.32 , -5.51285 , 0.00287657
12.33 , -3.58065 , 0.00288045
12.34 , -1.5361 , 0.00287648
12.35 , 0.59291 , 0.00286617
12.36 , 2.77386 , 0.00285309
12.37 , 4.97043 , 0.00284169
12.38 , 7.14348 , 0.00283575
12.39 , 9.25228 , 0.00283713
12.4 , 11.2559 , 0.0028452
12.41 , 13.1146 , 0.00285706
12.42 , 14.7912 , 0.0028686
12.43 , 16.2528 , 0.00287591
12.44 , 17.4715 , 0.0028766
12.45 , 18.4257 , 0.0028706
12.46 , 19.1008 , 0.00286012
12.47 , 19.4895 , 0.00284887
12.48 , 19.5921 , 0.0028407
12.49 , 19.4162 , 0.00283833
12.5 , 18.9761 , 0.00284237
12.51 , 18.2921 , 0.00285118
12.52 , 17.3898 , 0.00286147
12.53 , 16.2982 , 0.00286951
12.54 , 15.0491 , 0.0028724
12.55 , 13.6757 , 0.00286913
12.56 , 12.2114 , 0.00286085
12.57 , 10.6885 , 0.00285051
12.58 , 9.13738 , 0.00284172
12.59 , 7.58613 , 0.00283753
12.6 , 6.05961 , 0.00283933
12.61 , 4.57947 , 0.00284639
12.62 , 3.1641 , 0.00285615
12.63 , 1.82885 , 0.00286511
12.64 , 0.586377 , 0.00287014
12.65 , -0.552837 , 0.00286955
12.66 , -1.57993 , 0.00286368
12.67 , -2.48709 , 0.00285478
12.68 , -3.26705 , 0.00284619
12.69 , -3.91264 , 0.00284111
12.7 , -4.41653 , 0.00284149
12.71 , -4.77111 , 0.00284728
12.72 , -4.9685 , 0.00285645
12.73 , -5.00085 , 0.00286574
12.74 , -4.86074 , 0.00287179
12.75 , -4.54166 , 0.00287233
12.76 , -4.03873 , 0.00286707
12.77 , -3.3493 , 0.00285773
12.78 , -2.47372 , 0.00284755
12.79 , -1.4159 , 0.00284005
12.8 , -0.183844 , 0.00283787
12.81 , 1.21 , 0.00284178
12.82 , 2.74855 , 0.0028504
12.83 , 4.41019 , 0.00286068
12.84 , 6.16902 , 0.00286895
12.85 , 7.99539 , 0.00287223
12.86 , 9.85662 , 0.00286927
12.87 , 11.7179 , 0.00286103
12.88 , 13.5435 , 0.00285033
12.89 , 15.2976 , 0.00284092
12.9 , 16.9457 , 0.00283611
12.91 , 18.456 , 0.00283763
12.92 , 19.7999 , 0.00284501
12.93 , 20.9535 , 0.00285571
12.94 , 21.8982 , 0.00286596
12.95 , 22.6213 , 0.00287216
12.96 , 23.1161 , 0.00287206
12.97 , 23.3821 , 0.00286562
12.98 , 23.4251 , 0.00285506
12.99 , 23.2563 , 0.00284405
13 , 22.8917 , 0.00283654
13.01 , 22.3516 , 0.00283527
13.02 , 21.6593 , 0.00284086
13.03 , 20.84 , 0.00285155
13.04 , 19.9202 , 0.00286372
13.05 , 18.9257 , 0.00287317
13.06 , 17.8815 , 0.00287655
13.07 , 16.8105 , 0.00287251
13.08 , 15.7326 , 0.00286222
13.09 , 14.6644 , 0.00284902
13.1 , 13.6189 , 0.00283729
13.11 , 12.605 , 0.00283098
13.12 , 11.6279 , 0.00283227
13.13 , 10.6894 , 0.00284081
13.14 , 9.78795 , 0.00285384
13.15 , 8.91941 , 0.00286705
13.16 , 8.07781 , 0.00287608
13.17 , 7.25586 , 0.00287794
13.18 , 6.44576 , 0.00287203
13.19 , 5.63984 , 0.00286033
13.2 , 4.83117 , 0.00284671
13.21 , 4.01409 , 0.00283568
13.22 , 3.18452 , 0.00283083
13.23 , 2.34029 , 0.00283367
13.24 , 1.48113 , 0.00284313
13.25 , 0.608686 , 0.00285596
13.26 , -0.273727 , 0.00286784
13.27 , -1.16142 , 0.00287483
13.28 , -2.04874 , 0.00287466
13.29 , -2.92954 , 0.00286752
13.3 , -3.79763 , 0.00285587
13.31 , -4.64731 , 0.00284361
13.32 , -5.47377 , 0.00283477
13.33 , -6.27348 , 0.00283211
13.34 , -7.04443 , 0.00283629
13.35 , -7.78635 , 0.00284566
13.36 , -8.5007 , 0.00285694
13.37 , -9.1906 , 0.00286631
13.38 , -9.86066 , 0.00287079
13.39 , -10.5167 , 0.00286916
13.4 , -11.1652 , 0.00286234
13.41 , -11.8133 , 0.00285295
13.42 , -12.4677 , 0.00284441
13.43 , -13.1348 , 0.00283966
13.44 , -13.8198 , 0.00284019
13.45 , -14.5266 , 0.00284558
13.46 , -15.2574 , 0.00285373
13.47 , -16.0124 , 0.00286163
13.48 , -16.7897 , 0.00286651
13.49 , -17.5851 , 0.00286681
13.5 , -18.3926 , 0.00286268
13.51 , -19.2039 , 0.00285588
13.52 , -20.0092 , 0.00284912
13.53 , -20.7969 , 0.002845
13.54 , -21.5545 , 0.00284508
13.55 , -22.2684 , 0.00284931
13.56 , -22.9244 , 0.00285605
13.57 , -23.5083 , 0.00286274
13.58 , -24.0056 , 0.00286681
13.59 , -24.4024 , 0.00286669
13.6 , -24.6853 , 0.00286237
13.61 , -24.8417 , 0.00285544
13.62 , -24.8601 , 0.00284852
13.63 , -24.7301 , 0.00284425
13.64 , -24.443 , 0.00284435
13.65 , -23.9916 , 0.0028489
13.66 , -23.3705 , 0.00285631
13.67 , -22.5766 , 0.00286381
13.68 , -21.609 , 0.00286849
13.69 , -20.4696 , 0.0028683
13.7 , -19.163 , 0.00286292
13.71 , -17.6971 , 0.00285387
13.72 , -16.0828 , 0.00284411
13.73 , -14.3346 , 0.00283701
13.74 , -12.4705 , 0.00283517
13.75 , -10.5116 , 0.00283951
13.76 , -8.48263 , 0.00284883
13.77 , -6.4109 , 0.00286022
13.78 , -4.32637 , 0.00286996
13.79 , -2.26086 , 0.00287479
13.8 , -0.247424 , 0.00287302
13.81 , 1.68043 , 0.00286515
13.82 , 3.48962 , 0.0028537
13.83 , 5.14842 , 0.00284243
13.84 , 6.62732 , 0.00283508
13.85 , 7.89997 , 0.0028341
13.86 , 8.94395 , 0.00283982
13.87 , 9.74151 , 0.00285036
13.88 , 10.2801 , 0.00286223
13.89 , 10.5529 , 0.00287155
13.9 , 10.5588 , 0.00287527
13.91 , 10.3027 , 0.00287226
13.92 , 9.79511 , 0.00286365
13.93 , 9.05212 , 0.00285241
13.94 , 8.09461 , 0.00284235
13.95 , 6.9478 , 0.00283682
13.96 , 5.64048 , 0.00283758
13.97 , 4.20424 , 0.00284428
13.98 , 2.67262 , 0.00285454
13.99 , 1.08031 , 0.00286485
14 , -0.537644 , 0.00287178
14.01 , -2.14659 , 0.00287312
14.02 , -3.71291 , 0.00286861
14.03 , -5.20464 , 0.00286
14.04 , -6.59196 , 0.00285039
14.05 , -7.84758 , 0.00284311
14.06 , -8.94713 , 0.00284059
14.07 , -9.86938 , 0.00284351
14.08 , -10.5965 , 0.00285063
14.09 , -11.1143 , 0.00285927
14.1 , -11.4121 , 0.00286629
14.11 , -11.4833 , 0.00286918
14.12 , -11.325 , 0.00286702
14.13 , -10.9383 , 0.00286071
14.14 , -10.3287 , 0.00285265
14.15 , -9.50508 , 0.00284588
14.16 , -8.4808 , 0.00284292
14.17 , -7.27277 , 0.0028449
14.18 , -5.90154 , 0.00285111
14.19 , -4.3909 , 0.0028593
14.2 , -2.76746 , 0.00286643
14.21 , -1.06014 , 0.00286984
14.22 , 0.700523 , 0.00286815
14.23 , 2.48303 , 0.00286182
14.24 , 4.25576 , 0.002853
14.25 , 5.98776 , 0.00284479
14.26 , 7.6496 , 0.00284012
14.27 , 9.21414 , 0.00284073
14.28 , 10.6573 , 0.00284651
14.29 , 11.9585 , 0.00285552
14.3 , 13.1015 , 0.00286465
14.31 , 14.0745 , 0.00287069
14.32 , 14.8701 , 0.00287149
14.33 , 15.4856 , 0.00286671
14.34 , 15.9228 , 0.00285797
14.35 , 16.1872 , 0.0028483
14.36 , 16.288 , 0.00284113
14.37 , 16.2372 , 0.00283905
14.38 , 16.0487 , 0.00284291
14.39 , 15.7384 , 0.00285151
14.4 , 15.3223 , 0.00286198
14.41 , 14.8171 , 0.00287079
14.42 , 14.2385 , 0.00287492
14.43 , 13.6017 , 0.00287296
14.44 , 12.9203 , 0.0028656
14.45 , 12.2069 , 0.00285541
14.46 , 11.4721 , 0.00284594
14.47 , 10.7253 , 0.00284051
14.48 , 9.97452 , 0.00284105
14.49 , 9.22668 , 0.00284742
14.5 , 8.4877 , 0.00285743
14.51 , 7.76288 , 0.0028676
14.52 , 7.057 , 0.00287437
14.53 , 6.37453 , 0.00287532
14.54 , 5.71967 , 0.00287006
14.55 , 5.09637 , 0.00286037
14.56 , 4.50824 , 0.00284959
14.57 , 3.95841 , 0.00284151
14.58 , 3.44934 , 0.00283904
14.59 , 2.98259 , 0.00284315
14.6 , 2.55862 , 0.00285257
14.61 , 2.17656 , 0.00286413
14.62 , 1.83409 , 0.00287388
14.63 , 1.52741 , 0.00287838
14.64 , 1.25124 , 0.00287596
14.65 , 0.998998 , 0.00286728
14.66 , 0.763026 , 0.00285517
14.67 , 0.534963 , 0.00284367
14.68 , 0.306154 , 0.00283673
14.69 , 0.068133 , 0.00283684
14.7 , -0.186885 , 0.0028442
14.71 , -0.465521 , 0.00285659
14.72 , -0.772798 , 0.00287014
14.73 , -1.11179 , 0.00288054
14.74 , -1.48338 , 0.0028845
14.75 , -1.88611 , 0.00288082
14.76 , -2.31625 , 0.00287076
14.77 , -2.76786 , 0.00285763
14.78 , -3.23312 , 0.00284568
14.79 , -3.70263 , 0.00283869
14.8 , -4.16589 , 0.00283876
14.81 , -4.61173 , 0.00284562
14.82 , -5.02883 , 0.00285681
14.83 , -5.40609 , 0.0028685
14.84 , -5.73308 , 0.00287679
14.85 , -6.00029 , 0.00287903
14.86 , -6.19935 , 0.00287463
14.87 , -6.3231 , 0.00286522
14.88 , -6.3656 , 0.00285405
14.89 , -6.32204 , 0.00284487
14.9 , -6.18853 , 0.00284067
14.91 , -5.96195 , 0.00284269
14.92 , -5.63976 , 0.00285006
14.93 , -5.21979 , 0.00286018
14.94 , -4.70017 , 0.00286961
14.95 , -4.07931 , 0.00287524
14.96 , -3.35597 , 0.00287535
14.97 , -2.52946 , 0.00287012
14.98 , -1.59991 , 0.00286149
14.99 , -0.568681 , 0.00285247
15 , 0.561224 , 0.00284608
15.01 , 1.78472 , 0.00284433
15.02 , 3.09419 , 0.00284759
15.03 , 4.47914 , 0.00285457
15.04 , 5.92594 , 0.00286277
15.05 , 7.41771 , 0.00286946
15.06 , 8.93441 , 0.00287255
15.07 , 10.4531 , 0.00287132
15.08 , 11.9483 , 0.00286655
15.09 , 13.3928 , 0.00286022
15.1 , 14.7585 , 0.00285469
15.11 , 16.017 , 0.00285191
15.12 , 17.1411 , 0.00285273
15.13 , 18.1055 , 0.00285665
15.14 , 18.8879 , 0.00286212
15.15 , 19.4701 , 0.00286708
15.16 , 19.8382 , 0.00286982
15.17 , 19.984 , 0.00286952
15.18 , 19.9046 , 0.00286654
15.19 , 19.6027 , 0.00286222
15.2 , 19.0867 , 0.00285832
15.21 , 18.3701 , 0.00285638
15.22 , 17.4706 , 0.00285707
15.23 , 16.4097 , 0.00285999
15.24 , 15.2118 , 0.00286387
15.25 , 13.9027 , 0.00286704
15.26 , 12.5093 , 0.00286813
15.27 , 11.0581 , 0.0028666
15.28 , 9.57442 , 0.00286299
15.29 , 8.08207 , 0.00285871
15.3 , 6.60233 , 0.00285552
15.31 , 5.15383 , 0.00285481
15.32 , 3.75226 , 0.00285709
15.33 , 2.41042 , 0.00286167
15.34 , 1.13829 , 0.00286693
15.35 , -0.0566901 , 0.00287085
15.36 , -1.16932 , 0.00287179
15.37 , -2.19627 , 0.00286911
15.38 , -3.13575 , 0.00286351
15.39 , -3.98717 , 0.00285682
15.4 , -4.75093 , 0.00285143
15.41 , -5.42818 , 0.00284942
15.42 , -6.02083 , 0.00285181
15.43 , -6.53149 , 0.00285814
15.44 , -6.96355 , 0.00286652
15.45 , -7.32132 , 0.00287428
15.46 , -7.61014 , 0.00287881
15.47 , -7.83652 , 0.00287851
15.48 , -8.00818 , 0.00287336
15.49 , -8.13412 , 0.00286499
15.5 , -8.22446 , 0.00285616
15.51 , -8.29031 , 0.00284985
15.52 , -8.34344 , 0.00284825
15.53 , -8.3959 , 0.00285195
15.54 , -8.45958 , 0.00285979
15.55 , -8.54569 , 0.00286912
15.56 , -8.6642 , 0.00287677
15.57 , -8.8234 , 0.00288009
15.58 , -9.02942 , 0.00287788
15.59 , -9.2859 , 0.00287083
15.6 , -9.59377 , 0.00286135
15.61 , -9.95121 , 0.00285273
15.62 , -10.3537 , 0.00284808
15.63 , -10.7942 , 0.00284921
15.64 , -11.2637 , 0.00285602
15.65 , -11.7516 , 0.00286648
15.66 , -12.2462 , 0.00287727
15.67 , -12.7354 , 0.00288488
15.68 , -13.2075 , 0.00288677
15.69 , -13.6514 , 0.00288225
15.7 , -14.0574 , 0.00287271
15.71 , -14.4177 , 0.00286119
15.72 , -14.726 , 0.00285141
15.73 , -14.9786 , 0.00284649
15.74 , -15.1736 , 0.00284799
15.75 , -15.3109 , 0.00285537
15.76 , -15.3922 , 0.00286618
15.77 , -15.4206 , 0.00287686
15.78 , -15.3997 , 0.00288395
15.79 , -15.3341 , 0.0028852
15.8 , -15.228 , 0.00288028
15.81 , -15.0857 , 0.00287088
15.82 , -14.9108 , 0.0028601
15.83 , -14.7065 , 0.00285142
15.84 , -14.4752 , 0.00284754
15.85 , -14.2187 , 0.00284955
15.86 , -13.9385 , 0.00285659
15.87 , -13.6357 , 0.00286624
15.88 , -13.3114 , 0.00287533
15.89 , -12.9672 , 0.00288103
15.9 , -12.605 , 0.00288178
15.91 , -12.2273 , 0.00287772
15.92 , -11.8374 , 0.00287058
15.93 , -11.4394 , 0.00286302
15.94 , -11.0377 , 0.00285765
15.95 , -10.6373 , 0.0028562
15.96 , -10.243 , 0.0028589
15.97 , -9.85955 , 0.00286456
15.98 , -9.49055 , 0.002871
15.99 , -9.1386 , 0.00287592
16 , -8.8047 , 0.00287769
16.01 , -8.48795 , 0.00287591
16.02 , -8.18541 , 0.0028715
16.03 , -7.892 , 0.0028663
16.04 , -7.6006 , 0.00286235
16.05 , -7.30226 , 0.00286114
16.06 , -6.98662 , 0.00286302
16.07 , -6.64233 , 0.00286717
16.08 , -6.25769 , 0.00287186
16.09 , -5.82124 , 0.00287519
16.1 , -5.32244 , 0.00287581
16.11 , -4.75227 , 0.00287341
16.12 , -4.10379 , 0.0028689
16.13 , -3.37259 , 0.00286407
16.14 , -2.5571 , 0.00286087
16.15 , -1.65876 , 0.0028607
16.16 , -0.682038 , 0.00286382
16.17 , 0.365724 , 0.00286922
16.18 , 1.47455 , 0.00287494
16.19 , 2.63225 , 0.00287879
16.2 , 3.82483 , 0.00287915
16.21 , 5.03706 , 0.00287562
16.22 , 6.25295 , 0.00286924
16.23 , 7.45625 , 0.0028622
16.24 , 8.63092 , 0.00285706
16.25 , 9.76147 , 0.0028559
16.26 , 10.8333 , 0.00285948
16.27 , 11.8327 , 0.00286692
16.28 , 12.7475 , 0.00287593
16.29 , 13.5664 , 0.00288354
16.3 , 14.2796 , 0.0028871
16.31 , 14.8784 , 0.00288521
16.32 , 15.3556 , 0.00287828
16.33 , 15.7051 , 0.00286848
16.34 , 15.9223 , 0.00285903
16.35 , 16.0042 , 0.00285316
16.36 , 15.9493 , 0.00285304
16.37 , 15.7584 , 0.00285898
16.38 , 15.4344 , 0.00286928
16.39 , 14.9829 , 0.00288073
16.4 , 14.4123 , 0.00288965
16.41 , 13.734 , 0.0028931
16.42 , 12.9627 , 0.00288984
16.43 , 12.1161 , 0.00288081
16.44 , 11.2151 , 0.00286881
16.45 , 10.2829 , 0.00285765
16.46 , 9.34503 , 0.00285087
16.47 , 8.42835 , 0.00285063
16.48 , 7.56018 , 0.00285698
16.49 , 6.76735 , 0.00286786
16.5 , 6.07519 , 0.00287975
16.51 , 5.50641 , 0.00288887
16.52 , 5.08008 , 0.00289236
16.53 , 4.8107 , 0.00288924
16.54 , 4.70745 , 0.00288068
16.55 , 4.7736 , 0.00286961
16.56 , 5.00624 , 0.00285971
16.57 , 5.39619 , 0.00285423
16.58 , 5.92832 , 0.00285488
16.59 , 6.58202 , 0.00286134
16.6 , 7.332 , 0.0028714
16.61 , 8.14927 , 0.00288171
16.62 , 9.00229 , 0.00288891
16.63 , 9.85823 , 0.00289075
16.64 , 10.6842 , 0.00288679
16.65 , 11.4487 , 0.0028785
16.66 , 12.1223 , 0.00286875
16.67 , 12.6792 , 0.00286079
16.68 , 13.0978 , 0.00285721
16.69 , 13.3611 , 0.00285909
16.7 , 13.4574 , 0.00286568
16.71 , 13.3802 , 0.00287474
16.72 , 13.1283 , 0.0028833
16.73 , 12.705 , 0.00288867
16.74 , 12.1185 , 0.00288933
16.75 , 11.3806 , 0.00288535
16.76 , 10.5061 , 0.00287833
16.77 , 9.51273 , 0.00287076
16.78 , 8.41991 , 0.00286516
16.79 , 7.24838 , 0.00286328
16.8 , 6.01962 , 0.00286549
16.81 , 4.7554 , 0.00287081
16.82 , 3.47736 , 0.00287726
16.83 , 2.20675 , 0.00288265
16.84 , 0.964102 , 0.00288528
16.85 , -0.230897 , 0.00288453
16.86 , -1.35967 , 0.00288097
16.87 , -2.40491 , 0.00287609
16.88 , -3.35085 , 0.00287172
16.89 , -4.18344 , 0.00286932
16.9 , -4.89071 , 0.00286951
16.91 , -5.46305 , 0.0028719
16.92 , -5.89354 , 0.00287532
16.93 , -6.17829 , 0.00287827
16.94 , -6.31675 , 0.00287956
16.95 , -6.31193 , 0.00287873
16.96 , -6.17053 , 0.00287621
16.97 , -5.90298 , 0.00287309
16.98 , -5.52332 , 0.00287072
16.99 , -5.04889 , 0.00287008
17 , -4.4999 , 0.00287148
17.01 , -3.89881 , 0.00287434
17.02 , -3.26962 , 0.0028775
17.03 , -2.63694 , 0.00287962
17.04 , -2.02514 , 0.00287979
17.05 , -1.45736 , 0.00287787
17.06 , -0.954573 , 0.00287463
17.07 , -0.534776 , 0.00287149
17.08 , -0.212234 , 0.00286994
17.09 , 0.00306905 , 0.00287102
17.1 , 0.10579 , 0.00287478
17.11 , 0.0953696 , 0.00288025
17.12 , -0.0240454 , 0.00288566
17.13 , -0.243905 , 0.00288907
17.14 , -0.551747 , 0.00288906
17.15 , -0.931866 , 0.00288531
17.16 , -1.36609 , 0.00287878
17.17 , -1.83467 , 0.00287151
17.18 , -2.31712 , 0.00286592
17.19 , -2.79315 , 0.00286404
17.2 , -3.24345 , 0.00286675
17.21 , -3.65036 , 0.00287342
17.22 , -3.99847 , 0.00288206
17.23 , -4.27506 , 0.0028899
17.24 , -4.47029 , 0.00289432
17.25 , -4.57739 , 0.00289371
17.26 , -4.59255 , 0.00288806
17.27 , -4.51486 , 0.00287903
17.28 , -4.346 , 0.00286942
17.29 , -4.09 , 0.0028623
17.3 , -3.75291 , 0.00286001
17.31 , -3.3425 , 0.00286334
17.32 , -2.86792 , 0.00287133
17.33 , -2.3395 , 0.00288146
17.34 , -1.76849 , 0.00289053
17.35 , -1.16694 , 0.00289569
17.36 , -0.547487 , 0.00289532
17.37 , 0.0766919 , 0.00288962
17.38 , 0.692031 , 0.0028805
17.39 , 1.2847 , 0.00287096
17.4 , 1.84075 , 0.00286413
17.41 , 2.34637 , 0.0028622
17.42 , 2.7881 , 0.00286576
17.43 , 3.15317 , 0.00287363
17.44 , 3.4299 , 0.00288323
17.45 , 3.60807 , 0.00289151
17.46 , 3.67936 , 0.00289588
17.47 , 3.63777 , 0.0028951
17.48 , 3.47996 , 0.00288961
17.49 , 3.20555 , 0.00288134
17.5 , 2.81731 , 0.00287305
17.51 , 2.32124 , 0.00286737
17.52 , 1.72643 , 0.00286597
17.53 , 1.0449 , 0.00286905
17.54 , 0.291167 , 0.00287531
17.55 , -0.518254 , 0.00288251
17.56 , -1.36548 , 0.00288823
17.57 , -2.23196 , 0.0028907
17.58 , -3.0992 , 0.00288938
17.59 , -3.94955 , 0.00288507
17.6 , -4.76681 , 0.00287954
17.61 , -5.53689 , 0.00287488
17.62 , -6.24825 , 0.00287273
17.63 , -6.89219 , 0.00287374
17.64 , -7.46304 , 0.00287734
17.65 , -7.95806 , 0.00288203
17.66 , -8.37728 , 0.00288598
17.67 , -8.72314 , 0.0028877
17.68 , -8.99998 , 0.00288661
17.69 , -9.21353 , 0.00288322
17.7 , -9.37029 , 0.00287897
17.71 , -9.47694 , 0.00287559
17.72 , -9.53983 , 0.00287454
17.73 , -9.56449 , 0.00287634
17.74 , -9.55531 , 0.00288046
17.75 , -9.51537 , 0.00288541
17.76 , -9.44636 , 0.00288934
17.77 , -9.34866 , 0.00289069
17.78 , -9.2216 , 0.00288882
17.79 , -9.06375 , 0.00288426
17.8 , -8.87331 , 0.00287858
17.81 , -8.64854 , 0.00287381
17.82 , -8.38819 , 0.00287178
17.83 , -8.09184 , 0.00287341
17.84 , -7.76019 , 0.00287833
17.85 , -7.39529 , 0.00288501
17.86 , -7.00054 , 0.00289122
17.87 , -6.58068 , 0.00289482
17.88 , -6.1416 , 0.00289448
17.89 , -5.69005 , 0.00289022
17.9 , -5.23326 , 0.00288337
17.91 , -4.77858 , 0.00287621
17.92 , -4.33301 , 0.00287116
17.93 , -3.90285 , 0.00286997
17.94 , -3.49334 , 0.00287309
17.95 , -3.10841 , 0.00287954
17.96 , -2.75058 , 0.00288717
17.97 , -2.42091 , 0.00289342
17.98 , -2.11912 , 0.0028962
17.99 , -1.8438 , 0.00289458
18 , -1.59275 , 0.00288911
18.01 , -1.3633 , 0.00288167
18.02 , -1.15277 , 0.00287482
18.03 , -0.958803 , 0.0028709
18.04 , -0.77975 , 0.00287127
18.05 , -0.614924 , 0.0028758
18.06 , -0.464764 , 0.00288291
18.07 , -0.330869 , 0.00289014
18.08 , -0.215899 , 0.00289498
18.09 , -0.123355 , 0.0028957
18.1 , -0.0572278 , 0.002892
18.11 , -0.0215651 , 0.00288511
18.12 , -0.0199769 , 0.00287735
18.13 , -0.0551189 , 0.00287138
18.14 , -0.128197 , 0.00286928
18.15 , -0.238535 , 0.0028718
18.16 , -0.383239 , 0.00287817
18.17 , -0.556999 , 0.00288629
18.18 , -0.752036 , 0.00289344
18.19 , -0.958221 , 0.00289727
18.2 , -1.16336 , 0.00289649
18.21 , -1.35363 , 0.00289141
18.22 , -1.51413 , 0.00288377
18.23 , -1.62959 , 0.00287618
18.24 , -1.68506 , 0.00287123
18.25 , -1.66668 , 0.0028706
18.26 , -1.56238 , 0.00287454
18.27 , -1.36256 , 0.00288173
18.28 , -1.06061 , 0.00288976
18.29 , -0.653334 , 0.00289595
18.3 , -0.141188 , 0.00289823
18.31 , 0.471632 , 0.00289584
18.32 , 1.17728 , 0.00288959
18.33 , 1.96453 , 0.0028816
18.34 , 2.81912 , 0.00287454
18.35 , 3.72432 , 0.00287081
18.36 , 4.6615 , 0.00287168
18.37 , 5.61074 , 0.00287695
18.38 , 6.55156 , 0.00288494
18.39 , 7.46349 , 0.00289315
18.4 , 8.32672 , 0.00289899
18.41 , 9.12264 , 0.00290066
18.42 , 9.83426 , 0.00289774
18.43 , 10.4466 , 0.0028912
18.44 , 10.947 , 0.00288317
18.45 , 11.3252 , 0.00287614
18.46 , 11.5737 , 0.00287219
18.47 , 11.6875 , 0.00287237
18.48 , 11.6642 , 0.0028764
18.49 , 11.5042 , 0.00288283
18.5 , 11.2102 , 0.00288955
18.51 , 10.7877 , 0.00289453
18.52 , 10.2442 , 0.0028964
18.53 , 9.58963 , 0.00289487
18.54 , 8.83598 , 0.00289072
18.55 , 7.99718 , 0.00288544
18.56 , 7.08893 , 0.00288074
18.57 , 6.12845 , 0.00287794
18.58 , 5.13419 , 0.00287763
18.59 , 4.12553 , 0.00287953
18.6 , 3.12236 , 0.00288273
18.61 , 2.14462 , 0.00288604
18.62 , 1.21187 , 0.00288845
18.63 , 0.342695 , 0.00288944
18.64 , -0.445762 , 0.00288905
18.65 , -1.13836 , 0.00288783
18.66 , -1.72243 , 0.00288648
18.67 , -2.18819 , 0.00288559
18.68 , -2.52911 , 0.00288538
18.69 , -2.7421 , 0.0028857
18.7 , -2.82765 , 0.00288612
18.71 , -2.78975 , 0.00288622
18.72 , -2.63576 , 0.00288576
18.73 , -2.37605 , 0.00288488
18.74 , -2.0236 , 0.00288401
18.75 , -1.59345 , 0.0028837
18.76 , -1.10208 , 0.00288432
18.77 , -0.566728 , 0.0028859
18.78 , -0.00475712 , 0.00288801
18.79 , 0.56703 , 0.0028899
18.8 , 1.13297 , 0.00289077
18.81 , 1.67907 , 0.00289011
18.82 , 2.19338 , 0.00288795
18.83 , 2.66629 , 0.00288495
18.84 , 3.09069 , 0.00288219
18.85 , 3.46194 , 0.00288083
18.86 , 3.7778 , 0.00288165
18.87 , 4.03814 , 0.00288474
18.88 , 4.24471 , 0.00288933
18.89 , 4.40068 , 0.002894
18.9 , 4.51025 , 0.00289713
18.91 , 4.57825 , 0.00289747
18.92 , 4.6097 , 0.00289458
18.93 , 4.60947 , 0.00288909
18.94 , 4.58198 , 0.00288256
18.95 , 4.53097 , 0.00287702
18.96 , 4.45937 , 0.00287432
18.97 , 4.36926 , 0.00287545
18.98 , 4.26187 , 0.0028802
18.99 , 4.13768 , 0.00288715
19 , 3.99662 , 0.00289409
19.01 , 3.83817 , 0.00289872
19.02 , 3.66163 , 0.00289945
19.03 , 3.4663 , 0.00289591
19.04 , 3.25171 , 0.0028892
19.05 , 3.0177 , 0.00288147
19.06 , 2.76464 , 0.00287532
19.07 , 2.49346 , 0.00287285
19.08 , 2.20569 , 0.00287502
19.09 , 1.90347 , 0.00288123
19.1 , 1.5895 , 0.0028895
19.11 , 1.26699 , 0.00289709
19.12 , 0.939547 , 0.00290144
19.13 , 0.611078 , 0.002901
19.14 , 0.285716 , 0.00289577
19.15 , -0.0322961 , 0.0028874
19.16 , -0.338674 , 0.00287863
19.17 , -0.629166 , 0.00287242
19.18 , -0.899604 , 0.00287095
19.19 , -1.14595 , 0.0028749
19.2 , -1.36433 , 0.00288317
19.21 , -1.55108 , 0.0028932
19.22 , -1.70278 , 0.00290177
19.23 , -1.81633 , 0.00290609
19.24 , -1.889 , 0.00290466
19.25 , -1.91855 , 0.0028978
19.26 , -1.90333 , 0.00288756
19.27 , -1.84239 , 0.00287711
19.28 , -1.73566 , 0.00286968
19.29 , -1.58406 , 0.00286754
19.3 , -1.38963 , 0.00287131
19.31 , -1.15565 , 0.00287973
19.32 , -0.886702 , 0.00289012
19.33 , -0.588689 , 0.0028992
19.34 , -0.26881 , 0.00290418
19.35 , 0.0645436 , 0.00290361
19.36 , 0.401953 , 0.00289784
19.37 , 0.73321 , 0.0028888
19.38 , 1.04761 , 0.00287942
19.39 , 1.33433 , 0.00287262
19.4 , 1.58276 , 0.00287039
19.41 , 1.78301 , 0.00287323
19.42 , 1.92625 , 0.00288002
19.43 , 2.00516 , 0.00288849
19.44 , 2.01428 , 0.00289598
19.45 , 1.95031 , 0.0029003
19.46 , 1.81236 , 0.00290044
19.47 , 1.60208 , 0.00289675
19.48 , 1.32368 , 0.00289077
19.49 , 0.983879 , 0.00288463
19.5 , 0.591727 , 0.00288028
19.51 , 0.158321 , 0.00287886
19.52 , -0.303564 , 0.00288043
19.53 , -0.779921 , 0.00288401
19.54 , -1.25601 , 0.00288808
19.55 , -1.71692 , 0.00289111
19.56 , -2.14807 , 0.00289219
19.57 , -2.53584 , 0.00289126
19.58 , -2.868 , 0.00288907
19.59 , -3.13421 , 0.00288682
19.6 , -3.3264 , 0.00288563
19.61 , -3.43906 , 0.00288607
19.62 , -3.46949 , 0.00288795
19.63 , -3.41782 , 0.00289036
19.64 , -3.28708 , 0.00289211
19.65 , -3.08308 , 0.00289216
19.66 , -2.81415 , 0.00289016
19.67 , -2.49095 , 0.00288657
19.68 , -2.12601 , 0.00288258
19.69 , -1.73337 , 0.00287967
19.7 , -1.32811 , 0.00287907
19.71 , -0.92586 , 0.00288123
19.72 , -0.542279 , 0.0028856
19.73 , -0.192614 , 0.00289078
19.74 , 0.10878 , 0.00289496
19.75 , 0.348854 , 0.00289656
19.76 , 0.516229 , 0.00289487
19.77 , 0.601497 , 0.00289028
19.78 , 0.597456 , 0.00288429
19.79 , 0.499268 , 0.00287897
19.8 , 0.304539 , 0.00287628
19.81 , 0.0133255 , 0.00287738
19.82 , -0.371937 , 0.00288211
19.83 , -0.846567 , 0.00288908
19.84 , -1.40384 , 0.00289602
19.85 , -2.03523 , 0.00290053
19.86 , -2.73072 , 0.00290097
19.87 , -3.4791 , 0.00289698
19.88 , -4.26832 , 0.0028897
19.89 , -5.08584 , 0.00288144
19.9 , -5.91898 , 0.00287489
19.91 , -6.7552 , 0.00287226
19.92 , -7.58244 , 0.00287451
19.93 , -8.38938 , 0.002881
19.94 , -9.16561 , 0.00288963
19.95 , -9.90186 , 0.00289759
19.96 , -10.5901 , 0.00290221
19.97 , -11.2235 , 0.00290192
19.98 , -11.7966 , 0.00289677
19.99 , -12.3054 , 0.00288843
20 , -12.7467 , 0.00287967
