  Tue 23-NOV-2012 15:45 Workspace: MANTID-type_Flat_Cell
 
 1406    0    0    0      1406    0
         0         0         0         0
 3 (F12.5,2E16.6)
 16387.00000   1.000000e+00    0.000000e+00
 16388.00000   1.000000e+00    0.000000e+00
 16389.00000   1.000000e+00    0.000000e+00
 16390.00000   1.000000e+00    0.000000e+00
 16391.00000   1.000000e+00    0.000000e+00
 16392.00000   1.000000e+00    0.000000e+00
 16393.00000   1.000000e+00    0.000000e+00
 16394.00000   1.000000e+00    0.000000e+00
 16395.00000   1.000000e+00    0.000000e+00
 16396.00000   1.000000e+00    0.000000e+00
 16397.00000   1.000000e+00    0.000000e+00
 16398.00000   1.000000e+00    0.000000e+00
 16399.00000   1.000000e+00    0.000000e+00
 16400.00000   1.000000e+00    0.000000e+00
 16401.00000   1.000000e+00    0.000000e+00
 16402.00000   1.000000e+00    0.000000e+00
 16403.00000   1.000000e+00    0.000000e+00
 16404.00000   1.000000e+00    0.000000e+00
 16405.00000   1.000000e+00    0.000000e+00
 16406.00000   1.000000e+00    0.000000e+00
 16407.00000   1.000000e+00    0.000000e+00
 16408.00000   1.000000e+00    0.000000e+00
 16409.00000   1.000000e+00    0.000000e+00
 16410.00000   1.000000e+00    0.000000e+00
 16411.00000   1.000000e+00    0.000000e+00
 16412.00000   1.000000e+00    0.000000e+00
 16413.00000   1.000000e+00    0.000000e+00
 16414.00000   1.000000e+00    0.000000e+00
 16415.00000   1.000000e+00    0.000000e+00
 16416.00000   1.000000e+00    0.000000e+00
 16417.00000   1.000000e+00    0.000000e+00
 16418.00000   1.000000e+00    0.000000e+00
 16419.00000   1.000000e+00    0.000000e+00
 16420.00000   1.000000e+00    0.000000e+00
 16421.00000   1.000000e+00    0.000000e+00
 16422.00000   1.000000e+00    0.000000e+00
 16423.00000   1.000000e+00    0.000000e+00
 16424.00000   1.000000e+00    0.000000e+00
 16425.00000   1.000000e+00    0.000000e+00
 16426.00000   1.000000e+00    0.000000e+00
 16427.00000   1.000000e+00    0.000000e+00
 16428.00000   1.000000e+00    0.000000e+00
 16429.00000   1.000000e+00    0.000000e+00
 16430.00000   1.000000e+00    0.000000e+00
 16431.00000   1.000000e+00    0.000000e+00
 16432.00000   1.000000e+00    0.000000e+00
 16433.00000   1.000000e+00    0.000000e+00
 16434.00000   1.000000e+00    0.000000e+00
 16435.00000   1.000000e+00    0.000000e+00
 16436.00000   1.000000e+00    0.000000e+00
 16437.00000   1.000000e+00    0.000000e+00
 16438.00000   1.000000e+00    0.000000e+00
 16439.00000   1.000000e+00    0.000000e+00
 16440.00000   1.000000e+00    0.000000e+00
 16441.00000   1.000000e+00    0.000000e+00
 16442.00000   1.000000e+00    0.000000e+00
 16443.00000   1.000000e+00    0.000000e+00
 16444.00000   1.000000e+00    0.000000e+00
 16445.00000   1.000000e+00    0.000000e+00
 16446.00000   1.000000e+00    0.000000e+00
 16447.00000   1.000000e+00    0.000000e+00
 16448.00000   1.000000e+00    0.000000e+00
 16449.00000   1.000000e+00    0.000000e+00
 16450.00000   1.000000e+00    0.000000e+00
 16451.00000   1.000000e+00    0.000000e+00
 16452.00000   1.000000e+00    0.000000e+00
 16453.00000   1.000000e+00    0.000000e+00
 16454.00000   1.000000e+00    0.000000e+00
 16455.00000   1.000000e+00    0.000000e+00
 16456.00000   1.000000e+00    0.000000e+00
 16457.00000   1.000000e+00    0.000000e+00
 16458.00000   1.000000e+00    0.000000e+00
 16459.00000   1.000000e+00    0.000000e+00
 16460.00000   1.000000e+00    0.000000e+00
 16461.00000   1.000000e+00    0.000000e+00
 16462.00000   1.000000e+00    0.000000e+00
 16463.00000   1.000000e+00    0.000000e+00
 16464.00000   1.000000e+00    0.000000e+00
 16465.00000   1.000000e+00    0.000000e+00
 16466.00000   1.000000e+00    0.000000e+00
 16467.00000   1.000000e+00    0.000000e+00
 16468.00000   1.000000e+00    0.000000e+00
 16469.00000   1.000000e+00    0.000000e+00
 16470.00000   1.000000e+00    0.000000e+00
 16471.00000   1.000000e+00    0.000000e+00
 16472.00000   1.000000e+00    0.000000e+00
 16473.00000   1.000000e+00    0.000000e+00
 16474.00000   1.000000e+00    0.000000e+00
 16475.00000   1.000000e+00    0.000000e+00
 16476.00000   1.000000e+00    0.000000e+00
 16477.00000   1.000000e+00    0.000000e+00
 16478.00000   1.000000e+00    0.000000e+00
 16479.00000   1.000000e+00    0.000000e+00
 16480.00000   1.000000e+00    0.000000e+00
 16481.00000   1.000000e+00    0.000000e+00
 16482.00000   1.000000e+00    0.000000e+00
 16483.00000   1.000000e+00    0.000000e+00
 16484.00000   1.000000e+00    0.000000e+00
 16485.00000   1.000000e+00    0.000000e+00
 16486.00000   1.000000e+00    0.000000e+00
 16487.00000   1.000000e+00    0.000000e+00
 16488.00000   1.000000e+00    0.000000e+00
 16489.00000   1.000000e+00    0.000000e+00
 16490.00000   1.000000e+00    0.000000e+00
 16491.00000   1.000000e+00    0.000000e+00
 16492.00000   1.000000e+00    0.000000e+00
 16493.00000   1.000000e+00    0.000000e+00
 16494.00000   1.000000e+00    0.000000e+00
 16495.00000   1.000000e+00    0.000000e+00
 16496.00000   1.000000e+00    0.000000e+00
 16497.00000   1.000000e+00    0.000000e+00
 16498.00000   1.000000e+00    0.000000e+00
 16499.00000   1.000000e+00    0.000000e+00
 16500.00000   1.000000e+00    0.000000e+00
 16501.00000   1.000000e+00    0.000000e+00
 16502.00000   1.000000e+00    0.000000e+00
 16503.00000   1.000000e+00    0.000000e+00
 16504.00000   1.000000e+00    0.000000e+00
 16505.00000   1.000000e+00    0.000000e+00
 16506.00000   1.000000e+00    0.000000e+00
 16507.00000   1.000000e+00    0.000000e+00
 16508.00000   1.000000e+00    0.000000e+00
 16509.00000   1.000000e+00    0.000000e+00
 16510.00000   1.000000e+00    0.000000e+00
 16511.00000   1.000000e+00    0.000000e+00
 16512.00000   1.000000e+00    0.000000e+00
 16513.00000   1.000000e+00    0.000000e+00
 16514.00000   1.000000e+00    0.000000e+00
 16515.00000   1.000000e+00    0.000000e+00
 16516.00000   1.000000e+00    0.000000e+00
 16517.00000   1.000000e+00    0.000000e+00
 16518.00000   1.000000e+00    0.000000e+00
 16519.00000   1.000000e+00    0.000000e+00
 16520.00000   1.000000e+00    0.000000e+00
 16521.00000   1.000000e+00    0.000000e+00
 16522.00000   1.000000e+00    0.000000e+00
 16523.00000   1.000000e+00    0.000000e+00
 16524.00000   1.000000e+00    0.000000e+00
 16525.00000   1.000000e+00    0.000000e+00
 16526.00000   1.000000e+00    0.000000e+00
 16527.00000   1.000000e+00    0.000000e+00
 16528.00000   1.000000e+00    0.000000e+00
 16529.00000   1.000000e+00    0.000000e+00
 16530.00000   1.000000e+00    0.000000e+00
 16531.00000   1.000000e+00    0.000000e+00
 16532.00000   1.000000e+00    0.000000e+00
 16533.00000   1.000000e+00    0.000000e+00
 16534.00000   1.000000e+00    0.000000e+00
 16535.00000   1.000000e+00    0.000000e+00
 16536.00000   1.000000e+00    0.000000e+00
 16537.00000   1.000000e+00    0.000000e+00
 16538.00000   1.000000e+00    0.000000e+00
 16539.00000   1.000000e+00    0.000000e+00
 16540.00000   1.000000e+00    0.000000e+00
 16541.00000   1.000000e+00    0.000000e+00
 16542.00000   1.000000e+00    0.000000e+00
 16543.00000   1.000000e+00    0.000000e+00
 16544.00000   1.000000e+00    0.000000e+00
 16545.00000   1.000000e+00    0.000000e+00
 16546.00000   1.000000e+00    0.000000e+00
 16547.00000   1.000000e+00    0.000000e+00
 16548.00000   1.000000e+00    0.000000e+00
 16549.00000   1.000000e+00    0.000000e+00
 16550.00000   1.000000e+00    0.000000e+00
 16551.00000   1.000000e+00    0.000000e+00
 16552.00000   1.000000e+00    0.000000e+00
 16553.00000   1.000000e+00    0.000000e+00
 16554.00000   1.000000e+00    0.000000e+00
 16555.00000   1.000000e+00    0.000000e+00
 16556.00000   1.000000e+00    0.000000e+00
 16557.00000   1.000000e+00    0.000000e+00
 16558.00000   1.000000e+00    0.000000e+00
 16559.00000   1.000000e+00    0.000000e+00
 16560.00000   1.000000e+00    0.000000e+00
 16561.00000   1.000000e+00    0.000000e+00
 16562.00000   1.000000e+00    0.000000e+00
 16563.00000   1.000000e+00    0.000000e+00
 16564.00000   1.000000e+00    0.000000e+00
 16565.00000   1.000000e+00    0.000000e+00
 16566.00000   1.000000e+00    0.000000e+00
 16567.00000   1.000000e+00    0.000000e+00
 16568.00000   1.000000e+00    0.000000e+00
 16569.00000   1.000000e+00    0.000000e+00
 16570.00000   1.000000e+00    0.000000e+00
 16571.00000   1.000000e+00    0.000000e+00
 16572.00000   1.000000e+00    0.000000e+00
 16573.00000   1.000000e+00    0.000000e+00
 16574.00000   1.000000e+00    0.000000e+00
 16575.00000   1.000000e+00    0.000000e+00
 16576.00000   1.000000e+00    0.000000e+00
 16577.00000   1.000000e+00    0.000000e+00
 16578.00000   1.000000e+00    0.000000e+00
 16579.00000   1.000000e+00    0.000000e+00
 16580.00000   1.000000e+00    0.000000e+00
 16581.00000   1.000000e+00    0.000000e+00
 16582.00000   1.000000e+00    0.000000e+00
 16583.00000   1.000000e+00    0.000000e+00
 16584.00000   1.000000e+00    0.000000e+00
 16585.00000   1.000000e+00    0.000000e+00
 16586.00000   1.000000e+00    0.000000e+00
 16587.00000   1.000000e+00    0.000000e+00
 16588.00000   1.000000e+00    0.000000e+00
 16589.00000   1.000000e+00    0.000000e+00
 16590.00000   1.000000e+00    0.000000e+00
 16591.00000   1.000000e+00    0.000000e+00
 16592.00000   1.000000e+00    0.000000e+00
 16593.00000   1.000000e+00    0.000000e+00
 16594.00000   1.000000e+00    0.000000e+00
 16595.00000   1.000000e+00    0.000000e+00
 16596.00000   1.000000e+00    0.000000e+00
 16597.00000   1.000000e+00    0.000000e+00
 16598.00000   1.000000e+00    0.000000e+00
 16599.00000   1.000000e+00    0.000000e+00
 16600.00000   1.000000e+00    0.000000e+00
 16601.00000   1.000000e+00    0.000000e+00
 16602.00000   1.000000e+00    0.000000e+00
 16603.00000   1.000000e+00    0.000000e+00
 16604.00000   1.000000e+00    0.000000e+00
 16605.00000   1.000000e+00    0.000000e+00
 16606.00000   1.000000e+00    0.000000e+00
 16607.00000   1.000000e+00    0.000000e+00
 16608.00000   1.000000e+00    0.000000e+00
 16609.00000   1.000000e+00    0.000000e+00
 16610.00000   1.000000e+00    0.000000e+00
 16611.00000   1.000000e+00    0.000000e+00
 16612.00000   1.000000e+00    0.000000e+00
 16613.00000   1.000000e+00    0.000000e+00
 16614.00000   1.000000e+00    0.000000e+00
 16615.00000   1.000000e+00    0.000000e+00
 16616.00000   1.000000e+00    0.000000e+00
 16617.00000   1.000000e+00    0.000000e+00
 16618.00000   1.000000e+00    0.000000e+00
 16619.00000   1.000000e+00    0.000000e+00
 16620.00000   1.000000e+00    0.000000e+00
 16621.00000   1.000000e+00    0.000000e+00
 16622.00000   1.000000e+00    0.000000e+00
 16623.00000   1.000000e+00    0.000000e+00
 16624.00000   1.000000e+00    0.000000e+00
 16625.00000   1.000000e+00    0.000000e+00
 16626.00000   1.000000e+00    0.000000e+00
 16627.00000   1.000000e+00    0.000000e+00
 16628.00000   1.000000e+00    0.000000e+00
 16629.00000   1.000000e+00    0.000000e+00
 16630.00000   1.000000e+00    0.000000e+00
 16631.00000   1.000000e+00    0.000000e+00
 16632.00000   1.000000e+00    0.000000e+00
 16633.00000   1.000000e+00    0.000000e+00
 16634.00000   1.000000e+00    0.000000e+00
 16635.00000   1.000000e+00    0.000000e+00
 16636.00000   1.000000e+00    0.000000e+00
 16637.00000   1.000000e+00    0.000000e+00
 16638.00000   1.000000e+00    0.000000e+00
 16639.00000   1.000000e+00    0.000000e+00
 16640.00000   1.000000e+00    0.000000e+00
 16641.00000   1.000000e+00    0.000000e+00
 16642.00000   1.000000e+00    0.000000e+00
 16643.00000   1.000000e+00    0.000000e+00
 16644.00000   1.000000e+00    0.000000e+00
 16645.00000   1.000000e+00    0.000000e+00
 16646.00000   1.000000e+00    0.000000e+00
 16647.00000   1.000000e+00    0.000000e+00
 16648.00000   1.000000e+00    0.000000e+00
 16649.00000   1.000000e+00    0.000000e+00
 16650.00000   1.000000e+00    0.000000e+00
 16651.00000   1.000000e+00    0.000000e+00
 16652.00000   1.000000e+00    0.000000e+00
 16653.00000   1.000000e+00    0.000000e+00
 16654.00000   1.000000e+00    0.000000e+00
 16655.00000   1.000000e+00    0.000000e+00
 16656.00000   1.000000e+00    0.000000e+00
 16657.00000   1.000000e+00    0.000000e+00
 16658.00000   1.000000e+00    0.000000e+00
 16659.00000   1.000000e+00    0.000000e+00
 16660.00000   1.000000e+00    0.000000e+00
 16661.00000   1.000000e+00    0.000000e+00
 16662.00000   1.000000e+00    0.000000e+00
 16663.00000   1.000000e+00    0.000000e+00
 16664.00000   1.000000e+00    0.000000e+00
 16665.00000   1.000000e+00    0.000000e+00
 16666.00000   1.000000e+00    0.000000e+00
 16667.00000   1.000000e+00    0.000000e+00
 16668.00000   1.000000e+00    0.000000e+00
 16669.00000   1.000000e+00    0.000000e+00
 16670.00000   1.000000e+00    0.000000e+00
 16671.00000   1.000000e+00    0.000000e+00
 16672.00000   1.000000e+00    0.000000e+00
 16673.00000   1.000000e+00    0.000000e+00
 16674.00000   1.000000e+00    0.000000e+00
 16675.00000   1.000000e+00    0.000000e+00
 16676.00000   1.000000e+00    0.000000e+00
 16677.00000   1.000000e+00    0.000000e+00
 16678.00000   1.000000e+00    0.000000e+00
 16679.00000   1.000000e+00    0.000000e+00
 16680.00000   1.000000e+00    0.000000e+00
 16681.00000   1.000000e+00    0.000000e+00
 16682.00000   1.000000e+00    0.000000e+00
 16683.00000   1.000000e+00    0.000000e+00
 16684.00000   1.000000e+00    0.000000e+00
 16685.00000   1.000000e+00    0.000000e+00
 16686.00000   1.000000e+00    0.000000e+00
 16687.00000   1.000000e+00    0.000000e+00
 16688.00000   1.000000e+00    0.000000e+00
 16689.00000   1.000000e+00    0.000000e+00
 16690.00000   1.000000e+00    0.000000e+00
 16691.00000   1.000000e+00    0.000000e+00
 16692.00000   1.000000e+00    0.000000e+00
 16693.00000   1.000000e+00    0.000000e+00
 16694.00000   1.000000e+00    0.000000e+00
 16695.00000   1.000000e+00    0.000000e+00
 16696.00000   1.000000e+00    0.000000e+00
 16697.00000   1.000000e+00    0.000000e+00
 16698.00000   1.000000e+00    0.000000e+00
 16699.00000   1.000000e+00    0.000000e+00
 16700.00000   1.000000e+00    0.000000e+00
 16701.00000   1.000000e+00    0.000000e+00
 16702.00000   1.000000e+00    0.000000e+00
 16703.00000   1.000000e+00    0.000000e+00
 16704.00000   1.000000e+00    0.000000e+00
 16705.00000   1.000000e+00    0.000000e+00
 16706.00000   1.000000e+00    0.000000e+00
 16707.00000   1.000000e+00    0.000000e+00
 16708.00000   1.000000e+00    0.000000e+00
 16709.00000   1.000000e+00    0.000000e+00
 16710.00000   1.000000e+00    0.000000e+00
 16711.00000   1.000000e+00    0.000000e+00
 16712.00000   1.000000e+00    0.000000e+00
 16713.00000   1.000000e+00    0.000000e+00
 16714.00000   1.000000e+00    0.000000e+00
 16715.00000   1.000000e+00    0.000000e+00
 16716.00000   1.000000e+00    0.000000e+00
 16717.00000   1.000000e+00    0.000000e+00
 16718.00000   1.000000e+00    0.000000e+00
 16719.00000   1.000000e+00    0.000000e+00
 16720.00000   1.000000e+00    0.000000e+00
 16721.00000   1.000000e+00    0.000000e+00
 16722.00000   1.000000e+00    0.000000e+00
 16723.00000   1.000000e+00    0.000000e+00
 16724.00000   1.000000e+00    0.000000e+00
 16725.00000   1.000000e+00    0.000000e+00
 16726.00000   1.000000e+00    0.000000e+00
 16727.00000   1.000000e+00    0.000000e+00
 16728.00000   1.000000e+00    0.000000e+00
 16729.00000   1.000000e+00    0.000000e+00
 16730.00000   1.000000e+00    0.000000e+00
 16731.00000   1.000000e+00    0.000000e+00
 16732.00000   1.000000e+00    0.000000e+00
 16733.00000   1.000000e+00    0.000000e+00
 16734.00000   1.000000e+00    0.000000e+00
 16735.00000   1.000000e+00    0.000000e+00
 16736.00000   1.000000e+00    0.000000e+00
 16737.00000   1.000000e+00    0.000000e+00
 16738.00000   1.000000e+00    0.000000e+00
 16739.00000   1.000000e+00    0.000000e+00
 16740.00000   1.000000e+00    0.000000e+00
 16741.00000   1.000000e+00    0.000000e+00
 16742.00000   1.000000e+00    0.000000e+00
 16743.00000   1.000000e+00    0.000000e+00
 16744.00000   1.000000e+00    0.000000e+00
 16745.00000   1.000000e+00    0.000000e+00
 16746.00000   1.000000e+00    0.000000e+00
 16747.00000   1.000000e+00    0.000000e+00
 16748.00000   1.000000e+00    0.000000e+00
 16749.00000   1.000000e+00    0.000000e+00
 16750.00000   1.000000e+00    0.000000e+00
 16751.00000   1.000000e+00    0.000000e+00
 16752.00000   1.000000e+00    0.000000e+00
 16753.00000   1.000000e+00    0.000000e+00
 16754.00000   1.000000e+00    0.000000e+00
 16755.00000   1.000000e+00    0.000000e+00
 16756.00000   1.000000e+00    0.000000e+00
 16757.00000   1.000000e+00    0.000000e+00
 16758.00000   1.000000e+00    0.000000e+00
 16759.00000   1.000000e+00    0.000000e+00
 16760.00000   1.000000e+00    0.000000e+00
 16761.00000   1.000000e+00    0.000000e+00
 16762.00000   1.000000e+00    0.000000e+00
 16763.00000   1.000000e+00    0.000000e+00
 16764.00000   1.000000e+00    0.000000e+00
 16765.00000   1.000000e+00    0.000000e+00
 16766.00000   1.000000e+00    0.000000e+00
 16767.00000   1.000000e+00    0.000000e+00
 16768.00000   1.000000e+00    0.000000e+00
 16769.00000   1.000000e+00    0.000000e+00
 16770.00000   1.000000e+00    0.000000e+00
 16771.00000   1.000000e+00    0.000000e+00
 16772.00000   1.000000e+00    0.000000e+00
 16773.00000   1.000000e+00    0.000000e+00
 16774.00000   1.000000e+00    0.000000e+00
 16775.00000   1.000000e+00    0.000000e+00
 16776.00000   1.000000e+00    0.000000e+00
 16777.00000   1.000000e+00    0.000000e+00
 16778.00000   1.000000e+00    0.000000e+00
 16779.00000   1.000000e+00    0.000000e+00
 16780.00000   1.000000e+00    0.000000e+00
 16781.00000   1.000000e+00    0.000000e+00
 16782.00000   1.000000e+00    0.000000e+00
 16783.00000   1.000000e+00    0.000000e+00
 16784.00000   1.000000e+00    0.000000e+00
 16785.00000   1.000000e+00    0.000000e+00
 16786.00000   1.000000e+00    0.000000e+00
 16787.00000   1.000000e+00    0.000000e+00
 16788.00000   1.000000e+00    0.000000e+00
 16789.00000   1.000000e+00    0.000000e+00
 16790.00000   1.000000e+00    0.000000e+00
 16791.00000   1.000000e+00    0.000000e+00
 16792.00000   1.000000e+00    0.000000e+00
 16793.00000   1.000000e+00    0.000000e+00
 16794.00000   1.000000e+00    0.000000e+00
 16795.00000   1.000000e+00    0.000000e+00
 16796.00000   1.000000e+00    0.000000e+00
 16797.00000   1.000000e+00    0.000000e+00
 16798.00000   1.000000e+00    0.000000e+00
 16799.00000   1.000000e+00    0.000000e+00
 16800.00000   1.000000e+00    0.000000e+00
 16801.00000   1.000000e+00    0.000000e+00
 16802.00000   1.000000e+00    0.000000e+00
 16803.00000   1.000000e+00    0.000000e+00
 16804.00000   1.000000e+00    0.000000e+00
 16805.00000   1.000000e+00    0.000000e+00
 16806.00000   1.000000e+00    0.000000e+00
 16807.00000   1.000000e+00    0.000000e+00
 16808.00000   1.000000e+00    0.000000e+00
 16809.00000   1.000000e+00    0.000000e+00
 16810.00000   1.000000e+00    0.000000e+00
 16811.00000   1.000000e+00    0.000000e+00
 16812.00000   1.000000e+00    0.000000e+00
 16813.00000   1.000000e+00    0.000000e+00
 16814.00000   1.000000e+00    0.000000e+00
 16815.00000   1.000000e+00    0.000000e+00
 16816.00000   1.000000e+00    0.000000e+00
 16817.00000   1.000000e+00    0.000000e+00
 16818.00000   1.000000e+00    0.000000e+00
 16819.00000   1.000000e+00    0.000000e+00
 16820.00000   1.000000e+00    0.000000e+00
 16821.00000   1.000000e+00    0.000000e+00
 16822.00000   1.000000e+00    0.000000e+00
 16823.00000   1.000000e+00    0.000000e+00
 16824.00000   1.000000e+00    0.000000e+00
 16825.00000   1.000000e+00    0.000000e+00
 16826.00000   1.000000e+00    0.000000e+00
 16827.00000   1.000000e+00    0.000000e+00
 16828.00000   1.000000e+00    0.000000e+00
 16829.00000   1.000000e+00    0.000000e+00
 16830.00000   1.000000e+00    0.000000e+00
 16831.00000   1.000000e+00    0.000000e+00
 16832.00000   1.000000e+00    0.000000e+00
 16833.00000   1.000000e+00    0.000000e+00
 16834.00000   1.000000e+00    0.000000e+00
 16835.00000   1.000000e+00    0.000000e+00
 16836.00000   1.000000e+00    0.000000e+00
 16837.00000   1.000000e+00    0.000000e+00
 16838.00000   1.000000e+00    0.000000e+00
 16839.00000   1.000000e+00    0.000000e+00
 16840.00000   1.000000e+00    0.000000e+00
 16841.00000   1.000000e+00    0.000000e+00
 16842.00000   1.000000e+00    0.000000e+00
 16843.00000   1.000000e+00    0.000000e+00
 16844.00000   1.000000e+00    0.000000e+00
 16845.00000   1.000000e+00    0.000000e+00
 16846.00000   1.000000e+00    0.000000e+00
 16847.00000   1.000000e+00    0.000000e+00
 16848.00000   1.000000e+00    0.000000e+00
 16849.00000   1.000000e+00    0.000000e+00
 16850.00000   1.000000e+00    0.000000e+00
 16851.00000   1.000000e+00    0.000000e+00
 16852.00000   1.000000e+00    0.000000e+00
 16853.00000   1.000000e+00    0.000000e+00
 16854.00000   1.000000e+00    0.000000e+00
 16855.00000   1.000000e+00    0.000000e+00
 16856.00000   1.000000e+00    0.000000e+00
 16857.00000   1.000000e+00    0.000000e+00
 16858.00000   1.000000e+00    0.000000e+00
 16859.00000   1.000000e+00    0.000000e+00
 16860.00000   1.000000e+00    0.000000e+00
 16861.00000   1.000000e+00    0.000000e+00
 16862.00000   1.000000e+00    0.000000e+00
 16863.00000   1.000000e+00    0.000000e+00
 16864.00000   1.000000e+00    0.000000e+00
 16865.00000   1.000000e+00    0.000000e+00
 16866.00000   1.000000e+00    0.000000e+00
 16867.00000   1.000000e+00    0.000000e+00
 16868.00000   1.000000e+00    0.000000e+00
 16869.00000   1.000000e+00    0.000000e+00
 16870.00000   1.000000e+00    0.000000e+00
 16871.00000   1.000000e+00    0.000000e+00
 16872.00000   1.000000e+00    0.000000e+00
 16873.00000   1.000000e+00    0.000000e+00
 16874.00000   1.000000e+00    0.000000e+00
 16875.00000   1.000000e+00    0.000000e+00
 16876.00000   1.000000e+00    0.000000e+00
 16877.00000   1.000000e+00    0.000000e+00
 16878.00000   1.000000e+00    0.000000e+00
 16879.00000   1.000000e+00    0.000000e+00
 16880.00000   1.000000e+00    0.000000e+00
 16881.00000   1.000000e+00    0.000000e+00
 16882.00000   1.000000e+00    0.000000e+00
 16883.00000   1.000000e+00    0.000000e+00
 16884.00000   1.000000e+00    0.000000e+00
 16885.00000   1.000000e+00    0.000000e+00
 16886.00000   1.000000e+00    0.000000e+00
 16887.00000   1.000000e+00    0.000000e+00
 16888.00000   1.000000e+00    0.000000e+00
 16889.00000   1.000000e+00    0.000000e+00
 16890.00000   1.000000e+00    0.000000e+00
 16891.00000   1.000000e+00    0.000000e+00
 16892.00000   1.000000e+00    0.000000e+00
 16893.00000   1.000000e+00    0.000000e+00
 16894.00000   1.000000e+00    0.000000e+00
 16895.00000   1.000000e+00    0.000000e+00
 16896.00000   1.000000e+00    0.000000e+00
 16897.00000   1.000000e+00    0.000000e+00
 16898.00000   1.000000e+00    0.000000e+00
 16899.00000   1.000000e+00    0.000000e+00
 16900.00000   1.000000e+00    0.000000e+00
 16901.00000   1.000000e+00    0.000000e+00
 16902.00000   1.000000e+00    0.000000e+00
 16903.00000   1.000000e+00    0.000000e+00
 16904.00000   1.000000e+00    0.000000e+00
 16905.00000   1.000000e+00    0.000000e+00
 16906.00000   1.000000e+00    0.000000e+00
 16907.00000   1.000000e+00    0.000000e+00
 16908.00000   1.000000e+00    0.000000e+00
 16909.00000   1.000000e+00    0.000000e+00
 16910.00000   1.000000e+00    0.000000e+00
 16911.00000   1.000000e+00    0.000000e+00
 16912.00000   1.000000e+00    0.000000e+00
 16913.00000   1.000000e+00    0.000000e+00
 16914.00000   1.000000e+00    0.000000e+00
 16915.00000   1.000000e+00    0.000000e+00
 16916.00000   1.000000e+00    0.000000e+00
 16917.00000   1.000000e+00    0.000000e+00
 16918.00000   1.000000e+00    0.000000e+00
 16919.00000   1.000000e+00    0.000000e+00
 16920.00000   1.000000e+00    0.000000e+00
 16921.00000   1.000000e+00    0.000000e+00
 16922.00000   1.000000e+00    0.000000e+00
 16923.00000   1.000000e+00    0.000000e+00
 16924.00000   1.000000e+00    0.000000e+00
 16925.00000   1.000000e+00    0.000000e+00
 16926.00000   1.000000e+00    0.000000e+00
 16927.00000   1.000000e+00    0.000000e+00
 16928.00000   1.000000e+00    0.000000e+00
 16929.00000   1.000000e+00    0.000000e+00
 16930.00000   1.000000e+00    0.000000e+00
 16931.00000   1.000000e+00    0.000000e+00
 16932.00000   1.000000e+00    0.000000e+00
 16933.00000   1.000000e+00    0.000000e+00
 16934.00000   1.000000e+00    0.000000e+00
 16935.00000   1.000000e+00    0.000000e+00
 16936.00000   1.000000e+00    0.000000e+00
 16937.00000   1.000000e+00    0.000000e+00
 16938.00000   1.000000e+00    0.000000e+00
 16939.00000   1.000000e+00    0.000000e+00
 16940.00000   1.000000e+00    0.000000e+00
 16941.00000   1.000000e+00    0.000000e+00
 16942.00000   1.000000e+00    0.000000e+00
 16943.00000   1.000000e+00    0.000000e+00
 16944.00000   1.000000e+00    0.000000e+00
 16945.00000   1.000000e+00    0.000000e+00
 16946.00000   1.000000e+00    0.000000e+00
 16947.00000   1.000000e+00    0.000000e+00
 16948.00000   1.000000e+00    0.000000e+00
 16949.00000   1.000000e+00    0.000000e+00
 16950.00000   1.000000e+00    0.000000e+00
 16951.00000   1.000000e+00    0.000000e+00
 16952.00000   1.000000e+00    0.000000e+00
 16953.00000   1.000000e+00    0.000000e+00
 16954.00000   1.000000e+00    0.000000e+00
 16955.00000   1.000000e+00    0.000000e+00
 16956.00000   1.000000e+00    0.000000e+00
 16957.00000   1.000000e+00    0.000000e+00
 16958.00000   1.000000e+00    0.000000e+00
 16959.00000   1.000000e+00    0.000000e+00
 16960.00000   1.000000e+00    0.000000e+00
 16961.00000   1.000000e+00    0.000000e+00
 16962.00000   1.000000e+00    0.000000e+00
 16963.00000   1.000000e+00    0.000000e+00
 16964.00000   1.000000e+00    0.000000e+00
 16965.00000   1.000000e+00    0.000000e+00
 16966.00000   1.000000e+00    0.000000e+00
 16967.00000   1.000000e+00    0.000000e+00
 16968.00000   1.000000e+00    0.000000e+00
 16969.00000   1.000000e+00    0.000000e+00
 16970.00000   1.000000e+00    0.000000e+00
 16971.00000   1.000000e+00    0.000000e+00
 16972.00000   1.000000e+00    0.000000e+00
 16973.00000   1.000000e+00    0.000000e+00
 16974.00000   1.000000e+00    0.000000e+00
 16975.00000   1.000000e+00    0.000000e+00
 16976.00000   1.000000e+00    0.000000e+00
 16977.00000   1.000000e+00    0.000000e+00
 16978.00000   1.000000e+00    0.000000e+00
 16979.00000   1.000000e+00    0.000000e+00
 16980.00000   1.000000e+00    0.000000e+00
 16981.00000   1.000000e+00    0.000000e+00
 16982.00000   1.000000e+00    0.000000e+00
 16983.00000   1.000000e+00    0.000000e+00
 16984.00000   1.000000e+00    0.000000e+00
 16985.00000   1.000000e+00    0.000000e+00
 16986.00000   1.000000e+00    0.000000e+00
 16987.00000   1.000000e+00    0.000000e+00
 16988.00000   1.000000e+00    0.000000e+00
 16989.00000   1.000000e+00    0.000000e+00
 16990.00000   1.000000e+00    0.000000e+00
 16991.00000   1.000000e+00    0.000000e+00
 16992.00000   1.000000e+00    0.000000e+00
 16993.00000   1.000000e+00    0.000000e+00
 16994.00000   1.000000e+00    0.000000e+00
 16995.00000   1.000000e+00    0.000000e+00
 16996.00000   1.000000e+00    0.000000e+00
 16997.00000   1.000000e+00    0.000000e+00
 16998.00000   1.000000e+00    0.000000e+00
 16999.00000   1.000000e+00    0.000000e+00
 17000.00000   1.000000e+00    0.000000e+00
 17001.00000   1.000000e+00    0.000000e+00
 17002.00000   1.000000e+00    0.000000e+00
 17003.00000   1.000000e+00    0.000000e+00
 17004.00000   1.000000e+00    0.000000e+00
 17005.00000   1.000000e+00    0.000000e+00
 17006.00000   1.000000e+00    0.000000e+00
 17007.00000   1.000000e+00    0.000000e+00
 17008.00000   1.000000e+00    0.000000e+00
 17009.00000   1.000000e+00    0.000000e+00
 17010.00000   1.000000e+00    0.000000e+00
 17011.00000   1.000000e+00    0.000000e+00
 17012.00000   1.000000e+00    0.000000e+00
 17013.00000   1.000000e+00    0.000000e+00
 17014.00000   1.000000e+00    0.000000e+00
 17015.00000   1.000000e+00    0.000000e+00
 17016.00000   1.000000e+00    0.000000e+00
 17017.00000   1.000000e+00    0.000000e+00
 17018.00000   1.000000e+00    0.000000e+00
 17019.00000   1.000000e+00    0.000000e+00
 17020.00000   1.000000e+00    0.000000e+00
 17021.00000   1.000000e+00    0.000000e+00
 17022.00000   1.000000e+00    0.000000e+00
 17023.00000   1.000000e+00    0.000000e+00
 17024.00000   1.000000e+00    0.000000e+00
 17025.00000   1.000000e+00    0.000000e+00
 17026.00000   1.000000e+00    0.000000e+00
 17027.00000   1.000000e+00    0.000000e+00
 17028.00000   1.000000e+00    0.000000e+00
 17029.00000   1.000000e+00    0.000000e+00
 17030.00000   1.000000e+00    0.000000e+00
 17031.00000   1.000000e+00    0.000000e+00
 17032.00000   1.000000e+00    0.000000e+00
 17033.00000   1.000000e+00    0.000000e+00
 17034.00000   1.000000e+00    0.000000e+00
 17035.00000   1.000000e+00    0.000000e+00
 17036.00000   1.000000e+00    0.000000e+00
 17037.00000   1.000000e+00    0.000000e+00
 17038.00000   1.000000e+00    0.000000e+00
 17039.00000   1.000000e+00    0.000000e+00
 17040.00000   1.000000e+00    0.000000e+00
 17041.00000   1.000000e+00    0.000000e+00
 17042.00000   1.000000e+00    0.000000e+00
 17043.00000   1.000000e+00    0.000000e+00
 17044.00000   1.000000e+00    0.000000e+00
 17045.00000   1.000000e+00    0.000000e+00
 17046.00000   1.000000e+00    0.000000e+00
 17047.00000   1.000000e+00    0.000000e+00
 17048.00000   1.000000e+00    0.000000e+00
 17049.00000   1.000000e+00    0.000000e+00
 17050.00000   1.000000e+00    0.000000e+00
 17051.00000   1.000000e+00    0.000000e+00
 17052.00000   1.000000e+00    0.000000e+00
 17053.00000   1.000000e+00    0.000000e+00
 17054.00000   1.000000e+00    0.000000e+00
 17055.00000   1.000000e+00    0.000000e+00
 17056.00000   1.000000e+00    0.000000e+00
 17057.00000   1.000000e+00    0.000000e+00
 17058.00000   1.000000e+00    0.000000e+00
 17059.00000   1.000000e+00    0.000000e+00
 17060.00000   1.000000e+00    0.000000e+00
 17061.00000   1.000000e+00    0.000000e+00
 17062.00000   1.000000e+00    0.000000e+00
 17063.00000   1.000000e+00    0.000000e+00
 17064.00000   1.000000e+00    0.000000e+00
 17065.00000   1.000000e+00    0.000000e+00
 17066.00000   1.000000e+00    0.000000e+00
 17067.00000   1.000000e+00    0.000000e+00
 17068.00000   1.000000e+00    0.000000e+00
 17069.00000   1.000000e+00    0.000000e+00
 17070.00000   1.000000e+00    0.000000e+00
 17071.00000   1.000000e+00    0.000000e+00
 17072.00000   1.000000e+00    0.000000e+00
 17073.00000   1.000000e+00    0.000000e+00
 17074.00000   1.000000e+00    0.000000e+00
 17075.00000   1.000000e+00    0.000000e+00
 17076.00000   1.000000e+00    0.000000e+00
 17077.00000   1.000000e+00    0.000000e+00
 17078.00000   1.000000e+00    0.000000e+00
 17079.00000   1.000000e+00    0.000000e+00
 17080.00000   1.000000e+00    0.000000e+00
 17081.00000   1.000000e+00    0.000000e+00
 17082.00000   1.000000e+00    0.000000e+00
 17083.00000   1.000000e+00    0.000000e+00
 17084.00000   1.000000e+00    0.000000e+00
 17085.00000   1.000000e+00    0.000000e+00
 17086.00000   1.000000e+00    0.000000e+00
 17087.00000   1.000000e+00    0.000000e+00
 17088.00000   1.000000e+00    0.000000e+00
 17089.00000   1.000000e+00    0.000000e+00
 17090.00000   1.000000e+00    0.000000e+00
 17091.00000   1.000000e+00    0.000000e+00
 17092.00000   1.000000e+00    0.000000e+00
 17093.00000   1.000000e+00    0.000000e+00
 17094.00000   1.000000e+00    0.000000e+00
 17095.00000   1.000000e+00    0.000000e+00
 17096.00000   1.000000e+00    0.000000e+00
 17097.00000   1.000000e+00    0.000000e+00
 17098.00000   1.000000e+00    0.000000e+00
 17099.00000   1.000000e+00    0.000000e+00
 17100.00000   1.000000e+00    0.000000e+00
 17101.00000   1.000000e+00    0.000000e+00
 17102.00000   1.000000e+00    0.000000e+00
 17103.00000   1.000000e+00    0.000000e+00
 17104.00000   1.000000e+00    0.000000e+00
 17105.00000   1.000000e+00    0.000000e+00
 17106.00000   1.000000e+00    0.000000e+00
 17107.00000   1.000000e+00    0.000000e+00
 17108.00000   1.000000e+00    0.000000e+00
 17109.00000   1.000000e+00    0.000000e+00
 17110.00000   1.000000e+00    0.000000e+00
 17111.00000   1.000000e+00    0.000000e+00
 17112.00000   1.000000e+00    0.000000e+00
 17113.00000   1.000000e+00    0.000000e+00
 17114.00000   1.000000e+00    0.000000e+00
 17115.00000   1.000000e+00    0.000000e+00
 17116.00000   1.000000e+00    0.000000e+00
 17117.00000   1.000000e+00    0.000000e+00
 17118.00000   1.000000e+00    0.000000e+00
 17119.00000   1.000000e+00    0.000000e+00
 17120.00000   1.000000e+00    0.000000e+00
 17121.00000   1.000000e+00    0.000000e+00
 17122.00000   1.000000e+00    0.000000e+00
 17123.00000   1.000000e+00    0.000000e+00
 17124.00000   1.000000e+00    0.000000e+00
 17125.00000   1.000000e+00    0.000000e+00
 17126.00000   1.000000e+00    0.000000e+00
 17127.00000   1.000000e+00    0.000000e+00
 17128.00000   1.000000e+00    0.000000e+00
 17129.00000   1.000000e+00    0.000000e+00
 17130.00000   1.000000e+00    0.000000e+00
 17131.00000   1.000000e+00    0.000000e+00
 17132.00000   1.000000e+00    0.000000e+00
 17133.00000   1.000000e+00    0.000000e+00
 17134.00000   1.000000e+00    0.000000e+00
 17135.00000   1.000000e+00    0.000000e+00
 17136.00000   1.000000e+00    0.000000e+00
 17137.00000   1.000000e+00    0.000000e+00
 17138.00000   1.000000e+00    0.000000e+00
 17139.00000   1.000000e+00    0.000000e+00
 17140.00000   1.000000e+00    0.000000e+00
 17141.00000   1.000000e+00    0.000000e+00
 17142.00000   1.000000e+00    0.000000e+00
 17143.00000   1.000000e+00    0.000000e+00
 17144.00000   1.000000e+00    0.000000e+00
 17145.00000   1.000000e+00    0.000000e+00
 17146.00000   1.000000e+00    0.000000e+00
 17147.00000   1.000000e+00    0.000000e+00
 17148.00000   1.000000e+00    0.000000e+00
 17149.00000   1.000000e+00    0.000000e+00
 17150.00000   1.000000e+00    0.000000e+00
 17151.00000   1.000000e+00    0.000000e+00
 17152.00000   1.000000e+00    0.000000e+00
 17153.00000   1.000000e+00    0.000000e+00
 17154.00000   1.000000e+00    0.000000e+00
 17155.00000   1.000000e+00    0.000000e+00
 17156.00000   1.000000e+00    0.000000e+00
 17157.00000   1.000000e+00    0.000000e+00
 17158.00000   1.000000e+00    0.000000e+00
 17159.00000   1.000000e+00    0.000000e+00
 17160.00000   1.000000e+00    0.000000e+00
 17161.00000   1.000000e+00    0.000000e+00
 17162.00000   1.000000e+00    0.000000e+00
 17163.00000   1.000000e+00    0.000000e+00
 17164.00000   1.000000e+00    0.000000e+00
 17165.00000   1.000000e+00    0.000000e+00
 17166.00000   1.000000e+00    0.000000e+00
 17167.00000   1.000000e+00    0.000000e+00
 17168.00000   1.000000e+00    0.000000e+00
 17169.00000   1.000000e+00    0.000000e+00
 17170.00000   1.000000e+00    0.000000e+00
 17171.00000   1.000000e+00    0.000000e+00
 17172.00000   1.000000e+00    0.000000e+00
 17173.00000   1.000000e+00    0.000000e+00
 17174.00000   1.000000e+00    0.000000e+00
 17175.00000   1.000000e+00    0.000000e+00
 17176.00000   1.000000e+00    0.000000e+00
 17177.00000   1.000000e+00    0.000000e+00
 17178.00000   1.000000e+00    0.000000e+00
 17179.00000   1.000000e+00    0.000000e+00
 17180.00000   1.000000e+00    0.000000e+00
 17181.00000   1.000000e+00    0.000000e+00
 17182.00000   1.000000e+00    0.000000e+00
 17183.00000   1.000000e+00    0.000000e+00
 17184.00000   1.000000e+00    0.000000e+00
 17185.00000   1.000000e+00    0.000000e+00
 17186.00000   1.000000e+00    0.000000e+00
 17187.00000   1.000000e+00    0.000000e+00
 17188.00000   1.000000e+00    0.000000e+00
 17189.00000   1.000000e+00    0.000000e+00
 17190.00000   1.000000e+00    0.000000e+00
 17191.00000   1.000000e+00    0.000000e+00
 17192.00000   1.000000e+00    0.000000e+00
 17193.00000   1.000000e+00    0.000000e+00
 17194.00000   1.000000e+00    0.000000e+00
 17195.00000   1.000000e+00    0.000000e+00
 17196.00000   1.000000e+00    0.000000e+00
 17197.00000   1.000000e+00    0.000000e+00
 17198.00000   1.000000e+00    0.000000e+00
 17199.00000   1.000000e+00    0.000000e+00
 17200.00000   1.000000e+00    0.000000e+00
 17201.00000   1.000000e+00    0.000000e+00
 17202.00000   1.000000e+00    0.000000e+00
 17203.00000   1.000000e+00    0.000000e+00
 17204.00000   1.000000e+00    0.000000e+00
 17205.00000   1.000000e+00    0.000000e+00
 17206.00000   1.000000e+00    0.000000e+00
 17207.00000   1.000000e+00    0.000000e+00
 17208.00000   1.000000e+00    0.000000e+00
 17209.00000   1.000000e+00    0.000000e+00
 17210.00000   1.000000e+00    0.000000e+00
 17211.00000   1.000000e+00    0.000000e+00
 17212.00000   1.000000e+00    0.000000e+00
 17213.00000   1.000000e+00    0.000000e+00
 17214.00000   1.000000e+00    0.000000e+00
 17215.00000   1.000000e+00    0.000000e+00
 17216.00000   1.000000e+00    0.000000e+00
 17217.00000   1.000000e+00    0.000000e+00
 17218.00000   1.000000e+00    0.000000e+00
 17219.00000   1.000000e+00    0.000000e+00
 17220.00000   1.000000e+00    0.000000e+00
 17221.00000   1.000000e+00    0.000000e+00
 17222.00000   1.000000e+00    0.000000e+00
 17223.00000   1.000000e+00    0.000000e+00
 17224.00000   1.000000e+00    0.000000e+00
 17225.00000   1.000000e+00    0.000000e+00
 17226.00000   1.000000e+00    0.000000e+00
 17227.00000   1.000000e+00    0.000000e+00
 17228.00000   1.000000e+00    0.000000e+00
 17229.00000   1.000000e+00    0.000000e+00
 17230.00000   1.000000e+00    0.000000e+00
 17231.00000   1.000000e+00    0.000000e+00
 17232.00000   1.000000e+00    0.000000e+00
 17233.00000   1.000000e+00    0.000000e+00
 17234.00000   1.000000e+00    0.000000e+00
 17235.00000   1.000000e+00    0.000000e+00
 17236.00000   1.000000e+00    0.000000e+00
 17237.00000   1.000000e+00    0.000000e+00
 17238.00000   1.000000e+00    0.000000e+00
 17239.00000   1.000000e+00    0.000000e+00
 17240.00000   1.000000e+00    0.000000e+00
 17241.00000   1.000000e+00    0.000000e+00
 17242.00000   1.000000e+00    0.000000e+00
 17243.00000   1.000000e+00    0.000000e+00
 17244.00000   1.000000e+00    0.000000e+00
 17245.00000   1.000000e+00    0.000000e+00
 17246.00000   1.000000e+00    0.000000e+00
 17247.00000   1.000000e+00    0.000000e+00
 17248.00000   1.000000e+00    0.000000e+00
 17249.00000   1.000000e+00    0.000000e+00
 17250.00000   1.000000e+00    0.000000e+00
 17251.00000   1.000000e+00    0.000000e+00
 17252.00000   1.000000e+00    0.000000e+00
 17253.00000   1.000000e+00    0.000000e+00
 17254.00000   1.000000e+00    0.000000e+00
 17255.00000   1.000000e+00    0.000000e+00
 17256.00000   1.000000e+00    0.000000e+00
 17257.00000   1.000000e+00    0.000000e+00
 17258.00000   1.000000e+00    0.000000e+00
 17259.00000   1.000000e+00    0.000000e+00
 17260.00000   1.000000e+00    0.000000e+00
 17261.00000   1.000000e+00    0.000000e+00
 17262.00000   1.000000e+00    0.000000e+00
 17263.00000   1.000000e+00    0.000000e+00
 17264.00000   1.000000e+00    0.000000e+00
 17265.00000   1.000000e+00    0.000000e+00
 17266.00000   1.000000e+00    0.000000e+00
 17267.00000   1.000000e+00    0.000000e+00
 17268.00000   1.000000e+00    0.000000e+00
 17269.00000   1.000000e+00    0.000000e+00
 17270.00000   1.000000e+00    0.000000e+00
 17271.00000   1.000000e+00    0.000000e+00
 17272.00000   1.000000e+00    0.000000e+00
 17273.00000   1.000000e+00    0.000000e+00
 17274.00000   1.000000e+00    0.000000e+00
 17275.00000   1.000000e+00    0.000000e+00
 17276.00000   1.000000e+00    0.000000e+00
 17277.00000   1.000000e+00    0.000000e+00
 17278.00000   1.000000e+00    0.000000e+00
 17279.00000   1.000000e+00    0.000000e+00
 17280.00000   1.000000e+00    0.000000e+00
 17281.00000   1.000000e+00    0.000000e+00
 17282.00000   1.000000e+00    0.000000e+00
 17283.00000   1.000000e+00    0.000000e+00
 17284.00000   1.000000e+00    0.000000e+00
 17285.00000   1.000000e+00    0.000000e+00
 17286.00000   1.000000e+00    0.000000e+00
 17287.00000   1.000000e+00    0.000000e+00
 17288.00000   1.000000e+00    0.000000e+00
 17289.00000   1.000000e+00    0.000000e+00
 17290.00000   1.000000e+00    0.000000e+00
 17291.00000   1.000000e+00    0.000000e+00
 17292.00000   1.000000e+00    0.000000e+00
 17293.00000   1.000000e+00    0.000000e+00
 17294.00000   1.000000e+00    0.000000e+00
 17295.00000   1.000000e+00    0.000000e+00
 17296.00000   1.000000e+00    0.000000e+00
 17297.00000   1.000000e+00    0.000000e+00
 17298.00000   1.000000e+00    0.000000e+00
 17299.00000   1.000000e+00    0.000000e+00
 17300.00000   1.000000e+00    0.000000e+00
 17301.00000   1.000000e+00    0.000000e+00
 17302.00000   1.000000e+00    0.000000e+00
 17303.00000   1.000000e+00    0.000000e+00
 17304.00000   1.000000e+00    0.000000e+00
 17305.00000   1.000000e+00    0.000000e+00
 17306.00000   1.000000e+00    0.000000e+00
 17307.00000   1.000000e+00    0.000000e+00
 17308.00000   1.000000e+00    0.000000e+00
 17309.00000   1.000000e+00    0.000000e+00
 17310.00000   1.000000e+00    0.000000e+00
 17311.00000   1.000000e+00    0.000000e+00
 17312.00000   1.000000e+00    0.000000e+00
 17313.00000   1.000000e+00    0.000000e+00
 17314.00000   1.000000e+00    0.000000e+00
 17315.00000   1.000000e+00    0.000000e+00
 17316.00000   1.000000e+00    0.000000e+00
 17317.00000   1.000000e+00    0.000000e+00
 17318.00000   1.000000e+00    0.000000e+00
 17319.00000   1.000000e+00    0.000000e+00
 17320.00000   1.000000e+00    0.000000e+00
 17321.00000   1.000000e+00    0.000000e+00
 17322.00000   1.000000e+00    0.000000e+00
 17323.00000   1.000000e+00    0.000000e+00
 17324.00000   1.000000e+00    0.000000e+00
 17325.00000   1.000000e+00    0.000000e+00
 17326.00000   1.000000e+00    0.000000e+00
 17327.00000   1.000000e+00    0.000000e+00
 17328.00000   1.000000e+00    0.000000e+00
 17329.00000   1.000000e+00    0.000000e+00
 17330.00000   1.000000e+00    0.000000e+00
 17331.00000   1.000000e+00    0.000000e+00
 17332.00000   1.000000e+00    0.000000e+00
 17333.00000   1.000000e+00    0.000000e+00
 17334.00000   1.000000e+00    0.000000e+00
 17335.00000   1.000000e+00    0.000000e+00
 17336.00000   1.000000e+00    0.000000e+00
 17337.00000   1.000000e+00    0.000000e+00
 17338.00000   1.000000e+00    0.000000e+00
 17339.00000   1.000000e+00    0.000000e+00
 17340.00000   1.000000e+00    0.000000e+00
 17341.00000   1.000000e+00    0.000000e+00
 17342.00000   1.000000e+00    0.000000e+00
 17343.00000   1.000000e+00    0.000000e+00
 17344.00000   1.000000e+00    0.000000e+00
 17345.00000   1.000000e+00    0.000000e+00
 17346.00000   1.000000e+00    0.000000e+00
 17347.00000   1.000000e+00    0.000000e+00
 17348.00000   1.000000e+00    0.000000e+00
 17349.00000   1.000000e+00    0.000000e+00
 17350.00000   1.000000e+00    0.000000e+00
 17351.00000   1.000000e+00    0.000000e+00
 17352.00000   1.000000e+00    0.000000e+00
 17353.00000   1.000000e+00    0.000000e+00
 17354.00000   1.000000e+00    0.000000e+00
 17355.00000   1.000000e+00    0.000000e+00
 17356.00000   1.000000e+00    0.000000e+00
 17357.00000   1.000000e+00    0.000000e+00
 17358.00000   1.000000e+00    0.000000e+00
 17359.00000   1.000000e+00    0.000000e+00
 17360.00000   1.000000e+00    0.000000e+00
 17361.00000   1.000000e+00    0.000000e+00
 17362.00000   1.000000e+00    0.000000e+00
 17363.00000   1.000000e+00    0.000000e+00
 17364.00000   1.000000e+00    0.000000e+00
 17365.00000   1.000000e+00    0.000000e+00
 17366.00000   1.000000e+00    0.000000e+00
 17367.00000   1.000000e+00    0.000000e+00
 17368.00000   1.000000e+00    0.000000e+00
 17369.00000   1.000000e+00    0.000000e+00
 17370.00000   1.000000e+00    0.000000e+00
 17371.00000   1.000000e+00    0.000000e+00
 17372.00000   1.000000e+00    0.000000e+00
 17373.00000   1.000000e+00    0.000000e+00
 17374.00000   1.000000e+00    0.000000e+00
 17375.00000   1.000000e+00    0.000000e+00
 17376.00000   1.000000e+00    0.000000e+00
 17377.00000   1.000000e+00    0.000000e+00
 17378.00000   1.000000e+00    0.000000e+00
 17379.00000   1.000000e+00    0.000000e+00
 17380.00000   1.000000e+00    0.000000e+00
 17381.00000   1.000000e+00    0.000000e+00
 17382.00000   1.000000e+00    0.000000e+00
 17383.00000   1.000000e+00    0.000000e+00
 17384.00000   1.000000e+00    0.000000e+00
 17385.00000   1.000000e+00    0.000000e+00
 17386.00000   1.000000e+00    0.000000e+00
 17387.00000   1.000000e+00    0.000000e+00
 17388.00000   1.000000e+00    0.000000e+00
 17389.00000   1.000000e+00    0.000000e+00
 17390.00000   1.000000e+00    0.000000e+00
 17391.00000   1.000000e+00    0.000000e+00
 17392.00000   1.000000e+00    0.000000e+00
 17393.00000   1.000000e+00    0.000000e+00
 17394.00000   1.000000e+00    0.000000e+00
 17395.00000   1.000000e+00    0.000000e+00
 17396.00000   1.000000e+00    0.000000e+00
 17397.00000   1.000000e+00    0.000000e+00
 17398.00000   1.000000e+00    0.000000e+00
 17399.00000   1.000000e+00    0.000000e+00
 17400.00000   1.000000e+00    0.000000e+00
 17401.00000   1.000000e+00    0.000000e+00
 17402.00000   1.000000e+00    0.000000e+00
 17403.00000   1.000000e+00    0.000000e+00
 17404.00000   1.000000e+00    0.000000e+00
 17405.00000   1.000000e+00    0.000000e+00
 17406.00000   1.000000e+00    0.000000e+00
 17407.00000   1.000000e+00    0.000000e+00
 17408.00000   1.000000e+00    0.000000e+00
 17409.00000   1.000000e+00    0.000000e+00
 17410.00000   1.000000e+00    0.000000e+00
 17411.00000   1.000000e+00    0.000000e+00
 17412.00000   1.000000e+00    0.000000e+00
 17413.00000   1.000000e+00    0.000000e+00
 17414.00000   1.000000e+00    0.000000e+00
 17415.00000   1.000000e+00    0.000000e+00
 17416.00000   1.000000e+00    0.000000e+00
 17417.00000   1.000000e+00    0.000000e+00
 17418.00000   1.000000e+00    0.000000e+00
 17419.00000   1.000000e+00    0.000000e+00
 17420.00000   1.000000e+00    0.000000e+00
 17421.00000   1.000000e+00    0.000000e+00
 17422.00000   1.000000e+00    0.000000e+00
 17423.00000   1.000000e+00    0.000000e+00
 17424.00000   1.000000e+00    0.000000e+00
 17425.00000   1.000000e+00    0.000000e+00
 17426.00000   1.000000e+00    0.000000e+00
 17427.00000   1.000000e+00    0.000000e+00
 17428.00000   1.000000e+00    0.000000e+00
 17429.00000   1.000000e+00    0.000000e+00
 17430.00000   1.000000e+00    0.000000e+00
 17431.00000   1.000000e+00    0.000000e+00
 17432.00000   1.000000e+00    0.000000e+00
 17433.00000   1.000000e+00    0.000000e+00
 17434.00000   1.000000e+00    0.000000e+00
 17435.00000   1.000000e+00    0.000000e+00
 17436.00000   1.000000e+00    0.000000e+00
 17437.00000   1.000000e+00    0.000000e+00
 17438.00000   1.000000e+00    0.000000e+00
 17439.00000   1.000000e+00    0.000000e+00
 17440.00000   1.000000e+00    0.000000e+00
 17441.00000   1.000000e+00    0.000000e+00
 17442.00000   1.000000e+00    0.000000e+00
 17443.00000   1.000000e+00    0.000000e+00
 17444.00000   1.000000e+00    0.000000e+00
 17445.00000   1.000000e+00    0.000000e+00
 17446.00000   1.000000e+00    0.000000e+00
 17447.00000   1.000000e+00    0.000000e+00
 17448.00000   1.000000e+00    0.000000e+00
 17449.00000   1.000000e+00    0.000000e+00
 17450.00000   1.000000e+00    0.000000e+00
 17451.00000   1.000000e+00    0.000000e+00
 17452.00000   1.000000e+00    0.000000e+00
 17453.00000   1.000000e+00    0.000000e+00
 17454.00000   1.000000e+00    0.000000e+00
 17455.00000   1.000000e+00    0.000000e+00
 17456.00000   1.000000e+00    0.000000e+00
 17457.00000   1.000000e+00    0.000000e+00
 17458.00000   1.000000e+00    0.000000e+00
 17459.00000   1.000000e+00    0.000000e+00
 17460.00000   1.000000e+00    0.000000e+00
 17461.00000   1.000000e+00    0.000000e+00
 17462.00000   1.000000e+00    0.000000e+00
 17463.00000   1.000000e+00    0.000000e+00
 17464.00000   1.000000e+00    0.000000e+00
 17465.00000   1.000000e+00    0.000000e+00
 17466.00000   1.000000e+00    0.000000e+00
 17467.00000   1.000000e+00    0.000000e+00
 17468.00000   1.000000e+00    0.000000e+00
 17469.00000   1.000000e+00    0.000000e+00
 17470.00000   1.000000e+00    0.000000e+00
 17471.00000   1.000000e+00    0.000000e+00
 17472.00000   1.000000e+00    0.000000e+00
 17473.00000   1.000000e+00    0.000000e+00
 17474.00000   1.000000e+00    0.000000e+00
 17475.00000   1.000000e+00    0.000000e+00
 17476.00000   1.000000e+00    0.000000e+00
 17477.00000   1.000000e+00    0.000000e+00
 17478.00000   1.000000e+00    0.000000e+00
 17479.00000   1.000000e+00    0.000000e+00
 17480.00000   1.000000e+00    0.000000e+00
 17481.00000   1.000000e+00    0.000000e+00
 17482.00000   1.000000e+00    0.000000e+00
 17483.00000   1.000000e+00    0.000000e+00
 17484.00000   1.000000e+00    0.000000e+00
 17485.00000   1.000000e+00    0.000000e+00
 17486.00000   1.000000e+00    0.000000e+00
 17487.00000   1.000000e+00    0.000000e+00
 17488.00000   1.000000e+00    0.000000e+00
 17489.00000   1.000000e+00    0.000000e+00
 17490.00000   1.000000e+00    0.000000e+00
 17491.00000   1.000000e+00    0.000000e+00
 17492.00000   1.000000e+00    0.000000e+00
 17493.00000   1.000000e+00    0.000000e+00
 17494.00000   1.000000e+00    0.000000e+00
 17495.00000   1.000000e+00    0.000000e+00
 17496.00000   1.000000e+00    0.000000e+00
 17497.00000   1.000000e+00    0.000000e+00
 17498.00000   1.000000e+00    0.000000e+00
 17499.00000   1.000000e+00    0.000000e+00
 17500.00000   1.000000e+00    0.000000e+00
 17501.00000   1.000000e+00    0.000000e+00
 17502.00000   1.000000e+00    0.000000e+00
 17503.00000   1.000000e+00    0.000000e+00
 17504.00000   1.000000e+00    0.000000e+00
 17505.00000   1.000000e+00    0.000000e+00
 17506.00000   1.000000e+00    0.000000e+00
 17507.00000   1.000000e+00    0.000000e+00
 17508.00000   1.000000e+00    0.000000e+00
 17509.00000   1.000000e+00    0.000000e+00
 17510.00000   1.000000e+00    0.000000e+00
 17511.00000   1.000000e+00    0.000000e+00
 17512.00000   1.000000e+00    0.000000e+00
 17513.00000   1.000000e+00    0.000000e+00
 17514.00000   1.000000e+00    0.000000e+00
 17515.00000   1.000000e+00    0.000000e+00
 17516.00000   1.000000e+00    0.000000e+00
 17517.00000   1.000000e+00    0.000000e+00
 17518.00000   1.000000e+00    0.000000e+00
 17519.00000   1.000000e+00    0.000000e+00
 17520.00000   1.000000e+00    0.000000e+00
 17521.00000   1.000000e+00    0.000000e+00
 17522.00000   1.000000e+00    0.000000e+00
 17523.00000   1.000000e+00    0.000000e+00
 17524.00000   1.000000e+00    0.000000e+00
 17525.00000   1.000000e+00    0.000000e+00
 17526.00000   1.000000e+00    0.000000e+00
 17527.00000   1.000000e+00    0.000000e+00
 17528.00000   1.000000e+00    0.000000e+00
 17529.00000   1.000000e+00    0.000000e+00
 17530.00000   1.000000e+00    0.000000e+00
 17531.00000   1.000000e+00    0.000000e+00
 17532.00000   1.000000e+00    0.000000e+00
 17533.00000   1.000000e+00    0.000000e+00
 17534.00000   1.000000e+00    0.000000e+00
 17535.00000   1.000000e+00    0.000000e+00
 17536.00000   1.000000e+00    0.000000e+00
 17537.00000   1.000000e+00    0.000000e+00
 17538.00000   1.000000e+00    0.000000e+00
 17539.00000   1.000000e+00    0.000000e+00
 17540.00000   1.000000e+00    0.000000e+00
 17541.00000   1.000000e+00    0.000000e+00
 17542.00000   1.000000e+00    0.000000e+00
 17543.00000   1.000000e+00    0.000000e+00
 17544.00000   1.000000e+00    0.000000e+00
 17545.00000   1.000000e+00    0.000000e+00
 17546.00000   1.000000e+00    0.000000e+00
 17547.00000   1.000000e+00    0.000000e+00
 17548.00000   1.000000e+00    0.000000e+00
 17549.00000   1.000000e+00    0.000000e+00
 17550.00000   1.000000e+00    0.000000e+00
 17551.00000   1.000000e+00    0.000000e+00
 17552.00000   1.000000e+00    0.000000e+00
 17553.00000   1.000000e+00    0.000000e+00
 17554.00000   1.000000e+00    0.000000e+00
 17555.00000   1.000000e+00    0.000000e+00
 17556.00000   1.000000e+00    0.000000e+00
 17557.00000   1.000000e+00    0.000000e+00
 17558.00000   1.000000e+00    0.000000e+00
 17559.00000   1.000000e+00    0.000000e+00
 17560.00000   1.000000e+00    0.000000e+00
 17561.00000   1.000000e+00    0.000000e+00
 17562.00000   1.000000e+00    0.000000e+00
 17563.00000   1.000000e+00    0.000000e+00
 17564.00000   1.000000e+00    0.000000e+00
 17565.00000   1.000000e+00    0.000000e+00
 17566.00000   1.000000e+00    0.000000e+00
 17567.00000   1.000000e+00    0.000000e+00
 17568.00000   1.000000e+00    0.000000e+00
 17569.00000   1.000000e+00    0.000000e+00
 17570.00000   1.000000e+00    0.000000e+00
 17571.00000   1.000000e+00    0.000000e+00
 17572.00000   1.000000e+00    0.000000e+00
 17573.00000   1.000000e+00    0.000000e+00
 17574.00000   1.000000e+00    0.000000e+00
 17575.00000   1.000000e+00    0.000000e+00
 17576.00000   1.000000e+00    0.000000e+00
 17577.00000   1.000000e+00    0.000000e+00
 17578.00000   1.000000e+00    0.000000e+00
 17579.00000   1.000000e+00    0.000000e+00
 17580.00000   1.000000e+00    0.000000e+00
 17581.00000   1.000000e+00    0.000000e+00
 17582.00000   1.000000e+00    0.000000e+00
 17583.00000   1.000000e+00    0.000000e+00
 17584.00000   1.000000e+00    0.000000e+00
 17585.00000   1.000000e+00    0.000000e+00
 17586.00000   1.000000e+00    0.000000e+00
 17587.00000   1.000000e+00    0.000000e+00
 17588.00000   1.000000e+00    0.000000e+00
 17589.00000   1.000000e+00    0.000000e+00
 17590.00000   1.000000e+00    0.000000e+00
 17591.00000   1.000000e+00    0.000000e+00
 17592.00000   1.000000e+00    0.000000e+00
 17593.00000   1.000000e+00    0.000000e+00
 17594.00000   1.000000e+00    0.000000e+00
 17595.00000   1.000000e+00    0.000000e+00
 17596.00000   1.000000e+00    0.000000e+00
 17597.00000   1.000000e+00    0.000000e+00
 17598.00000   1.000000e+00    0.000000e+00
 17599.00000   1.000000e+00    0.000000e+00
 17600.00000   1.000000e+00    0.000000e+00
 17601.00000   1.000000e+00    0.000000e+00
 17602.00000   1.000000e+00    0.000000e+00
 17603.00000   1.000000e+00    0.000000e+00
 17604.00000   1.000000e+00    0.000000e+00
 17605.00000   1.000000e+00    0.000000e+00
 17606.00000   1.000000e+00    0.000000e+00
 17607.00000   1.000000e+00    0.000000e+00
 17608.00000   1.000000e+00    0.000000e+00
 17609.00000   1.000000e+00    0.000000e+00
 17610.00000   1.000000e+00    0.000000e+00
 17611.00000   1.000000e+00    0.000000e+00
 17612.00000   1.000000e+00    0.000000e+00
 17613.00000   1.000000e+00    0.000000e+00
 17614.00000   1.000000e+00    0.000000e+00
 17615.00000   1.000000e+00    0.000000e+00
 17616.00000   1.000000e+00    0.000000e+00
 17617.00000   1.000000e+00    0.000000e+00
 17618.00000   1.000000e+00    0.000000e+00
 17619.00000   1.000000e+00    0.000000e+00
 17620.00000   1.000000e+00    0.000000e+00
 17621.00000   1.000000e+00    0.000000e+00
 17622.00000   1.000000e+00    0.000000e+00
 17623.00000   1.000000e+00    0.000000e+00
 17624.00000   1.000000e+00    0.000000e+00
 17625.00000   1.000000e+00    0.000000e+00
 17626.00000   1.000000e+00    0.000000e+00
 17627.00000   1.000000e+00    0.000000e+00
 17628.00000   1.000000e+00    0.000000e+00
 17629.00000   1.000000e+00    0.000000e+00
 17630.00000   1.000000e+00    0.000000e+00
 17631.00000   1.000000e+00    0.000000e+00
 17632.00000   1.000000e+00    0.000000e+00
 17633.00000   1.000000e+00    0.000000e+00
 17634.00000   1.000000e+00    0.000000e+00
 17635.00000   1.000000e+00    0.000000e+00
 17636.00000   1.000000e+00    0.000000e+00
 17637.00000   1.000000e+00    0.000000e+00
 17638.00000   1.000000e+00    0.000000e+00
 17639.00000   1.000000e+00    0.000000e+00
 17640.00000   1.000000e+00    0.000000e+00
 17641.00000   1.000000e+00    0.000000e+00
 17642.00000   1.000000e+00    0.000000e+00
 17643.00000   1.000000e+00    0.000000e+00
 17644.00000   1.000000e+00    0.000000e+00
 17645.00000   1.000000e+00    0.000000e+00
 17646.00000   1.000000e+00    0.000000e+00
 17647.00000   1.000000e+00    0.000000e+00
 17648.00000   1.000000e+00    0.000000e+00
 17649.00000   1.000000e+00    0.000000e+00
 17650.00000   1.000000e+00    0.000000e+00
 17651.00000   1.000000e+00    0.000000e+00
 17652.00000   1.000000e+00    0.000000e+00
 17653.00000   1.000000e+00    0.000000e+00
 17654.00000   1.000000e+00    0.000000e+00
 17655.00000   1.000000e+00    0.000000e+00
 17656.00000   1.000000e+00    0.000000e+00
 17657.00000   1.000000e+00    0.000000e+00
 17658.00000   1.000000e+00    0.000000e+00
 17659.00000   1.000000e+00    0.000000e+00
 17660.00000   1.000000e+00    0.000000e+00
 17661.00000   1.000000e+00    0.000000e+00
 17662.00000   1.000000e+00    0.000000e+00
 17663.00000   1.000000e+00    0.000000e+00
 17664.00000   1.000000e+00    0.000000e+00
 17665.00000   1.000000e+00    0.000000e+00
 17666.00000   1.000000e+00    0.000000e+00
 17667.00000   1.000000e+00    0.000000e+00
 17668.00000   1.000000e+00    0.000000e+00
 17669.00000   1.000000e+00    0.000000e+00
 17670.00000   1.000000e+00    0.000000e+00
 17671.00000   1.000000e+00    0.000000e+00
 17672.00000   1.000000e+00    0.000000e+00
 17673.00000   1.000000e+00    0.000000e+00
 17674.00000   1.000000e+00    0.000000e+00
 17675.00000   1.000000e+00    0.000000e+00
 17676.00000   1.000000e+00    0.000000e+00
 17677.00000   1.000000e+00    0.000000e+00
 17678.00000   1.000000e+00    0.000000e+00
 17679.00000   1.000000e+00    0.000000e+00
 17680.00000   1.000000e+00    0.000000e+00
 17681.00000   1.000000e+00    0.000000e+00
 17682.00000   1.000000e+00    0.000000e+00
 17683.00000   1.000000e+00    0.000000e+00
 17684.00000   1.000000e+00    0.000000e+00
 17685.00000   1.000000e+00    0.000000e+00
 17686.00000   1.000000e+00    0.000000e+00
 17687.00000   1.000000e+00    0.000000e+00
 17688.00000   1.000000e+00    0.000000e+00
 17689.00000   1.000000e+00    0.000000e+00
 17690.00000   1.000000e+00    0.000000e+00
 17691.00000   1.000000e+00    0.000000e+00
 17692.00000   1.000000e+00    0.000000e+00
 17693.00000   1.000000e+00    0.000000e+00
 17694.00000   1.000000e+00    0.000000e+00
 17695.00000   1.000000e+00    0.000000e+00
 17696.00000   1.000000e+00    0.000000e+00
 17697.00000   1.000000e+00    0.000000e+00
 17698.00000   1.000000e+00    0.000000e+00
 17699.00000   1.000000e+00    0.000000e+00
 17700.00000   1.000000e+00    0.000000e+00
 17701.00000   1.000000e+00    0.000000e+00
 17702.00000   1.000000e+00    0.000000e+00
 17703.00000   1.000000e+00    0.000000e+00
 17704.00000   1.000000e+00    0.000000e+00
 17705.00000   1.000000e+00    0.000000e+00
 17706.00000   1.000000e+00    0.000000e+00
 17707.00000   1.000000e+00    0.000000e+00
 17708.00000   1.000000e+00    0.000000e+00
 17709.00000   1.000000e+00    0.000000e+00
 17710.00000   1.000000e+00    0.000000e+00
 17711.00000   1.000000e+00    0.000000e+00
 17712.00000   1.000000e+00    0.000000e+00
 17713.00000   1.000000e+00    0.000000e+00
 17714.00000   1.000000e+00    0.000000e+00
 17715.00000   1.000000e+00    0.000000e+00
 17716.00000   1.000000e+00    0.000000e+00
 17717.00000   1.000000e+00    0.000000e+00
 17718.00000   1.000000e+00    0.000000e+00
 17719.00000   1.000000e+00    0.000000e+00
 17720.00000   1.000000e+00    0.000000e+00
 17721.00000   1.000000e+00    0.000000e+00
 17722.00000   1.000000e+00    0.000000e+00
 17723.00000   1.000000e+00    0.000000e+00
 17724.00000   1.000000e+00    0.000000e+00
 17725.00000   1.000000e+00    0.000000e+00
 17726.00000   1.000000e+00    0.000000e+00
 17727.00000   1.000000e+00    0.000000e+00
 17728.00000   1.000000e+00    0.000000e+00
 17729.00000   1.000000e+00    0.000000e+00
 17730.00000   1.000000e+00    0.000000e+00
 17731.00000   1.000000e+00    0.000000e+00
 17732.00000   1.000000e+00    0.000000e+00
 17733.00000   1.000000e+00    0.000000e+00
 17734.00000   1.000000e+00    0.000000e+00
 17735.00000   1.000000e+00    0.000000e+00
 17736.00000   1.000000e+00    0.000000e+00
 17737.00000   1.000000e+00    0.000000e+00
 17738.00000   1.000000e+00    0.000000e+00
 17739.00000   1.000000e+00    0.000000e+00
 17740.00000   1.000000e+00    0.000000e+00
 17741.00000   1.000000e+00    0.000000e+00
 17742.00000   1.000000e+00    0.000000e+00
 17743.00000   1.000000e+00    0.000000e+00
 17744.00000   1.000000e+00    0.000000e+00
 17745.00000   1.000000e+00    0.000000e+00
 17746.00000   1.000000e+00    0.000000e+00
 17747.00000   1.000000e+00    0.000000e+00
 17748.00000   1.000000e+00    0.000000e+00
 17749.00000   1.000000e+00    0.000000e+00
 17750.00000   1.000000e+00    0.000000e+00
 17751.00000   1.000000e+00    0.000000e+00
 17752.00000   1.000000e+00    0.000000e+00
 17753.00000   1.000000e+00    0.000000e+00
 17754.00000   1.000000e+00    0.000000e+00
 17755.00000   1.000000e+00    0.000000e+00
 17756.00000   1.000000e+00    0.000000e+00
 17757.00000   1.000000e+00    0.000000e+00
 17758.00000   1.000000e+00    0.000000e+00
 17759.00000   1.000000e+00    0.000000e+00
 17760.00000   1.000000e+00    0.000000e+00
 17761.00000   1.000000e+00    0.000000e+00
 17762.00000   1.000000e+00    0.000000e+00
 17763.00000   1.000000e+00    0.000000e+00
 17764.00000   1.000000e+00    0.000000e+00
 17765.00000   1.000000e+00    0.000000e+00
 17766.00000   1.000000e+00    0.000000e+00
 17767.00000   1.000000e+00    0.000000e+00
 17768.00000   1.000000e+00    0.000000e+00
 17769.00000   1.000000e+00    0.000000e+00
 17770.00000   1.000000e+00    0.000000e+00
 17771.00000   1.000000e+00    0.000000e+00
 17772.00000   1.000000e+00    0.000000e+00
 17773.00000   1.000000e+00    0.000000e+00
 17774.00000   1.000000e+00    0.000000e+00
 17775.00000   1.000000e+00    0.000000e+00
 17776.00000   1.000000e+00    0.000000e+00
 17777.00000   1.000000e+00    0.000000e+00
 17778.00000   1.000000e+00    0.000000e+00
 17779.00000   1.000000e+00    0.000000e+00
 17780.00000   1.000000e+00    0.000000e+00
 17781.00000   1.000000e+00    0.000000e+00
 17782.00000   1.000000e+00    0.000000e+00
 17783.00000   1.000000e+00    0.000000e+00
 17784.00000   1.000000e+00    0.000000e+00
 17785.00000   1.000000e+00    0.000000e+00
 17786.00000   1.000000e+00    0.000000e+00
 17787.00000   1.000000e+00    0.000000e+00
 17788.00000   1.000000e+00    0.000000e+00
 17789.00000   1.000000e+00    0.000000e+00
 17790.00000   1.000000e+00    0.000000e+00
 17791.00000   1.000000e+00    0.000000e+00
 17792.00000   1.000000e+00    0.000000e+00
