  Thu 21-MAR-2013 18:12 Workspace: MANTID-type_Flat_Cell_FRONT
 
 1406    0    0    0    1 1406    0
         0         0         0         0
 3 (F12.5,2E16.6)
 16387.00000    7.385775e-01    2.063004e-03
 16388.00000    7.590554e-01    2.141378e-03
 16389.00000    7.818555e-01    2.228639e-03
 16390.00000    8.704712e-01    2.414731e-03
 16391.00000    9.168138e-01    2.547768e-03
 16392.00000    1.005855e+00    2.746407e-03
 16393.00000    9.711677e-01    2.779674e-03
 16394.00000    1.033222e+00    2.955423e-03
 16395.00000    1.078400e+00    3.114227e-03
 16396.00000    1.251950e+00    3.462655e-03
 16397.00000    1.318664e+00    3.668550e-03
 16398.00000    1.406948e+00    3.912904e-03
 16399.00000    8.661155e-01    2.125968e-03
 16400.00000    8.888583e-01    2.208667e-03
 16401.00000    9.855793e-01    2.388894e-03
 16402.00000    9.661906e-01    2.432816e-03
 16403.00000    1.115325e+00    2.691789e-03
 16404.00000    1.117342e+00    2.777327e-03
 16405.00000    1.231109e+00    3.007862e-03
 16406.00000    1.265863e+00    3.149048e-03
 16407.00000    1.348283e+00    3.357395e-03
 16408.00000    1.420318e+00    3.561401e-03
 16409.00000    1.430537e+00    3.695149e-03
 16410.00000    1.458520e+00    3.858259e-03
 16411.00000    7.411737e-01    1.869964e-03
 16412.00000    8.316919e-01    2.034965e-03
 16413.00000    9.006833e-01    2.179030e-03
 16414.00000    9.894359e-01    2.353336e-03
 16415.00000    9.858200e-01    2.423334e-03
 16416.00000    1.086395e+00    2.627125e-03
 16417.00000    1.250836e+00    2.913570e-03
 16418.00000    1.251318e+00    3.013863e-03
 16419.00000    1.328760e+00    3.213731e-03
 16420.00000    1.321827e+00    3.318046e-03
 16421.00000    1.449685e+00    3.598048e-03
 16422.00000    1.479240e+00    3.763992e-03
 16423.00000    7.908354e-01    1.835447e-03
 16424.00000    8.053211e-01    1.906279e-03
 16425.00000    9.133862e-01    2.092962e-03
 16426.00000    9.809940e-01    2.239281e-03
 16427.00000    1.045271e+00    2.389177e-03
 16428.00000    1.166155e+00    2.610978e-03
 16429.00000    1.134584e+00    2.666638e-03
 16430.00000    1.281167e+00    2.935991e-03
 16431.00000    1.301307e+00    3.067170e-03
 16432.00000    1.490469e+00    3.403765e-03
 16433.00000    1.496215e+00    3.536869e-03
 16434.00000    1.495802e+00    3.667953e-03
 16435.00000    7.937775e-01    1.746286e-03
 16436.00000    8.520817e-01    1.865909e-03
 16437.00000    9.180810e-01    2.000803e-03
 16438.00000    9.822824e-01    2.140973e-03
 16439.00000    1.074196e+00    2.318869e-03
 16440.00000    1.161071e+00    2.499284e-03
 16441.00000    1.255340e+00    2.696135e-03
 16442.00000    1.348447e+00    2.900645e-03
 16443.00000    1.422235e+00    3.093496e-03
 16444.00000    1.472321e+00    3.269326e-03
 16445.00000    1.402684e+00    3.314942e-03
 16446.00000    1.475207e+00    3.531662e-03
 16447.00000    7.070693e-01    1.564431e-03
 16448.00000    7.730566e-01    1.690676e-03
 16449.00000    8.348407e-01    1.818954e-03
 16450.00000    9.277708e-01    1.988020e-03
 16451.00000    9.971252e-01    2.139180e-03
 16452.00000    1.093550e+00    2.327320e-03
 16453.00000    1.226434e+00    2.562250e-03
 16454.00000    1.306175e+00    2.750216e-03
 16455.00000    1.368956e+00    2.929287e-03
 16456.00000    1.356038e+00    3.033682e-03
 16457.00000    1.405119e+00    3.213511e-03
 16458.00000    1.496912e+00    3.451300e-03
 16459.00000    6.171134e-01    1.386909e-03
 16460.00000    6.658645e-01    1.492450e-03
 16461.00000    7.898411e-01    1.686820e-03
 16462.00000    8.364219e-01    1.803811e-03
 16463.00000    9.275565e-01    1.976098e-03
 16464.00000    1.048003e+00    2.186974e-03
 16465.00000    1.082362e+00    2.315378e-03
 16466.00000    1.140881e+00    2.477446e-03
 16467.00000    1.227089e+00    2.678361e-03
 16468.00000    1.398996e+00    2.981421e-03
 16469.00000    1.539820e+00    3.260648e-03
 16470.00000    1.501923e+00    3.356286e-03
 16471.00000    5.902264e-01    1.287078e-03
 16472.00000    6.757098e-01    1.430239e-03
 16473.00000    7.019181e-01    1.516446e-03
 16474.00000    8.427189e-01    1.730940e-03
 16475.00000    9.404029e-01    1.906743e-03
 16476.00000    1.062672e+00    2.115224e-03
 16477.00000    1.170267e+00    2.317589e-03
 16478.00000    1.225119e+00    2.476514e-03
 16479.00000    1.307346e+00    2.672124e-03
 16480.00000    1.365218e+00    2.852016e-03
 16481.00000    1.504920e+00    3.127026e-03
 16482.00000    1.469071e+00    3.225413e-03
 16483.00000    5.976987e-01    1.229342e-03
 16484.00000    6.466836e-01    1.331549e-03
 16485.00000    7.558011e-01    1.501505e-03
 16486.00000    8.792197e-01    1.691375e-03
 16487.00000    9.590126e-01    1.846595e-03
 16488.00000    1.042634e+00    2.014069e-03
 16489.00000    1.128838e+00    2.193023e-03
 16490.00000    1.208367e+00    2.374762e-03
 16491.00000    1.253275e+00    2.531216e-03
 16492.00000    1.353618e+00    2.752804e-03
 16493.00000    1.296124e+00    2.817942e-03
 16494.00000    1.344549e+00    3.001376e-03
 16495.00000    4.916273e-01    1.058771e-03
 16496.00000    6.230670e-01    1.244717e-03
 16497.00000    7.039087e-01    1.383773e-03
 16498.00000    7.883263e-01    1.533494e-03
 16499.00000    8.839316e-01    1.701864e-03
 16500.00000    9.633680e-01    1.863041e-03
 16501.00000    1.072101e+00    2.061447e-03
 16502.00000    1.195864e+00    2.283711e-03
 16503.00000    1.305109e+00    2.502097e-03
 16504.00000    1.349623e+00    2.667670e-03
 16505.00000    1.367794e+00    2.814488e-03
 16506.00000    1.398698e+00    2.981219e-03
 16507.00000    4.778458e-01    9.922460e-04
 16508.00000    5.617095e-01    1.126720e-03
 16509.00000    6.323881e-01    1.253999e-03
 16510.00000    7.414332e-01    1.425827e-03
 16511.00000    8.289317e-01    1.584225e-03
 16512.00000    8.874806e-01    1.723155e-03
 16513.00000    1.017087e+00    1.939419e-03
 16514.00000    1.093857e+00    2.114287e-03
 16515.00000    1.169599e+00    2.297559e-03
 16516.00000    1.205015e+00    2.449710e-03
 16517.00000    1.342114e+00    2.714288e-03
 16518.00000    1.295650e+00    2.798023e-03
 16519.00000    4.064759e-01    8.711432e-04
 16520.00000    4.872910e-01    1.002011e-03
 16521.00000    5.987940e-01    1.168556e-03
 16522.00000    7.291064e-01    1.357865e-03
 16523.00000    8.054459e-01    1.503687e-03
 16524.00000    8.482276e-01    1.626163e-03
 16525.00000    9.494924e-01    1.813056e-03
 16526.00000    1.044528e+00    2.003380e-03
 16527.00000    1.132980e+00    2.197131e-03
 16528.00000    1.232946e+00    2.412153e-03
 16529.00000    1.222914e+00    2.526421e-03
 16530.00000    1.253206e+00    2.687598e-03
 16531.00000    3.499587e-01    7.709725e-04
 16532.00000    5.045314e-01    9.755519e-04
 16533.00000    5.839012e-01    1.107364e-03
 16534.00000    6.658433e-01    1.248732e-03
 16535.00000    7.929142e-01    1.439581e-03
 16536.00000    8.658998e-01    1.589292e-03
 16537.00000    9.309375e-01    1.740513e-03
 16538.00000    1.038278e+00    1.940598e-03
 16539.00000    1.109966e+00    2.117011e-03
 16540.00000    1.153328e+00    2.275145e-03
 16541.00000    1.207587e+00    2.452420e-03
 16542.00000    1.260352e+00    2.636885e-03
 16543.00000    3.036786e-01    6.867917e-04
 16544.00000    3.910291e-01    8.238085e-04
 16545.00000    4.598101e-01    9.453801e-04
 16546.00000    5.280932e-01    1.072852e-03
 16547.00000    6.410397e-01    1.251964e-03
 16548.00000    7.902285e-01    1.472090e-03
 16549.00000    8.944851e-01    1.657914e-03
 16550.00000    9.877183e-01    1.843048e-03
 16551.00000    1.015210e+00    1.975121e-03
 16552.00000    1.221301e+00    2.288012e-03
 16553.00000    1.245214e+00    2.437520e-03
 16554.00000    1.263256e+00    2.587623e-03
 16555.00000    2.883493e-01    6.420937e-04
 16556.00000    3.887906e-01    7.905373e-04
 16557.00000    4.547000e-01    9.073251e-04
 16558.00000    5.328144e-01    1.042841e-03
 16559.00000    5.852889e-01    1.160485e-03
 16560.00000    7.397692e-01    1.384854e-03
 16561.00000    9.235319e-01    1.641437e-03
 16562.00000    9.868693e-01    1.798445e-03
 16563.00000    1.090274e+00    2.001706e-03
 16564.00000    1.111861e+00    2.138230e-03
 16565.00000    1.168746e+00    2.316351e-03
 16566.00000    1.190038e+00    2.466778e-03
 16567.00000    2.499371e-01    5.758423e-04
 16568.00000    3.584129e-01    7.332613e-04
 16569.00000    4.268065e-01    8.515079e-04
 16570.00000    5.042648e-01    9.851815e-04
 16571.00000    5.636107e-01    1.108410e-03
 16572.00000    7.553274e-01    1.364907e-03
 16573.00000    8.619665e-01    1.549674e-03
 16574.00000    9.308741e-01    1.709897e-03
 16575.00000    9.990931e-01    1.878784e-03
 16576.00000    1.063073e+00    2.052981e-03
 16577.00000    1.129608e+00    2.238995e-03
 16578.00000    1.150973e+00    2.388051e-03
 16579.00000    2.387374e-01    5.447153e-04
 16580.00000    3.444827e-01    6.976047e-04
 16581.00000    4.179872e-01    8.197345e-04
 16582.00000    4.923309e-01    9.490901e-04
 16583.00000    5.546764e-01    1.074273e-03
 16584.00000    7.353082e-01    1.318149e-03
 16585.00000    7.598042e-01    1.426461e-03
 16586.00000    9.009830e-01    1.651886e-03
 16587.00000    9.711694e-01    1.821476e-03
 16588.00000    1.076276e+00    2.033857e-03
 16589.00000    1.243389e+00    2.315556e-03
 16590.00000    1.240341e+00    2.446177e-03
 16591.00000    2.538014e-01    5.465957e-04
 16592.00000    3.432719e-01    6.792498e-04
 16593.00000    4.048590e-01    7.885536e-04
 16594.00000    4.971656e-01    9.340165e-04
 16595.00000    6.042033e-01    1.099969e-03
 16596.00000    7.559348e-01    1.313237e-03
 16597.00000    8.469148e-01    1.481949e-03
 16598.00000    9.243936e-01    1.648538e-03
 16599.00000    1.002086e+00    1.825080e-03
 16600.00000    1.082727e+00    2.014290e-03
 16601.00000    1.263832e+00    2.307347e-03
 16602.00000    1.240155e+00    2.419576e-03
 16603.00000    2.541792e-01    5.356195e-04
 16604.00000    3.455346e-01    6.685095e-04
 16605.00000    4.274251e-01    7.961378e-04
 16606.00000    5.073084e-01    9.284747e-04
 16607.00000    5.667649e-01    1.049786e-03
 16608.00000    7.366148e-01    1.279013e-03
 16609.00000    8.286495e-01    1.447894e-03
 16610.00000    9.299608e-01    1.634860e-03
 16611.00000    9.930443e-01    1.797959e-03
 16612.00000    1.111575e+00    2.021416e-03
 16613.00000    1.127127e+00    2.159594e-03
 16614.00000    1.220109e+00    2.380235e-03
 16615.00000    2.373573e-01    5.102116e-04
 16616.00000    3.429241e-01    6.573208e-04
 16617.00000    4.284466e-01    7.876349e-04
 16618.00000    4.968506e-01    9.088988e-04
 16619.00000    5.852409e-01    1.056220e-03
 16620.00000    6.972533e-01    1.233082e-03
 16621.00000    8.336834e-01    1.440246e-03
 16622.00000    9.714434e-01    1.658238e-03
 16623.00000    1.025892e+00    1.814682e-03
 16624.00000    1.055824e+00    1.957319e-03
 16625.00000    1.141716e+00    2.160581e-03
 16626.00000    1.172542e+00    2.320474e-03
 16627.00000    2.466247e-01    5.163223e-04
 16628.00000    3.377541e-01    6.480460e-04
 16629.00000    3.957296e-01    7.523999e-04
 16630.00000    4.816644e-01    8.899957e-04
 16631.00000    5.563829e-01    1.024692e-03
 16632.00000    6.846263e-01    1.216287e-03
 16633.00000    8.036071e-01    1.408108e-03
 16634.00000    8.540697e-01    1.548806e-03
 16635.00000    9.591178e-01    1.748419e-03
 16636.00000    1.026616e+00    1.923794e-03
 16637.00000    1.096051e+00    2.110585e-03
 16638.00000    1.192851e+00    2.334041e-03
 16639.00000    2.444609e-01    5.140508e-04
 16640.00000    3.343683e-01    6.447873e-04
 16641.00000    4.199666e-01    7.751157e-04
 16642.00000    4.944059e-01    9.016996e-04
 16643.00000    5.602580e-01    1.028257e-03
 16644.00000    6.779118e-01    1.210303e-03
 16645.00000    8.347871e-01    1.435189e-03
 16646.00000    9.018799e-01    1.591602e-03
 16647.00000    9.824716e-01    1.769594e-03
 16648.00000    1.070006e+00    1.964059e-03
 16649.00000    1.135506e+00    2.148265e-03
 16650.00000    1.112960e+00    2.254474e-03
 16651.00000    2.344153e-01    5.070380e-04
 16652.00000    3.656589e-01    6.787765e-04
 16653.00000    4.277161e-01    7.869624e-04
 16654.00000    5.013961e-01    9.130501e-04
 16655.00000    6.030097e-01    1.072148e-03
 16656.00000    7.209417e-01    1.253871e-03
 16657.00000    8.308445e-01    1.437790e-03
 16658.00000    9.656065e-01    1.653244e-03
 16659.00000    1.020873e+00    1.810234e-03
 16660.00000    1.116298e+00    2.012637e-03
 16661.00000    1.147248e+00    2.165813e-03
 16662.00000    1.264298e+00    2.409620e-03
 16663.00000    2.526665e-01    5.340224e-04
 16664.00000    3.561806e-01    6.787372e-04
 16665.00000    4.004922e-01    7.706281e-04
 16666.00000    4.739164e-01    8.973744e-04
 16667.00000    5.315078e-01    1.016585e-03
 16668.00000    6.306820e-01    1.183403e-03
 16669.00000    7.554899e-01    1.382449e-03
 16670.00000    8.649935e-01    1.576674e-03
 16671.00000    9.448038e-01    1.753710e-03
 16672.00000    1.053566e+00    1.967924e-03
 16673.00000    1.201463e+00    2.229724e-03
 16674.00000    1.262326e+00    2.421093e-03
 16675.00000    2.780761e-01    5.721538e-04
 16676.00000    3.655281e-01    7.009390e-04
 16677.00000    4.293762e-01    8.120960e-04
 16678.00000    5.101584e-01    9.461517e-04
 16679.00000    5.968860e-01    1.093283e-03
 16680.00000    7.703932e-01    1.325748e-03
 16681.00000    8.797935e-01    1.510466e-03
 16682.00000    8.949215e-01    1.622024e-03
 16683.00000    1.037242e+00    1.856845e-03
 16684.00000    1.126380e+00    2.054526e-03
 16685.00000    1.313239e+00    2.352051e-03
 16686.00000    1.284966e+00    2.462933e-03
 16687.00000    2.860487e-01    5.962811e-04
 16688.00000    3.739017e-01    7.268023e-04
 16689.00000    4.442072e-01    8.450723e-04
 16690.00000    5.043246e-01    9.605893e-04
 16691.00000    6.110316e-01    1.127567e-03
 16692.00000    7.643066e-01    1.343911e-03
 16693.00000    8.730357e-01    1.529147e-03
 16694.00000    1.010657e+00    1.749622e-03
 16695.00000    1.043963e+00    1.888559e-03
 16696.00000    1.141858e+00    2.094953e-03
 16697.00000    1.226860e+00    2.300102e-03
 16698.00000    1.216178e+00    2.422217e-03
 16699.00000    2.830632e-01    6.128358e-04
 16700.00000    3.871271e-01    7.620872e-04
 16701.00000    4.749038e-01    8.982397e-04
 16702.00000    5.326180e-01    1.012519e-03
 16703.00000    6.075478e-01    1.150834e-03
 16704.00000    7.590685e-01    1.368286e-03
 16705.00000    8.428224e-01    1.532355e-03
 16706.00000    1.004508e+00    1.776292e-03
 16707.00000    1.099222e+00    1.970756e-03
 16708.00000    1.134612e+00    2.120985e-03
 16709.00000    1.207712e+00    2.315159e-03
 16710.00000    1.260921e+00    2.499583e-03
 16711.00000    3.236797e-01    6.803162e-04
 16712.00000    4.135018e-01    8.152897e-04
 16713.00000    4.956665e-01    9.473450e-04
 16714.00000    5.728838e-01    1.081371e-03
 16715.00000    6.458763e-01    1.219114e-03
 16716.00000    7.747359e-01    1.417231e-03
 16717.00000    8.428339e-01    1.568026e-03
 16718.00000    9.018055e-01    1.719131e-03
 16719.00000    1.032036e+00    1.947471e-03
 16720.00000    1.098790e+00    2.125615e-03
 16721.00000    1.258564e+00    2.403772e-03
 16722.00000    1.207587e+00    2.484910e-03
 16723.00000    3.518474e-01    7.392866e-04
 16724.00000    4.447809e-01    8.786433e-04
 16725.00000    4.990449e-01    9.849147e-04
 16726.00000    6.118243e-01    1.154835e-03
 16727.00000    6.491030e-01    1.259819e-03
 16728.00000    7.504788e-01    1.434561e-03
 16729.00000    8.203710e-01    1.587694e-03
 16730.00000    9.244289e-01    1.782980e-03
 16731.00000    9.863797e-01    1.946855e-03
 16732.00000    1.096189e+00    2.167569e-03
 16733.00000    1.094901e+00    2.285577e-03
 16734.00000    1.151000e+00    2.469908e-03
 16735.00000    0.000000e+00    0.000000e+00
 16736.00000    0.000000e+00    0.000000e+00
 16737.00000    1.298713e+00    2.735988e-03
 16738.00000    1.371144e+00    2.878433e-03
 16739.00000    1.441920e+00    3.026958e-03
 16740.00000    1.540563e+00    3.212835e-03
 16741.00000    1.545042e+00    3.307809e-03
 16742.00000    1.586653e+00    3.449709e-03
 16743.00000    1.626481e+00    3.597646e-03
 16744.00000    1.726369e+00    3.820644e-03
 16745.00000    1.737358e+00    3.953182e-03
 16746.00000    1.598941e+00    3.913386e-03
 16747.00000    1.592254e+00    4.031336e-03
 16748.00000    1.550089e+00    4.107200e-03
 16749.00000    1.294604e+00    2.599466e-03
 16750.00000    1.286340e+00    2.657255e-03
 16751.00000    1.362817e+00    2.809358e-03
 16752.00000    1.429340e+00    2.959299e-03
 16753.00000    1.475511e+00    3.096302e-03
 16754.00000    1.581741e+00    3.304762e-03
 16755.00000    1.668224e+00    3.501635e-03
 16756.00000    1.668309e+00    3.615376e-03
 16757.00000    1.656816e+00    3.721946e-03
 16758.00000    1.730321e+00    3.931076e-03
 16759.00000    1.711128e+00    4.041480e-03
 16760.00000    1.602987e+00    4.044905e-03
 16761.00000    1.254587e+00    2.433246e-03
 16762.00000    1.391072e+00    2.632174e-03
 16763.00000    1.308754e+00    2.626942e-03
 16764.00000    1.435586e+00    2.834982e-03
 16765.00000    1.503194e+00    2.992759e-03
 16766.00000    1.566587e+00    3.155058e-03
 16767.00000    1.663639e+00    3.360389e-03
 16768.00000    1.619562e+00    3.428999e-03
 16769.00000    1.740342e+00    3.678187e-03
 16770.00000    1.748715e+00    3.816665e-03
 16771.00000    1.647342e+00    3.835611e-03
 16772.00000    1.572354e+00    3.880700e-03
 16773.00000    1.189506e+00    2.251312e-03
 16774.00000    1.192042e+00    2.319513e-03
 16775.00000    1.250147e+00    2.448808e-03
 16776.00000    1.288394e+00    2.566459e-03
 16777.00000    1.364280e+00    2.729727e-03
 16778.00000    1.378617e+00    2.839015e-03
 16779.00000    1.494452e+00    3.060692e-03
 16780.00000    1.509767e+00    3.187323e-03
 16781.00000    1.494021e+00    3.286561e-03
 16782.00000    1.375562e+00    3.269865e-03
 16783.00000    1.435002e+00    3.463730e-03
 16784.00000    1.325018e+00    3.452128e-03
 16785.00000    9.295832e-01    1.889863e-03
 16786.00000    9.760975e-01    1.997164e-03
 16787.00000    1.027815e+00    2.117072e-03
 16788.00000    1.133401e+00    2.299870e-03
 16789.00000    1.175390e+00    2.425700e-03
 16790.00000    1.287566e+00    2.631991e-03
 16791.00000    1.361710e+00    2.808107e-03
 16792.00000    1.394631e+00    2.949929e-03
 16793.00000    1.372061e+00    3.038409e-03
 16794.00000    1.400090e+00    3.188080e-03
 16795.00000    1.346595e+00    3.247957e-03
 16796.00000    1.285399e+00    3.296543e-03
 16797.00000    9.132573e-01    1.778100e-03
 16798.00000    1.025654e+00    1.947575e-03
 16799.00000    1.001014e+00    1.991884e-03
 16800.00000    1.107368e+00    2.172054e-03
 16801.00000    1.164391e+00    2.311760e-03
 16802.00000    1.213819e+00    2.452042e-03
 16803.00000    1.329016e+00    2.667322e-03
 16804.00000    1.312946e+00    2.757339e-03
 16805.00000    1.348020e+00    2.906789e-03
 16806.00000    1.350367e+00    3.027328e-03
 16807.00000    1.375810e+00    3.179803e-03
 16808.00000    1.226099e+00    3.123401e-03
 16809.00000    8.379251e-01    1.616251e-03
 16810.00000    9.178485e-01    1.752409e-03
 16811.00000    9.480052e-01    1.848116e-03
 16812.00000    1.034431e+00    2.006125e-03
 16813.00000    1.065558e+00    2.118096e-03
 16814.00000    1.137185e+00    2.278185e-03
 16815.00000    1.225175e+00    2.463492e-03
 16816.00000    1.274715e+00    2.618816e-03
 16817.00000    1.291676e+00    2.747984e-03
 16818.00000    1.232510e+00    2.798307e-03
 16819.00000    1.252571e+00    2.940671e-03
 16820.00000    1.136761e+00    2.919724e-03
 16821.00000    6.836927e-01    1.385304e-03
 16822.00000    7.294100e-01    1.486019e-03
 16823.00000    8.141163e-01    1.633227e-03
 16824.00000    8.663507e-01    1.755058e-03
 16825.00000    9.863334e-01    1.952782e-03
 16826.00000    1.024123e+00    2.076478e-03
 16827.00000    1.072420e+00    2.218524e-03
 16828.00000    1.144247e+00    2.393329e-03
 16829.00000    1.192429e+00    2.551912e-03
 16830.00000    1.211540e+00    2.686613e-03
 16831.00000    1.198910e+00    2.790880e-03
 16832.00000    1.098717e+00    2.789183e-03
 16833.00000    6.365097e-01    1.268653e-03
 16834.00000    7.142659e-01    1.399443e-03
 16835.00000    7.429352e-01    1.488661e-03
 16836.00000    8.517289e-01    1.664704e-03
 16837.00000    9.000841e-01    1.788922e-03
 16838.00000    9.910497e-01    1.963580e-03
 16839.00000    1.045081e+00    2.110042e-03
 16840.00000    1.107274e+00    2.273190e-03
 16841.00000    1.095578e+00    2.366518e-03
 16842.00000    1.104111e+00    2.486039e-03
 16843.00000    1.147228e+00    2.651060e-03
 16844.00000    1.043651e+00    2.644137e-03
 16845.00000    5.403248e-01    1.110002e-03
 16846.00000    6.609876e-01    1.282061e-03
 16847.00000    7.192868e-01    1.398817e-03
 16848.00000    7.889612e-01    1.534112e-03
 16849.00000    8.628154e-01    1.681399e-03
 16850.00000    9.471915e-01    1.847322e-03
 16851.00000    1.035055e+00    2.025492e-03
 16852.00000    1.083375e+00    2.173577e-03
 16853.00000    1.124644e+00    2.322559e-03
 16854.00000    1.182942e+00    2.497409e-03
 16855.00000    1.126395e+00    2.553938e-03
 16856.00000    1.057648e+00    2.592219e-03
 16857.00000    4.715077e-01    9.856395e-04
 16858.00000    5.574746e-01    1.122462e-03
 16859.00000    6.241033e-01    1.245753e-03
 16860.00000    7.093915e-01    1.394656e-03
 16861.00000    7.779273e-01    1.534678e-03
 16862.00000    8.699312e-01    1.706021e-03
 16863.00000    9.460048e-01    1.870373e-03
 16864.00000    1.004749e+00    2.026282e-03
 16865.00000    1.025903e+00    2.151706e-03
 16866.00000    1.063875e+00    2.301694e-03
 16867.00000    1.140181e+00    2.501652e-03
 16868.00000    1.027643e+00    2.491742e-03
 16869.00000    4.325411e-01    8.986567e-04
 16870.00000    5.141278e-01    1.029251e-03
 16871.00000    5.863969e-01    1.156388e-03
 16872.00000    6.634467e-01    1.295237e-03
 16873.00000    7.510997e-01    1.452035e-03
 16874.00000    8.283330e-01    1.606967e-03
 16875.00000    9.080162e-01    1.772987e-03
 16876.00000    9.525945e-01    1.913126e-03
 16877.00000    9.745467e-01    2.037628e-03
 16878.00000    1.045181e+00    2.220782e-03
 16879.00000    9.902435e-01    2.273282e-03
 16880.00000    9.696181e-01    2.363879e-03
 16881.00000    3.377516e-01    7.573996e-04
 16882.00000    4.402179e-01    9.112144e-04
 16883.00000    5.337958e-01    1.058753e-03
 16884.00000    6.193261e-01    1.204291e-03
 16885.00000    7.062054e-01    1.358531e-03
 16886.00000    7.852956e-01    1.513459e-03
 16887.00000    8.456429e-01    1.658806e-03
 16888.00000    9.341864e-01    1.840683e-03
 16889.00000    9.635225e-01    1.972326e-03
 16890.00000    9.801899e-01    2.097325e-03
 16891.00000    9.783528e-01    2.207278e-03
 16892.00000    9.262495e-01    2.260344e-03
 16893.00000    2.754477e-01    6.540743e-04
 16894.00000    3.753574e-01    8.071219e-04
 16895.00000    4.560319e-01    9.414857e-04
 16896.00000    5.658605e-01    1.110578e-03
 16897.00000    6.407172e-01    1.251649e-03
 16898.00000    7.104797e-01    1.395781e-03
 16899.00000    7.866072e-01    1.554656e-03
 16900.00000    8.351119e-01    1.694600e-03
 16901.00000    8.817902e-01    1.840681e-03
 16902.00000    9.930412e-01    2.063004e-03
 16903.00000    1.005202e+00    2.189900e-03
 16904.00000    9.174408e-01    2.204992e-03
 16905.00000    2.568316e-01    6.059693e-04
 16906.00000    3.326873e-01    7.312446e-04
 16907.00000    4.300011e-01    8.823227e-04
 16908.00000    5.031596e-01    1.013385e-03
 16909.00000    5.921320e-01    1.167254e-03
 16910.00000    6.821433e-01    1.329784e-03
 16911.00000    7.597631e-01    1.488693e-03
 16912.00000    8.541794e-01    1.673088e-03
 16913.00000    8.435208e-01    1.760524e-03
 16914.00000    9.098325e-01    1.934112e-03
 16915.00000    9.054931e-01    2.038704e-03
 16916.00000    8.850297e-01    2.127131e-03
 16917.00000    2.476920e-01    5.732490e-04
 16918.00000    3.554310e-01    7.302027e-04
 16919.00000    4.168122e-01    8.414727e-04
 16920.00000    5.355685e-01    1.015322e-03
 16921.00000    6.103492e-01    1.153486e-03
 16922.00000    7.031254e-01    1.316860e-03
 16923.00000    8.291177e-01    1.519835e-03
 16924.00000    8.716649e-01    1.654582e-03
 16925.00000    9.612719e-01    1.842854e-03
 16926.00000    9.911488e-01    1.982269e-03
 16927.00000    9.686556e-01    2.073257e-03
 16928.00000    9.307007e-01    2.147289e-03
 16929.00000    2.302121e-01    5.348962e-04
 16930.00000    3.094786e-01    6.611908e-04
 16931.00000    3.991524e-01    8.010403e-04
 16932.00000    4.887401e-01    9.456202e-04
 16933.00000    5.787383e-01    1.097344e-03
 16934.00000    6.557319e-01    1.244726e-03
 16935.00000    7.570158e-01    1.423839e-03
 16936.00000    8.440504e-01    1.598804e-03
 16937.00000    8.640915e-01    1.718058e-03
 16938.00000    8.292691e-01    1.785129e-03
 16939.00000    8.706323e-01    1.937402e-03
 16940.00000    8.479042e-01    2.022293e-03
 16941.00000    1.915823e-01    4.748610e-04
 16942.00000    2.728566e-01    6.055467e-04
 16943.00000    3.505202e-01    7.336952e-04
 16944.00000    4.284635e-01    8.670387e-04
 16945.00000    5.579618e-01    1.057007e-03
 16946.00000    6.394706e-01    1.207764e-03
 16947.00000    6.934576e-01    1.340878e-03
 16948.00000    7.911682e-01    1.525032e-03
 16949.00000    8.319368e-01    1.662820e-03
 16950.00000    8.959100e-01    1.832172e-03
 16951.00000    9.344539e-01    1.983821e-03
 16952.00000    8.440877e-01    1.995938e-03
 16953.00000    1.987744e-01    4.736293e-04
 16954.00000    2.727250e-01    5.938709e-04
 16955.00000    3.518747e-01    7.223090e-04
 16956.00000    4.392221e-01    8.638796e-04
 16957.00000    5.209634e-01    1.006444e-03
 16958.00000    6.138298e-01    1.167474e-03
 16959.00000    7.060655e-01    1.336429e-03
 16960.00000    7.742848e-01    1.491652e-03
 16961.00000    8.264452e-01    1.640111e-03
 16962.00000    8.785270e-01    1.796916e-03
 16963.00000    8.833196e-01    1.911661e-03
 16964.00000    9.016400e-01    2.045963e-03
 16965.00000    1.872381e-01    4.531271e-04
 16966.00000    2.809899e-01    5.949707e-04
 16967.00000    3.742314e-01    7.360803e-04
 16968.00000    4.449730e-01    8.601053e-04
 16969.00000    5.352048e-01    1.010025e-03
 16970.00000    6.026063e-01    1.146274e-03
 16971.00000    6.989884e-01    1.318682e-03
 16972.00000    7.917848e-01    1.496943e-03
 16973.00000    8.417797e-01    1.643676e-03
 16974.00000    9.433857e-01    1.850090e-03
 16975.00000    9.298047e-01    1.949655e-03
 16976.00000    9.048707e-01    2.038320e-03
 16977.00000    1.874135e-01    4.500613e-04
 16978.00000    2.741401e-01    5.837979e-04
 16979.00000    3.732208e-01    7.306734e-04
 16980.00000    4.411474e-01    8.517134e-04
 16981.00000    5.254402e-01    9.957691e-04
 16982.00000    6.075214e-01    1.145697e-03
 16983.00000    6.780189e-01    1.293320e-03
 16984.00000    7.916802e-01    1.491120e-03
 16985.00000    8.533620e-01    1.649139e-03
 16986.00000    8.761722e-01    1.777155e-03
 16987.00000    9.971739e-01    2.013070e-03
 16988.00000    9.275536e-01    2.058030e-03
 16989.00000    2.142535e-01    4.812264e-04
 16990.00000    2.843237e-01    5.945486e-04
 16991.00000    3.841164e-01    7.412697e-04
 16992.00000    4.785931e-01    8.871516e-04
 16993.00000    5.616251e-01    1.029511e-03
 16994.00000    6.034278e-01    1.141828e-03
 16995.00000    7.153892e-01    1.328510e-03
 16996.00000    7.966756e-01    1.495821e-03
 16997.00000    8.197820e-01    1.616344e-03
 16998.00000    9.037625e-01    1.804937e-03
 16999.00000    9.249718e-01    1.938776e-03
 17000.00000    9.550463e-01    2.088324e-03
 17001.00000    2.062193e-01    4.755513e-04
 17002.00000    2.985373e-01    6.132782e-04
 17003.00000    4.094340e-01    7.699472e-04
 17004.00000    4.810129e-01    8.942841e-04
 17005.00000    5.692797e-01    1.041706e-03
 17006.00000    6.526414e-01    1.192950e-03
 17007.00000    6.991525e-01    1.318837e-03
 17008.00000    7.898588e-01    1.495120e-03
 17009.00000    8.925635e-01    1.692566e-03
 17010.00000    9.595420e-01    1.865876e-03
 17011.00000    9.792127e-01    2.000817e-03
 17012.00000    9.231539e-01    2.058820e-03
 17013.00000    2.094308e-01    4.861653e-04
 17014.00000    2.979526e-01    6.207466e-04
 17015.00000    3.927646e-01    7.631520e-04
 17016.00000    4.948980e-01    9.170389e-04
 17017.00000    5.801849e-01    1.062152e-03
 17018.00000    6.291909e-01    1.182002e-03
 17019.00000    7.356221e-01    1.364136e-03
 17020.00000    7.701440e-01    1.487656e-03
 17021.00000    8.596421e-01    1.672749e-03
 17022.00000    8.105903e-01    1.725998e-03
 17023.00000    8.465897e-01    1.871472e-03
 17024.00000    8.163477e-01    1.946742e-03
 17025.00000    1.842385e-01    4.656671e-04
 17026.00000    2.753979e-01    6.083616e-04
 17027.00000    3.448936e-01    7.277790e-04
 17028.00000    4.293893e-01    8.679756e-04
 17029.00000    5.461003e-01    1.045703e-03
 17030.00000    6.492151e-01    1.216938e-03
 17031.00000    6.906568e-01    1.338166e-03
 17032.00000    7.894087e-01    1.523334e-03
 17033.00000    8.246331e-01    1.655500e-03
 17034.00000    8.904693e-01    1.826597e-03
 17035.00000    8.981416e-01    1.944872e-03
 17036.00000    8.402712e-01    1.991419e-03
 17037.00000    2.100633e-01    5.109415e-04
 17038.00000    2.860442e-01    6.356507e-04
 17039.00000    3.564881e-01    7.569938e-04
 17040.00000    4.397725e-01    8.969670e-04
 17041.00000    5.396130e-01    1.059576e-03
 17042.00000    6.063318e-01    1.196889e-03
 17043.00000    6.948861e-01    1.364118e-03
 17044.00000    7.549520e-01    1.512007e-03
 17045.00000    8.009140e-01    1.654018e-03
 17046.00000    8.409214e-01    1.797634e-03
 17047.00000    8.744803e-01    1.941682e-03
 17048.00000    8.374957e-01    2.009837e-03
 17049.00000    1.919819e-01    5.046535e-04
 17050.00000    3.163003e-01    6.888120e-04
 17051.00000    4.116834e-01    8.362763e-04
 17052.00000    4.657330e-01    9.467689e-04
 17053.00000    5.804558e-01    1.124864e-03
 17054.00000    6.555664e-01    1.271513e-03
 17055.00000    7.284699e-01    1.424536e-03
 17056.00000    7.948994e-01    1.579995e-03
 17057.00000    8.472365e-01    1.730022e-03
 17058.00000    8.746619e-01    1.862072e-03
 17059.00000    8.797530e-01    1.975774e-03
 17060.00000    8.296905e-01    2.027365e-03
 17061.00000    2.472598e-01    5.945650e-04
 17062.00000    3.455835e-01    7.452905e-04
 17063.00000    4.007192e-01    8.517329e-04
 17064.00000    4.737740e-01    9.833295e-04
 17065.00000    5.523130e-01    1.127298e-03
 17066.00000    6.015629e-01    1.248722e-03
 17067.00000    6.946661e-01    1.423447e-03
 17068.00000    7.623236e-01    1.580512e-03
 17069.00000    8.243923e-01    1.740436e-03
 17070.00000    7.979002e-01    1.811172e-03
 17071.00000    9.298080e-01    2.065910e-03
 17072.00000    9.160022e-01    2.164049e-03
 17073.00000    3.271902e-01    7.128969e-04
 17074.00000    4.126883e-01    8.463306e-04
 17075.00000    4.885826e-01    9.745289e-04
 17076.00000    5.565575e-01    1.101405e-03
 17077.00000    6.426255e-01    1.253513e-03
 17078.00000    6.954003e-01    1.380879e-03
 17079.00000    7.939488e-01    1.561899e-03
 17080.00000    8.488440e-01    1.708484e-03
 17081.00000    8.339440e-01    1.790017e-03
 17082.00000    9.096345e-01    1.974416e-03
 17083.00000    9.190073e-01    2.093855e-03
 17084.00000    8.858859e-01    2.166723e-03
 17085.00000    0.000000e+00    0.000000e+00
 17086.00000    0.000000e+00    0.000000e+00
 17087.00000    1.453301e+00    2.894348e-03
 17088.00000    1.510224e+00    3.020984e-03
 17089.00000    1.506638e+00    3.094184e-03
 17090.00000    1.604331e+00    3.278697e-03
 17091.00000    1.656671e+00    3.425290e-03
 17092.00000    1.616997e+00    3.482559e-03
 17093.00000    1.728428e+00    3.708744e-03
 17094.00000    1.784165e+00    3.884107e-03
 17095.00000    1.850764e+00    4.080232e-03
 17096.00000    1.921097e+00    4.289735e-03
 17097.00000    1.887168e+00    4.388989e-03
 17098.00000    1.821303e+00    4.452182e-03
 17099.00000    1.387706e+00    2.691378e-03
 17100.00000    1.431243e+00    2.803026e-03
 17101.00000    1.524943e+00    2.971879e-03
 17102.00000    1.654262e+00    3.183788e-03
 17103.00000    1.723578e+00    3.346644e-03
 17104.00000    1.657398e+00    3.382924e-03
 17105.00000    1.756915e+00    3.593569e-03
 17106.00000    1.757733e+00    3.711062e-03
 17107.00000    1.842746e+00    3.925350e-03
 17108.00000    1.860262e+00    4.076087e-03
 17109.00000    1.904534e+00    4.263881e-03
 17110.00000    1.903380e+00    4.407810e-03
 17111.00000    1.380988e+00    2.552971e-03
 17112.00000    1.421964e+00    2.661262e-03
 17113.00000    1.497008e+00    2.809661e-03
 17114.00000    1.604686e+00    2.997422e-03
 17115.00000    1.709681e+00    3.191843e-03
 17116.00000    1.756200e+00    3.340675e-03
 17117.00000    1.779633e+00    3.475642e-03
 17118.00000    1.879571e+00    3.694184e-03
 17119.00000    1.903456e+00    3.846804e-03
 17120.00000    1.923792e+00    4.003276e-03
 17121.00000    1.849559e+00    4.064338e-03
 17122.00000    1.771009e+00    4.118672e-03
 17123.00000    1.316061e+00    2.368140e-03
 17124.00000    1.350713e+00    2.469178e-03
 17125.00000    1.454152e+00    2.641213e-03
 17126.00000    1.538186e+00    2.804415e-03
 17127.00000    1.614206e+00    2.969429e-03
 17128.00000    1.660305e+00    3.115784e-03
 17129.00000    1.798586e+00    3.357933e-03
 17130.00000    1.831687e+00    3.510947e-03
 17131.00000    1.933910e+00    3.739524e-03
 17132.00000    1.860640e+00    3.803265e-03
 17133.00000    1.814675e+00    3.895321e-03
 17134.00000    1.685546e+00    3.893760e-03
 17135.00000    1.269165e+00    2.208491e-03
 17136.00000    1.292295e+00    2.298223e-03
 17137.00000    1.368236e+00    2.442887e-03
 17138.00000    1.520454e+00    2.664069e-03
 17139.00000    1.586485e+00    2.818454e-03
 17140.00000    1.602051e+00    2.936103e-03
 17141.00000    1.698101e+00    3.136075e-03
 17142.00000    1.776694e+00    3.329838e-03
 17143.00000    1.847276e+00    3.525866e-03
 17144.00000    1.846441e+00    3.661460e-03
 17145.00000    1.871134e+00    3.828974e-03
 17146.00000    1.841539e+00    3.946099e-03
 17147.00000    1.078803e+00    1.932671e-03
 17148.00000    1.154360e+00    2.066257e-03
 17149.00000    1.241891e+00    2.218812e-03
 17150.00000    1.331477e+00    2.381889e-03
 17151.00000    1.440728e+00    2.571690e-03
 17152.00000    1.524705e+00    2.748398e-03
 17153.00000    1.614010e+00    2.939638e-03
 17154.00000    1.650234e+00    3.091525e-03
 17155.00000    1.734344e+00    3.297374e-03
 17156.00000    1.797419e+00    3.492979e-03
 17157.00000    1.753191e+00    3.589756e-03
 17158.00000    1.630180e+00    3.601736e-03
 17159.00000    9.940906e-01    1.760548e-03
 17160.00000    1.024997e+00    1.851952e-03
 17161.00000    1.159030e+00    2.043642e-03
 17162.00000    1.262422e+00    2.216374e-03
 17163.00000    1.374679e+00    2.406023e-03
 17164.00000    1.430477e+00    2.555352e-03
 17165.00000    1.523537e+00    2.747344e-03
 17166.00000    1.577188e+00    2.913213e-03
 17167.00000    1.672779e+00    3.127476e-03
 17168.00000    1.642464e+00    3.230613e-03
 17169.00000    1.713568e+00    3.439807e-03
 17170.00000    1.603024e+00    3.467471e-03
 17171.00000    9.301864e-01    1.616031e-03
 17172.00000    9.963555e-01    1.736986e-03
 17173.00000    1.116763e+00    1.913096e-03
 17174.00000    1.206108e+00    2.071058e-03
 17175.00000    1.204480e+00    2.158111e-03
 17176.00000    1.312211e+00    2.350673e-03
 17177.00000    1.400145e+00    2.535183e-03
 17178.00000    1.475390e+00    2.717902e-03
 17179.00000    1.582395e+00    2.940002e-03
 17180.00000    1.614280e+00    3.101446e-03
 17181.00000    1.580025e+00    3.204153e-03
 17182.00000    1.521877e+00    3.282903e-03
 17183.00000    8.675238e-01    1.481267e-03
 17184.00000    9.637056e-01    1.625734e-03
 17185.00000    1.018605e+00    1.743317e-03
 17186.00000    1.102901e+00    1.894518e-03
 17187.00000    1.183122e+00    2.051211e-03
 17188.00000    1.329107e+00    2.274210e-03
 17189.00000    1.366099e+00    2.412683e-03
 17190.00000    1.514652e+00    2.658977e-03
 17191.00000    1.564538e+00    2.828354e-03
 17192.00000    1.599399e+00    2.992477e-03
 17193.00000    1.632286e+00    3.162555e-03
 17194.00000    1.588589e+00    3.262561e-03
 17195.00000    7.746415e-01    1.329246e-03
 17196.00000    7.664593e-01    1.380641e-03
 17197.00000    8.669434e-01    1.535806e-03
 17198.00000    9.800646e-01    1.709989e-03
 17199.00000    1.149509e+00    1.940967e-03
 17200.00000    1.203473e+00    2.082489e-03
 17201.00000    1.327634e+00    2.294195e-03
 17202.00000    1.341181e+00    2.418594e-03
 17203.00000    1.432025e+00    2.621026e-03
 17204.00000    1.510766e+00    2.822552e-03
 17205.00000    1.507915e+00    2.955229e-03
 17206.00000    1.467055e+00    3.053243e-03
 17207.00000    6.580842e-01    1.164572e-03
 17208.00000    7.088335e-01    1.265813e-03
 17209.00000    8.193617e-01    1.427534e-03
 17210.00000    9.260004e-01    1.593584e-03
 17211.00000    1.045811e+00    1.779611e-03
 17212.00000    1.163504e+00    1.973221e-03
 17213.00000    1.244293e+00    2.145304e-03
 17214.00000    1.367461e+00    2.364174e-03
 17215.00000    1.401669e+00    2.515361e-03
 17216.00000    1.506954e+00    2.739701e-03
 17217.00000    1.411899e+00    2.784007e-03
 17218.00000    1.444060e+00    2.954024e-03
 17219.00000    5.712001e-01    1.032801e-03
 17220.00000    6.739025e-01    1.178497e-03
 17221.00000    7.436897e-01    1.302396e-03
 17222.00000    8.355000e-01    1.453646e-03
 17223.00000    9.494687e-01    1.632710e-03
 17224.00000    1.055911e+00    1.814512e-03
 17225.00000    1.203145e+00    2.041110e-03
 17226.00000    1.284316e+00    2.221646e-03
 17227.00000    1.353563e+00    2.401672e-03
 17228.00000    1.411076e+00    2.580653e-03
 17229.00000    1.411096e+00    2.713980e-03
 17230.00000    1.372297e+00    2.812477e-03
 17231.00000    5.070305e-01    9.281121e-04
 17232.00000    5.684982e-01    1.035596e-03
 17233.00000    6.587991e-01    1.176298e-03
 17234.00000    7.575649e-01    1.332035e-03
 17235.00000    8.809339e-01    1.517448e-03
 17236.00000    1.006895e+00    1.713916e-03
 17237.00000    1.120227e+00    1.909429e-03
 17238.00000    1.227135e+00    2.109865e-03
 17239.00000    1.317871e+00    2.306930e-03
 17240.00000    1.356417e+00    2.467489e-03
 17241.00000    1.433178e+00    2.671848e-03
 17242.00000    1.300248e+00    2.678320e-03
 17243.00000    4.038073e-01    7.920304e-04
 17244.00000    5.070233e-01    9.381538e-04
 17245.00000    6.358172e-01    1.111822e-03
 17246.00000    7.631069e-01    1.289850e-03
 17247.00000    8.929739e-01    1.477841e-03
 17248.00000    1.005440e+00    1.660661e-03
 17249.00000    1.086576e+00    1.827433e-03
 17250.00000    1.234171e+00    2.060387e-03
 17251.00000    1.320301e+00    2.252670e-03
 17252.00000    1.241895e+00    2.307236e-03
 17253.00000    1.274228e+00    2.465775e-03
 17254.00000    1.254384e+00    2.578514e-03
 17255.00000    3.365439e-01    6.937119e-04
 17256.00000    4.630591e-01    8.627978e-04
 17257.00000    5.623468e-01    1.009105e-03
 17258.00000    6.737621e-01    1.172797e-03
 17259.00000    7.930435e-01    1.350998e-03
 17260.00000    8.518579e-01    1.486155e-03
 17261.00000    1.007850e+00    1.714797e-03
 17262.00000    1.038121e+00    1.844592e-03
 17263.00000    1.083333e+00    1.995319e-03
 17264.00000    1.209737e+00    2.230427e-03
 17265.00000    1.205503e+00    2.352519e-03
 17266.00000    1.240414e+00    2.518480e-03
 17267.00000    2.974455e-01    6.282210e-04
 17268.00000    4.299564e-01    8.031680e-04
 17269.00000    5.281739e-01    9.473180e-04
 17270.00000    6.492310e-01    1.117969e-03
 17271.00000    7.859604e-01    1.309090e-03
 17272.00000    9.017134e-01    1.491433e-03
 17273.00000    9.910701e-01    1.661781e-03
 17274.00000    1.077419e+00    1.839685e-03
 17275.00000    1.123328e+00    1.992266e-03
 17276.00000    1.161371e+00    2.145869e-03
 17277.00000    1.194456e+00    2.302409e-03
 17278.00000    1.142704e+00    2.379451e-03
 17279.00000    2.840214e-01    5.941631e-04
 17280.00000    4.238102e-01    7.738263e-04
 17281.00000    5.251132e-01    9.188746e-04
 17282.00000    6.254574e-01    1.069841e-03
 17283.00000    7.680299e-01    1.264278e-03
 17284.00000    8.908371e-01    1.450997e-03
 17285.00000    9.954541e-01    1.632939e-03
 17286.00000    1.058950e+00    1.790973e-03
 17287.00000    1.140107e+00    1.973681e-03
 17288.00000    1.106071e+00    2.061838e-03
 17289.00000    1.210839e+00    2.285024e-03
 17290.00000    1.196002e+00    2.402028e-03
 17291.00000    2.896164e-01    5.839129e-04
 17292.00000    4.024315e-01    7.354980e-04
 17293.00000    5.126538e-01    8.874249e-04
 17294.00000    6.387307e-01    1.058788e-03
 17295.00000    7.430240e-01    1.219916e-03
 17296.00000    8.651847e-01    1.405021e-03
 17297.00000    9.665268e-01    1.583239e-03
 17298.00000    1.051612e+00    1.758421e-03
 17299.00000    1.143163e+00    1.949431e-03
 17300.00000    1.194489e+00    2.115781e-03
 17301.00000    1.181720e+00    2.231076e-03
 17302.00000    1.175640e+00    2.355758e-03
 17303.00000    2.731242e-01    5.552340e-04
 17304.00000    3.896890e-01    7.099706e-04
 17305.00000    4.805814e-01    8.442328e-04
 17306.00000    5.887916e-01    1.000328e-03
 17307.00000    7.300226e-01    1.191559e-03
 17308.00000    8.546072e-01    1.377744e-03
 17309.00000    9.493856e-01    1.549886e-03
 17310.00000    1.053489e+00    1.740155e-03
 17311.00000    1.131218e+00    1.919080e-03
 17312.00000    1.189517e+00    2.091143e-03
 17313.00000    1.221840e+00    2.248568e-03
 17314.00000    1.243561e+00    2.403017e-03
 17315.00000    2.782813e-01    5.524747e-04
 17316.00000    3.535644e-01    6.674480e-04
 17317.00000    4.395699e-01    7.978015e-04
 17318.00000    5.661325e-01    9.702541e-04
 17319.00000    6.781343e-01    1.137033e-03
 17320.00000    8.070781e-01    1.326732e-03
 17321.00000    9.275471e-01    1.519237e-03
 17322.00000    9.561749e-01    1.645143e-03
 17323.00000    1.069736e+00    1.853087e-03
 17324.00000    1.102839e+00    2.000458e-03
 17325.00000    1.159820e+00    2.177656e-03
 17326.00000    1.186066e+00    2.333827e-03
 17327.00000    2.583470e-01    5.284580e-04
 17328.00000    3.606772e-01    6.696924e-04
 17329.00000    4.593750e-01    8.106969e-04
 17330.00000    5.973356e-01    9.912087e-04
 17331.00000    7.074811e-01    1.155605e-03
 17332.00000    8.264500e-01    1.336457e-03
 17333.00000    9.290965e-01    1.514167e-03
 17334.00000    1.011367e+00    1.685532e-03
 17335.00000    1.084039e+00    1.858894e-03
 17336.00000    1.132269e+00    2.020440e-03
 17337.00000    1.117746e+00    2.131386e-03
 17338.00000    1.153200e+00    2.294895e-03
 17339.00000    2.569459e-01    5.270221e-04
 17340.00000    3.775517e-01    6.851916e-04
 17341.00000    4.761958e-01    8.254189e-04
 17342.00000    5.619817e-01    9.614014e-04
 17343.00000    7.019994e-01    1.151115e-03
 17344.00000    7.901158e-01    1.306720e-03
 17345.00000    9.280859e-01    1.513342e-03
 17346.00000    9.967481e-01    1.673294e-03
 17347.00000    1.058536e+00    1.836878e-03
 17348.00000    1.082499e+00    1.975501e-03
 17349.00000    1.144636e+00    2.156890e-03
 17350.00000    1.188068e+00    2.329354e-03
 17351.00000    2.664642e-01    5.406095e-04
 17352.00000    3.412936e-01    6.557552e-04
 17353.00000    4.588038e-01    8.150833e-04
 17354.00000    5.801062e-01    9.821664e-04
 17355.00000    7.022800e-01    1.157118e-03
 17356.00000    8.124991e-01    1.331184e-03
 17357.00000    9.103197e-01    1.505049e-03
 17358.00000    1.007682e+00    1.688912e-03
 17359.00000    1.050976e+00    1.836753e-03
 17360.00000    1.107194e+00    2.004406e-03
 17361.00000    1.183067e+00    2.199389e-03
 17362.00000    1.162634e+00    2.310643e-03
 17363.00000    2.581836e-01    5.398247e-04
 17364.00000    3.764463e-01    6.977937e-04
 17365.00000    4.865975e-01    8.495051e-04
 17366.00000    5.950486e-01    1.005634e-03
 17367.00000    7.235544e-01    1.186263e-03
 17368.00000    8.379301e-01    1.364221e-03
 17369.00000    9.384052e-01    1.540889e-03
 17370.00000    1.061113e+00    1.746447e-03
 17371.00000    1.114454e+00    1.904794e-03
 17372.00000    1.061706e+00    1.975517e-03
 17373.00000    1.149261e+00    2.180711e-03
 17374.00000    1.211408e+00    2.371727e-03
 17375.00000    2.872810e-01    5.815524e-04
 17376.00000    4.060768e-01    7.388244e-04
 17377.00000    5.288677e-01    9.013615e-04
 17378.00000    6.512659e-01    1.069137e-03
 17379.00000    7.173360e-01    1.198623e-03
 17380.00000    8.282583e-01    1.374681e-03
 17381.00000    9.269221e-01    1.550431e-03
 17382.00000    1.006113e+00    1.719925e-03
 17383.00000    1.106841e+00    1.918183e-03
 17384.00000    1.191606e+00    2.113224e-03
 17385.00000    1.199752e+00    2.248046e-03
 17386.00000    1.231150e+00    2.410769e-03
 17387.00000    2.884250e-01    5.987544e-04
 17388.00000    4.108640e-01    7.619063e-04
 17389.00000    4.952158e-01    8.923114e-04
 17390.00000    5.994589e-01    1.047351e-03
 17391.00000    7.035742e-01    1.210015e-03
 17392.00000    8.319008e-01    1.402132e-03
 17393.00000    9.132407e-01    1.563992e-03
 17394.00000    1.047777e+00    1.781491e-03
 17395.00000    1.126309e+00    1.961691e-03
 17396.00000    1.184880e+00    2.134086e-03
 17397.00000    1.246530e+00    2.318482e-03
 17398.00000    1.316996e+00    2.520685e-03
 17399.00000    3.197604e-01    6.513743e-04
 17400.00000    4.090081e-01    7.833433e-04
 17401.00000    5.032400e-01    9.246694e-04
 17402.00000    6.137651e-01    1.086978e-03
 17403.00000    7.152057e-01    1.248723e-03
 17404.00000    8.007300e-01    1.405365e-03
 17405.00000    9.343311e-01    1.613468e-03
 17406.00000    9.515437e-01    1.728791e-03
 17407.00000    1.055618e+00    1.931241e-03
 17408.00000    1.092307e+00    2.081039e-03
 17409.00000    1.160817e+00    2.269734e-03
 17410.00000    1.245511e+00    2.484253e-03
 17411.00000    3.295959e-01    6.865094e-04
 17412.00000    4.512087e-01    8.516779e-04
 17413.00000    5.409462e-01    9.897028e-04
 17414.00000    6.550360e-01    1.156370e-03
 17415.00000    7.724315e-01    1.333309e-03
 17416.00000    8.743436e-01    1.505659e-03
 17417.00000    9.548591e-01    1.669068e-03
 17418.00000    1.072372e+00    1.874800e-03
 17419.00000    1.121212e+00    2.029930e-03
 17420.00000    1.137486e+00    2.162746e-03
 17421.00000    1.133475e+00    2.281109e-03
 17422.00000    1.236147e+00    2.514141e-03
 17423.00000    3.507421e-01    7.381238e-04
 17424.00000    4.804605e-01    9.132299e-04
 17425.00000    5.646125e-01    1.047667e-03
 17426.00000    6.318570e-01    1.173603e-03
 17427.00000    7.506273e-01    1.354838e-03
 17428.00000    8.390044e-01    1.516876e-03
 17429.00000    9.240976e-01    1.685155e-03
 17430.00000    1.032255e+00    1.884174e-03
 17431.00000    1.074204e+00    2.031739e-03
 17432.00000    1.114256e+00    2.185370e-03
 17433.00000    1.183332e+00    2.376141e-03
 17434.00000    1.279079e+00    2.603788e-03
 17435.00000    0.000000e+00    0.000000e+00
 17436.00000    0.000000e+00    0.000000e+00
 17437.00000    1.484356e+00    2.925129e-03
 17438.00000    1.583055e+00    3.093019e-03
 17439.00000    1.679075e+00    3.266572e-03
 17440.00000    1.779520e+00    3.453191e-03
 17441.00000    1.806732e+00    3.577159e-03
 17442.00000    2.047024e+00    3.918665e-03
 17443.00000    1.928306e+00    3.917450e-03
 17444.00000    2.121840e+00    4.235969e-03
 17445.00000    2.084436e+00    4.330305e-03
 17446.00000    2.210358e+00    4.601553e-03
 17447.00000    2.359013e+00    4.907394e-03
 17448.00000    2.472147e+00    5.187441e-03
 17449.00000    1.311849e+00    2.616733e-03
 17450.00000    1.416431e+00    2.788474e-03
 17451.00000    1.404153e+00    2.851673e-03
 17452.00000    1.620756e+00    3.151357e-03
 17453.00000    1.650805e+00    3.275182e-03
 17454.00000    1.960518e+00    3.679504e-03
 17455.00000    1.976989e+00    3.812149e-03
 17456.00000    2.034469e+00    3.992707e-03
 17457.00000    2.233392e+00    4.321703e-03
 17458.00000    2.204070e+00    4.437017e-03
 17459.00000    2.450602e+00    4.837043e-03
 17460.00000    2.530987e+00    5.083236e-03
 17461.00000    1.311183e+00    2.487563e-03
 17462.00000    1.390091e+00    2.631246e-03
 17463.00000    1.582429e+00    2.888773e-03
 17464.00000    1.519977e+00    2.917177e-03
 17465.00000    1.710366e+00    3.192483e-03
 17466.00000    1.764277e+00    3.348355e-03
 17467.00000    1.872401e+00    3.565144e-03
 17468.00000    2.050009e+00    3.858161e-03
 17469.00000    1.916913e+00    3.860386e-03
 17470.00000    2.183355e+00    4.264975e-03
 17471.00000    2.210800e+00    4.443791e-03
 17472.00000    2.406113e+00    4.801122e-03
 17473.00000    1.154158e+00    2.217585e-03
 17474.00000    1.291701e+00    2.414596e-03
 17475.00000    1.320908e+00    2.517207e-03
 17476.00000    1.462594e+00    2.734584e-03
 17477.00000    1.635088e+00    2.988590e-03
 17478.00000    1.707427e+00    3.159724e-03
 17479.00000    1.653150e+00    3.219210e-03
 17480.00000    1.722758e+00    3.404877e-03
 17481.00000    1.911517e+00    3.717796e-03
 17482.00000    1.961446e+00    3.904999e-03
 17483.00000    2.071805e+00    4.162323e-03
 17484.00000    2.017843e+00    4.260531e-03
 17485.00000    1.033074e+00    1.992358e-03
 17486.00000    1.121149e+00    2.140518e-03
 17487.00000    1.138500e+00    2.228225e-03
 17488.00000    1.265691e+00    2.430477e-03
 17489.00000    1.356826e+00    2.606327e-03
 17490.00000    1.583296e+00    2.918853e-03
 17491.00000    1.685791e+00    3.124679e-03
 17492.00000    1.731426e+00    3.287114e-03
 17493.00000    1.954941e+00    3.627238e-03
 17494.00000    1.862948e+00    3.677800e-03
 17495.00000    2.066856e+00    4.024385e-03
 17496.00000    1.963250e+00    4.074492e-03
 17497.00000    1.027038e+00    1.885696e-03
 17498.00000    1.095757e+00    2.013083e-03
 17499.00000    1.253659e+00    2.229309e-03
 17500.00000    1.223452e+00    2.283146e-03
 17501.00000    1.406576e+00    2.541002e-03
 17502.00000    1.458660e+00    2.688166e-03
 17503.00000    1.593349e+00    2.920748e-03
 17504.00000    1.752253e+00    3.185726e-03
 17505.00000    1.666356e+00    3.232051e-03
 17506.00000    1.872910e+00    3.565629e-03
 17507.00000    1.905604e+00    3.742644e-03
 17508.00000    2.079492e+00    4.068226e-03
 17509.00000    9.313477e-01    1.704038e-03
 17510.00000    1.031253e+00    1.857599e-03
 17511.00000    1.026878e+00    1.923517e-03
 17512.00000    1.181185e+00    2.143818e-03
 17513.00000    1.360790e+00    2.393827e-03
 17514.00000    1.446198e+00    2.569367e-03
 17515.00000    1.476664e+00    2.704718e-03
 17516.00000    1.553659e+00    2.891385e-03
 17517.00000    1.757722e+00    3.205960e-03
 17518.00000    1.782508e+00    3.365623e-03
 17519.00000    1.972394e+00    3.690640e-03
 17520.00000    1.922025e+00    3.797053e-03
 17521.00000    8.643953e-01    1.557785e-03
 17522.00000    8.268684e-01    1.582250e-03
 17523.00000    9.652954e-01    1.778525e-03
 17524.00000    9.952296e-01    1.881165e-03
 17525.00000    1.191034e+00    2.146022e-03
 17526.00000    1.269096e+00    2.311703e-03
 17527.00000    1.483778e+00    2.609862e-03
 17528.00000    1.481094e+00    2.723154e-03
 17529.00000    1.737200e+00    3.080572e-03
 17530.00000    1.660777e+00    3.145828e-03
 17531.00000    1.825794e+00    3.444521e-03
 17532.00000    1.919119e+00    3.686815e-03
 17533.00000    6.952936e-01    1.325982e-03
 17534.00000    7.705212e-01    1.453548e-03
 17535.00000    8.068172e-01    1.551387e-03
 17536.00000    1.012056e+00    1.814750e-03
 17537.00000    1.025897e+00    1.909950e-03
 17538.00000    1.203288e+00    2.163799e-03
 17539.00000    1.243428e+00    2.301724e-03
 17540.00000    1.453159e+00    2.604397e-03
 17541.00000    1.596075e+00    2.856742e-03
 17542.00000    1.718640e+00    3.102108e-03
 17543.00000    1.714942e+00    3.241697e-03
 17544.00000    1.699713e+00    3.374817e-03
 17545.00000    5.632480e-01    1.133318e-03
 17546.00000    7.414879e-01    1.357946e-03
 17547.00000    8.570538e-01    1.527014e-03
 17548.00000    1.046728e+00    1.767240e-03
 17549.00000    1.053614e+00    1.858172e-03
 17550.00000    1.239271e+00    2.113262e-03
 17551.00000    1.306146e+00    2.275537e-03
 17552.00000    1.409092e+00    2.479122e-03
 17553.00000    1.592123e+00    2.763778e-03
 17554.00000    1.567881e+00    2.875452e-03
 17555.00000    1.767442e+00    3.199639e-03
 17556.00000    1.784113e+00    3.367270e-03
 17557.00000    6.025307e-01    1.114294e-03
 17558.00000    6.074638e-01    1.171742e-03
 17559.00000    7.715609e-01    1.385232e-03
 17560.00000    8.322234e-01    1.510671e-03
 17561.00000    1.041043e+00    1.775545e-03
 17562.00000    1.206944e+00    2.009755e-03
 17563.00000    1.325441e+00    2.214219e-03
 17564.00000    1.350999e+00    2.349888e-03
 17565.00000    1.432199e+00    2.542629e-03
 17566.00000    1.631168e+00    2.850472e-03
 17567.00000    1.727900e+00    3.080071e-03
 17568.00000    1.886814e+00    3.376975e-03
 17569.00000    4.616645e-01    9.284367e-04
 17570.00000    5.946936e-01    1.107018e-03
 17571.00000    6.715564e-01    1.237572e-03
 17572.00000    8.466817e-01    1.463349e-03
 17573.00000    8.978744e-01    1.587691e-03
 17574.00000    1.093638e+00    1.846672e-03
 17575.00000    1.187467e+00    2.027756e-03
 17576.00000    1.359052e+00    2.285430e-03
 17577.00000    1.528653e+00    2.552421e-03
 17578.00000    1.615299e+00    2.761250e-03
 17579.00000    1.563537e+00    2.856927e-03
 17580.00000    1.585619e+00    3.023329e-03
 17581.00000    4.316436e-01    8.562895e-04
 17582.00000    5.853612e-01    1.050855e-03
 17583.00000    6.620141e-01    1.179168e-03
 17584.00000    8.112124e-01    1.378434e-03
 17585.00000    9.276493e-01    1.557200e-03
 17586.00000    1.071818e+00    1.768360e-03
 17587.00000    1.255845e+00    2.021819e-03
 17588.00000    1.377096e+00    2.235190e-03
 17589.00000    1.384013e+00    2.364162e-03
 17590.00000    1.456619e+00    2.557080e-03
 17591.00000    1.613053e+00    2.834696e-03
 17592.00000    1.587216e+00    2.959356e-03
 17593.00000    3.885018e-01    7.768652e-04
 17594.00000    5.168408e-01    9.472000e-04
 17595.00000    5.827167e-01    1.064344e-03
 17596.00000    6.875331e-01    1.224259e-03
 17597.00000    8.870755e-01    1.472948e-03
 17598.00000    9.936928e-01    1.650922e-03
 17599.00000    1.134849e+00    1.867623e-03
 17600.00000    1.276292e+00    2.095285e-03
 17601.00000    1.243697e+00    2.186286e-03
 17602.00000    1.378366e+00    2.430805e-03
 17603.00000    1.470520e+00    2.649042e-03
 17604.00000    1.470510e+00    2.791976e-03
 17605.00000    3.110354e-01    6.668882e-04
 17606.00000    4.497084e-01    8.502597e-04
 17607.00000    5.237144e-01    9.737994e-04
 17608.00000    6.944180e-01    1.190655e-03
 17609.00000    7.703460e-01    1.331507e-03
 17610.00000    1.059472e+00    1.657567e-03
 17611.00000    1.129425e+00    1.815378e-03
 17612.00000    1.236700e+00    2.013461e-03
 17613.00000    1.400372e+00    2.268832e-03
 17614.00000    1.431181e+00    2.426167e-03
 17615.00000    1.556390e+00    2.673326e-03
 17616.00000    1.595523e+00    2.856579e-03
 17617.00000    3.124552e-01    6.438860e-04
 17618.00000    4.098341e-01    7.841345e-04
 17619.00000    6.282886e-01    1.033286e-03
 17620.00000    6.656666e-01    1.132044e-03
 17621.00000    8.558133e-01    1.366083e-03
 17622.00000    9.556997e-01    1.535475e-03
 17623.00000    1.062410e+00    1.720610e-03
 17624.00000    1.240607e+00    1.974231e-03
 17625.00000    1.236206e+00    2.090055e-03
 17626.00000    1.399887e+00    2.356126e-03
 17627.00000    1.439787e+00    2.528007e-03
 17628.00000    1.589641e+00    2.806798e-03
 17629.00000    2.689246e-01    5.781474e-04
 17630.00000    4.066653e-01    7.580003e-04
 17631.00000    4.945973e-01    8.917535e-04
 17632.00000    6.639087e-01    1.102267e-03
 17633.00000    8.256326e-01    1.310880e-03
 17634.00000    9.410612e-01    1.491381e-03
 17635.00000    9.827965e-01    1.622514e-03
 17636.00000    1.091137e+00    1.818014e-03
 17637.00000    1.273924e+00    2.086404e-03
 17638.00000    1.344897e+00    2.273752e-03
 17639.00000    1.465844e+00    2.514347e-03
 17640.00000    1.412954e+00    2.610969e-03
 17641.00000    2.728877e-01    5.667877e-04
 17642.00000    3.443236e-01    6.802902e-04
 17643.00000    4.771382e-01    8.561075e-04
 17644.00000    5.921023e-01    1.019373e-03
 17645.00000    7.029754e-01    1.186553e-03
 17646.00000    8.137111e-01    1.362544e-03
 17647.00000    9.691539e-01    1.585392e-03
 17648.00000    1.022607e+00    1.733979e-03
 17649.00000    1.148069e+00    1.953613e-03
 17650.00000    1.273450e+00    2.184653e-03
 17651.00000    1.318449e+00    2.356717e-03
 17652.00000    1.429092e+00    2.597492e-03
 17653.00000    2.487917e-01    5.299095e-04
 17654.00000    3.618687e-01    6.841393e-04
 17655.00000    4.577396e-01    8.239089e-04
 17656.00000    6.014889e-01    1.011066e-03
 17657.00000    6.612474e-01    1.133990e-03
 17658.00000    8.080200e-01    1.339628e-03
 17659.00000    9.103425e-01    1.517652e-03
 17660.00000    1.050965e+00    1.738067e-03
 17661.00000    1.145882e+00    1.931489e-03
 17662.00000    1.316160e+00    2.199746e-03
 17663.00000    1.321456e+00    2.338509e-03
 17664.00000    1.344221e+00    2.498453e-03
 17665.00000    2.401118e-01    5.131652e-04
 17666.00000    3.749306e-01    6.873348e-04
 17667.00000    4.887486e-01    8.412849e-04
 17668.00000    6.619580e-01    1.049239e-03
 17669.00000    7.079921e-01    1.161818e-03
 17670.00000    8.534136e-01    1.364323e-03
 17671.00000    9.360887e-01    1.526224e-03
 17672.00000    1.062557e+00    1.734333e-03
 17673.00000    1.243335e+00    1.997940e-03
 17674.00000    1.241909e+00    2.122951e-03
 17675.00000    1.373598e+00    2.370030e-03
 17676.00000    1.409200e+00    2.544065e-03
 17677.00000    2.810657e-01    5.512197e-04
 17678.00000    3.291038e-01    6.396876e-04
 17679.00000    4.800712e-01    8.287737e-04
 17680.00000    5.435316e-01    9.454740e-04
 17681.00000    7.265004e-01    1.171051e-03
 17682.00000    8.610396e-01    1.364167e-03
 17683.00000    9.811841e-01    1.556075e-03
 17684.00000    1.005513e+00    1.680641e-03
 17685.00000    1.071272e+00    1.847905e-03
 17686.00000    1.275465e+00    2.144511e-03
 17687.00000    1.357624e+00    2.349167e-03
 17688.00000    1.498447e+00    2.616221e-03
 17689.00000    2.597882e-01    5.299309e-04
 17690.00000    3.869327e-01    6.936587e-04
 17691.00000    5.036921e-01    8.489365e-04
 17692.00000    6.429432e-01    1.028391e-03
 17693.00000    6.957727e-01    1.145994e-03
 17694.00000    8.452808e-01    1.351613e-03
 17695.00000    9.023267e-01    1.492172e-03
 17696.00000    1.081777e+00    1.743274e-03
 17697.00000    1.277248e+00    2.017922e-03
 17698.00000    1.347692e+00    2.204452e-03
 17699.00000    1.338324e+00    2.332396e-03
 17700.00000    1.351020e+00    2.484084e-03
 17701.00000    2.544904e-01    5.283160e-04
 17702.00000    3.725006e-01    6.851021e-04
 17703.00000    4.552258e-01    8.118963e-04
 17704.00000    5.952262e-01    9.948956e-04
 17705.00000    6.721650e-01    1.132013e-03
 17706.00000    8.144013e-01    1.332743e-03
 17707.00000    9.676899e-01    1.551797e-03
 17708.00000    1.047421e+00    1.721924e-03
 17709.00000    1.087205e+00    1.868170e-03
 17710.00000    1.189150e+00    2.077329e-03
 17711.00000    1.343924e+00    2.344267e-03
 17712.00000    1.375966e+00    2.513862e-03
 17713.00000    2.678597e-01    5.498535e-04
 17714.00000    3.627347e-01    6.849580e-04
 17715.00000    4.513042e-01    8.180919e-04
 17716.00000    5.437058e-01    9.612321e-04
 17717.00000    6.930576e-01    1.160971e-03
 17718.00000    7.942476e-01    1.328151e-03
 17719.00000    8.840973e-01    1.495594e-03
 17720.00000    1.053285e+00    1.739986e-03
 17721.00000    1.044476e+00    1.843970e-03
 17722.00000    1.165782e+00    2.070158e-03
 17723.00000    1.304032e+00    2.323027e-03
 17724.00000    1.264214e+00    2.422904e-03
 17725.00000    2.544179e-01    5.472594e-04
 17726.00000    3.311190e-01    6.671096e-04
 17727.00000    4.732796e-01    8.526361e-04
 17728.00000    5.528593e-01    9.849847e-04
 17729.00000    6.588928e-01    1.148714e-03
 17730.00000    7.646103e-01    1.320758e-03
 17731.00000    8.968391e-01    1.525041e-03
 17732.00000    8.888995e-01    1.616553e-03
 17733.00000    1.065347e+00    1.881854e-03
 17734.00000    1.126781e+00    2.054892e-03
 17735.00000    1.209471e+00    2.257140e-03
 17736.00000    1.307685e+00    2.484626e-03
 17737.00000    2.497858e-01    5.571835e-04
 17738.00000    3.573781e-01    7.105503e-04
 17739.00000    4.490187e-01    8.496401e-04
 17740.00000    5.714747e-01    1.022591e-03
 17741.00000    6.322015e-01    1.146949e-03
 17742.00000    7.703108e-01    1.349184e-03
 17743.00000    7.918714e-01    1.456275e-03
 17744.00000    9.374521e-01    1.685012e-03
 17745.00000    1.081395e+00    1.922146e-03
 17746.00000    1.169429e+00    2.120115e-03
 17747.00000    1.187493e+00    2.262872e-03
 17748.00000    1.229677e+00    2.435631e-03
 17749.00000    2.403470e-01    5.646814e-04
 17750.00000    4.032181e-01    7.777750e-04
 17751.00000    5.264949e-01    9.458099e-04
 17752.00000    6.804846e-01    1.144586e-03
 17753.00000    7.059761e-01    1.240633e-03
 17754.00000    8.516998e-01    1.449443e-03
 17755.00000    9.126425e-01    1.594615e-03
 17756.00000    9.438483e-01    1.721781e-03
 17757.00000    1.183292e+00    2.044795e-03
 17758.00000    1.125040e+00    2.112013e-03
 17759.00000    1.325867e+00    2.425853e-03
 17760.00000    1.315865e+00    2.553499e-03
 17761.00000    3.208344e-01    6.773178e-04
 17762.00000    3.703605e-01    7.715609e-04
 17763.00000    5.146678e-01    9.653458e-04
 17764.00000    5.681844e-01    1.076923e-03
 17765.00000    7.075467e-01    1.276034e-03
 17766.00000    8.606630e-01    1.493823e-03
 17767.00000    9.379406e-01    1.654202e-03
 17768.00000    9.563447e-01    1.770391e-03
 17769.00000    9.927659e-01    1.910032e-03
 17770.00000    1.156223e+00    2.180500e-03
 17771.00000    1.203525e+00    2.350587e-03
 17772.00000    1.404654e+00    2.680144e-03
 17773.00000    2.780946e-01    6.572108e-04
 17774.00000    4.147489e-01    8.484422e-04
 17775.00000    4.807174e-01    9.666478e-04
 17776.00000    6.326716e-01    1.174360e-03
 17777.00000    6.407440e-01    1.251675e-03
 17778.00000    7.710715e-01    1.454123e-03
 17779.00000    8.023621e-01    1.570159e-03
 17780.00000    9.562541e-01    1.813433e-03
 17781.00000    1.108798e+00    2.064220e-03
 17782.00000    1.166797e+00    2.236337e-03
 17783.00000    1.113922e+00    2.305355e-03
 17784.00000    1.154475e+00    2.473636e-03
 17785.00000    0.000000e+00    0.000000e+00
 17786.00000    0.000000e+00    0.000000e+00
 17787.00000    0.000000e+00    0.000000e+00
 17788.00000    0.000000e+00    0.000000e+00
 17789.00000    0.000000e+00    0.000000e+00
 17790.00000    0.000000e+00    0.000000e+00
 17791.00000    0.000000e+00    0.000000e+00
 17792.00000    0.000000e+00    0.000000e+00
