Version: 2.0  Facility: SNS  Instrument: TOPAZ  Date: 2011-10-21T00:00:02
6         L1    T0_SHIFT
7  1800.0000       0.000
4 DETNUM  NROWS  NCOLS   WIDTH   HEIGHT   DEPTH   DETD   CenterX   CenterY   CenterZ    BaseX    BaseY    BaseZ      UpX      UpY      UpZ
5     33    256    256 15.8208 15.8208   0.2000  39.50   37.5667    0.0000  -12.2063  0.21851  0.70711  0.67250 -0.21851  0.70711 -0.67250
0  NRUN DETNUM    CHI      PHI    OMEGA   MONCNT
1  4907     33 135.00    7.44  -30.53       0
2   SEQN    H    K    L     COL      ROW     CHAN        L2   2_THETA        AZ         WL         D      IPK          INTI    SIGI  RFLG
3      1    0    0    0   34.00    49.00    12417    40.214   1.89551  -0.19851   2.669308    1.6434     6192          8879.74  169.66   310
3      2    0    0    0   33.00    48.00     6203    40.231   1.89537  -0.20076   1.333415    0.8210     1462          2244.21   82.48   310
3      3    0    0    0  229.00    33.00    14954    40.419   1.67143   0.00761   3.214427    2.1667     2446          3603.90   98.29   310
3      4    0    0    0  120.00   143.00     8259    39.514   1.91039   0.00938   1.776266    1.0878      776          523.98   51.75   310
3      5    0    0    0  228.00    32.00     7469    40.419   1.67143   0.00543   1.605513    1.0822      440          593.01   34.12   310
