0 0.0460196 422295 0.301307 509656
16 0.0460126 425381 0.301351 513381
32 0.046016 428490 0.301354 517134
48 0.0460111 431622 0.301335 520913
64 0.0460139 434777 0.301311 524721
80 0.044785 437955 0.30129 528556
96 0.0442536 441156 0.301589 532419
112 0.0445758 444380 0.300915 536311
128 0.0443506 447628 0.300896 540231
144 0.0442452 450900 0.301094 544180
160 0.0442714 454196 0.301328 548157
176 0.0432249 457516 0.301117 552164
192 0.0284307 460860 0.303543 556199
208 0.0123493 464228 0.306445 560265
224 0.00682053 467621 0.30639 564360
240 0.00900919 471039 0.30605 568485
256 0.020035 474482 0.305467 572640
272 0.0381972 477950 0.302615 576825
288 0.0428262 481444 0.301684 581041
304 0.0432275 0.00271294 0.301316 0.00348338
320 0.0426613 0.00267439 0.301729 0.00347514
336 0.0425499 0.00254502 0.301325 0.00349958
352 0.0426708 0.00270141 0.301805 0.003499
368 0.0422382 0.00259675 0.301495 0.00346921
384 0.0411596 0.00256271 0.302069 0.00350092
400 0.0398839 0.00246383 0.302206 0.00343794
416 0.039871 0.00256254 0.302351 0.00349004
432 0.0396343 0.00240154 0.302156 0.00335738
448 0.0387677 0.00242025 0.302464 0.00341244
464 0.039196 0.00242007 0.302139 0.00338189
480 0.0396247 0.0022358 0.302281 0.00337359
496 0.0456421 0.000537897 0.296853 0.000601481
512 0.0633602 0.00118316 0.258858 0.00130343
528 0.090572 0.00187572 0.174193 0.00210823
544 0.111282 0.00244312 0.0507269 0.00279211
560 0.101627 0.00286717 -0.0558364 0.00327572
576 0.0667614 0.00313536 -0.133326 0.00358806
592 -0.00353378 0.00329713 -0.184776 0.00375862
608 -0.0700555 0.00338821 -0.179696 0.00381804
624 -0.130018 0.00343858 -0.142039 0.00386015
640 -0.190134 0.00347659 -0.0839186 0.0038524
656 -0.200626 0.00349556 -0.00299561 0.00383921
672 -0.180318 0.00348963 0.0820367 0.00381715
688 -0.141195 0.00351417 0.148057 0.00381023
704 -0.0732756 0.00350648 0.202155 0.00380216
720 0.00296363 0.00351273 0.221541 0.00383046
736 0.0807771 0.00352511 0.20066 0.00385943
752 0.142823 0.00354876 0.151656 0.00391822
768 0.184959 0.00355591 0.0849077 0.0039597
784 0.192125 0.00357124 -0.00849206 0.00403151
800 0.178253 0.0035957 -0.0821588 0.00408084
816 0.127211 0.00362364 -0.155802 0.00413317
832 0.0527985 0.00363944 -0.196064 0.00415231
848 -0.0269468 0.00366967 -0.192607 0.00416567
864 -0.0925649 0.00368439 -0.161887 0.00414499
880 -0.157241 0.00370867 -0.109694 0.00412992
896 -0.190552 0.00371119 -0.0482236 0.00410688
912 -0.195386 0.00372907 0.0420811 0.00407105
928 -0.1549 0.00371571 0.119016 0.00403836
944 -0.111406 0.00372902 0.177594 0.0040392
960 -0.0360684 0.00373189 0.208481 0.00406058
976 0.0512302 0.0037356 0.21157 0.00407402
992 0.129856 0.00374554 0.165207 0.00413118
1008 0.170787 0.00376146 0.109566 0.00419042
1024 0.199277 0.00378149 0.0370838 0.00423774
1040 0.190447 0.00380075 -0.0544263 0.00430602
1056 0.154162 0.00381784 -0.12838 0.00435348
1072 0.0905723 0.00385073 -0.187316 0.00439864
1088 0.00954225 0.00388142 -0.20652 0.0044071
1104 -0.0712109 0.0038973 -0.186091 0.00439848
1120 -0.144517 0.00392447 -0.139076 0.00438063
1136 -0.191776 0.00393955 -0.0794311 0.00437332
1152 -0.194004 0.00394249 0.00847609 0.00433474
1168 -0.17728 0.00394777 0.0828022 0.00430966
1184 -0.133124 0.00395424 0.154064 0.0042907
1200 -0.0673787 0.00395729 0.205816 0.0042886
1216 0.0174474 0.00395649 0.219782 0.00430471
1232 0.0956256 0.00395446 0.195764 0.00433362
1248 0.150964 0.00397998 0.139438 0.00441534
1264 0.197113 0.00399423 0.0697077 0.00446809
1280 0.195158 0.00400452 -0.0206411 0.00453698
1296 0.172617 0.00404344 -0.098875 0.00459619
1312 0.12358 0.00407589 -0.173479 0.00466327
1328 0.0483597 0.00409373 -0.190687 0.00466093
1344 -0.0368371 0.00412505 -0.202677 0.00466936
1360 -0.11533 0.00414542 -0.168117 0.00467071
1376 -0.166372 0.00416817 -0.110404 0.00462995
1392 -0.194143 0.0041785 -0.0395972 0.00460871
1408 -0.193121 0.00419358 0.0585472 0.00456744
1424 -0.148942 0.00418446 0.132878 0.00453625
1440 -0.0910493 0.00418414 0.186486 0.00453587
1456 -0.0137436 0.00419308 0.208111 0.00456538
1472 0.0572044 0.00419764 0.201017 0.00458908
1488 0.137435 0.00421608 0.168518 0.0046454
1504 0.19032 0.00422072 0.0976326 0.00471051
1520 0.200281 0.00423926 0.0211392 0.00479648
1536 0.187108 0.00426794 -0.068563 0.00483141
1552 0.142345 0.00429009 -0.150495 0.00488907
1568 0.0774492 0.00432689 -0.188343 0.00491889
1584 -0.00849089 0.00435244 -0.200184 0.00494588
1600 -0.0838573 0.00438337 -0.179307 0.0049419
1616 -0.148708 0.00440639 -0.133432 0.00492723
1632 -0.187913 0.00442121 -0.0701788 0.00489681
1648 -0.197404 0.00442225 0.0200967 0.00485162
1664 -0.173482 0.00442271 0.0937043 0.00482685
1680 -0.120059 0.0044443 0.176441 0.00479978
1696 -0.0552581 0.00445812 0.198794 0.00482361
1712 0.0271354 0.00445744 0.205082 0.00484131
1728 0.0981393 0.00444418 0.186645 0.00487599
1744 0.165806 0.00446486 0.118828 0.00496291
1760 0.192522 0.00448437 0.0454455 0.00502814
1776 0.189589 0.00450003 -0.028957 0.00509412
1792 0.164325 0.00453425 -0.116061 0.00517233
1808 0.10062 0.00458547 -0.169228 0.00520912
1824 0.0316984 0.00460552 -0.196612 0.00523397
1840 -0.0454715 0.00463755 -0.204799 0.00525568
1856 -0.121537 0.00466027 -0.171292 0.00523537
1872 -0.178529 0.00466503 -0.0957175 0.00519115
1888 -0.202906 0.00467348 -0.0107652 0.00514126
1904 -0.188441 0.00470218 0.0686673 0.00512094
1920 -0.146672 0.0046972 0.143509 0.00509547
1936 -0.0756694 0.0047006 0.198616 0.00510598
1952 -0.00541134 0.00470821 0.21632 0.00510936
1968 0.0804197 0.00469838 0.189896 0.00514696
1984 0.144928 0.00472063 0.154605 0.0052081
2000 0.191019 0.00474563 0.086041 0.00527933
2016 0.199608 0.0047797 -0.0103221 0.0053719
2032 0.182681 0.00480849 -0.0818726 0.0054447
2048 0.143213 0.00483845 -0.157059 0.00551394
2064 0.0588566 0.00485255 -0.187779 0.00552771
2080 -0.0167067 0.00488781 -0.213501 0.00554435
2096 -0.095121 0.00493349 -0.182776 0.00555241
2112 -0.15514 0.00492727 -0.136121 0.00552112
2128 -0.187628 0.00494128 -0.0490136 0.00546087
2144 -0.203364 0.00496224 0.0244319 0.00543274
2160 -0.174661 0.00497865 0.103523 0.00541943
2176 -0.116388 0.00497404 0.169776 0.00538227
2192 -0.0341003 0.00497229 0.200491 0.0053973
2208 0.0403301 0.00497548 0.207271 0.00541698
2224 0.121513 0.00498927 0.184044 0.00547679
2240 0.172918 0.00500767 0.112719 0.00556315
2256 0.2036 0.00501029 0.0369809 0.00563962
2272 0.184589 0.00506512 -0.0548658 0.00573306
2288 0.153505 0.0051074 -0.124999 0.00581203
2304 0.0996497 0.00514306 -0.17745 0.00585164
2320 0.022645 0.00516877 -0.210723 0.00587159
2336 -0.0619932 0.00520149 -0.196696 0.00587524
2352 -0.130176 0.00522058 -0.15571 0.00584734
2368 -0.1831 0.00525077 -0.0803841 0.00580789
2384 -0.196021 0.00525247 -0.00192529 0.00576125
2400 -0.189704 0.00525415 0.0696768 0.0057396
2416 -0.142591 0.00528513 0.15378 0.00571901
2432 -0.0635777 0.00525962 0.192426 0.00572255
2448 0.00933004 0.00525633 0.218988 0.00569485
2464 0.085876 0.0052817 0.182829 0.00578541
2480 0.149099 0.00529609 0.138209 0.00585604
2496 0.195063 0.00531521 0.061554 0.00593697
2512 0.198994 0.00533824 -0.0103897 0.00600661
2528 0.176271 0.00538495 -0.0984908 0.00610329
2544 0.120778 0.00541239 -0.159557 0.00616068
2560 0.0453565 0.00545677 -0.200599 0.0062046
2576 -0.0361282 0.00548669 -0.197098 0.00620985
2592 -0.118531 0.0054965 -0.167773 0.0061653
2608 -0.173309 0.00558532 -0.125453 0.00620032
2624 -0.193804 0.00558154 -0.0485098 0.00614771
2640 -0.189431 0.00557274 0.0531241 0.00606417
2656 -0.157128 0.00556954 0.122255 0.00605469
2672 -0.0927186 0.00554874 0.185159 0.00600819
2688 -0.0367243 0.00556367 0.20911 0.00603967
2704 0.0657821 0.00557997 0.191865 0.00610637
2720 0.127708 0.00558574 0.166154 0.00616225
2736 0.17766 0.00560219 0.0929766 0.00623164
2752 0.193392 0.00563201 0.0182791 0.00633472
2768 0.189994 0.00569568 -0.088477 0.00648017
2784 0.144711 0.00572382 -0.138862 0.00652101
2800 0.0810609 0.0057408 -0.184471 0.0065434
2816 -0.00443579 0.00580299 -0.218362 0.00659925
2832 -0.0779445 0.00581849 -0.194442 0.0065658
2848 -0.144862 0.00587488 -0.16228 0.00654964
2864 -0.185894 0.00586016 -0.0697742 0.00649562
2880 -0.190723 0.00586763 0.0181045 0.00643108
2896 -0.188182 0.00591702 0.0788072 0.00641401
2912 -0.126692 0.00589582 0.1546 0.00637159
2928 -0.0551384 0.00589348 0.21674 0.00637776
2944 0.0207279 0.00590783 0.208483 0.00639775
2960 0.0986079 0.00591384 0.179735 0.00648613
2976 0.157882 0.0059513 0.130845 0.0066053
2992 0.197573 0.00596909 0.0484607 0.00666926
3008 0.195604 0.00600568 -0.0345431 0.00677593
3024 0.164238 0.00603981 -0.111958 0.00685052
3040 0.121162 0.00607231 -0.176059 0.00690969
3056 0.0368484 0.00613742 -0.211758 0.00695633
3072 -0.0431357 0.00614892 -0.208382 0.00695359
3088 -0.116646 0.00616653 -0.169624 0.00696029
3104 -0.173326 0.00622898 -0.110033 0.00688446
3120 -0.207193 0.00622319 -0.0328446 0.0068325
3136 -0.202653 0.00620912 0.0612633 0.00678329
3152 -0.162981 0.00623879 0.134307 0.00675103
3168 -0.0914584 0.00623934 0.186673 0.00674299
3184 -0.0102344 0.00625081 0.217346 0.0067549
3200 0.0679106 0.00625056 0.189519 0.00685006
3216 0.13596 0.00625923 0.155299 0.00689347
3232 0.178144 0.00627901 0.0804777 0.00702565
3248 0.196589 0.00632807 0.014069 0.00709757
3264 0.182929 0.00636403 -0.088434 0.00722381
3280 0.136484 0.00641122 -0.149817 0.00730821
3296 0.0619822 0.0064604 -0.199695 0.00735624
3312 -0.00390796 0.00649413 -0.211086 0.00737246
3328 -0.0806339 0.00651764 -0.191094 0.00735024
3344 -0.142068 0.006563 -0.144327 0.0073263
3360 -0.182362 0.00657069 -0.0708153 0.00727041
3376 -0.200841 0.00656811 0.0200175 0.00719113
3392 -0.167847 0.00662082 0.110114 0.00716446
3408 -0.122795 0.00659872 0.164866 0.00713779
3424 -0.0387152 0.00659737 0.188486 0.00715073
3440 0.0415768 0.00661518 0.22168 0.00719195
3456 0.103887 0.00660019 0.170706 0.00725518
3472 0.172731 0.00665777 0.113888 0.00738369
3488 0.199545 0.00671457 0.0368166 0.00750841
3504 0.186201 0.00669501 -0.0487519 0.00756551
3520 0.161118 0.00674427 -0.127814 0.00767887
3536 0.0983194 0.00679953 -0.179431 0.00773217
3552 0.010713 0.00688827 -0.208668 0.00779524
3568 -0.0530117 0.00688962 -0.186406 0.00779923
3584 -0.126015 0.00692683 -0.170404 0.00776473
3600 -0.184255 0.00696572 -0.112084 0.00771347
3616 -0.201928 0.00700435 -0.00820244 0.00765725
3632 -0.18937 0.00693485 0.0691132 0.00756746
3648 -0.1486 0.00697551 0.143747 0.00756053
3664 -0.0756089 0.00700567 0.186264 0.00759789
3680 -0.00428771 0.00702479 0.201824 0.00760813
3696 0.0910496 0.00702282 0.189328 0.00767295
3712 0.153275 0.00704001 0.137797 0.007758
3728 0.192641 0.00707132 0.0708255 0.00787604
3744 0.204929 0.00709757 -0.0106757 0.00797907
3760 0.185936 0.00711633 -0.102121 0.00810762
3776 0.129503 0.00719823 -0.16331 0.00819837
3792 0.0666616 0.00722177 -0.202088 0.00824315
3808 -0.0313973 0.00726103 -0.228152 0.00825883
3824 -0.0819821 0.00733409 -0.181758 0.00823979
3840 -0.178489 0.00732048 -0.1205 0.00817443
3856 -0.195344 0.00736105 -0.0395033 0.00811955
3872 -0.190932 0.00734511 0.0318223 0.00803541
3888 -0.172409 0.00739822 0.115174 0.00801156
3904 -0.105174 0.00737225 0.176197 0.00798527
3920 -0.0320517 0.00736861 0.210224 0.0079943
3936 0.0482411 0.00738058 0.20301 0.00809576
3952 0.124814 0.00743054 0.165107 0.0081603
3968 0.161226 0.00743539 0.11417 0.00822549
3984 0.20511 0.00747452 0.0252048 0.00840771
4000 0.182297 0.00752689 -0.0644636 0.00853834
4016 0.155034 0.00760952 -0.137999 0.00865872
4032 0.0820538 0.00763719 -0.18392 0.00867168
4048 0.00480656 0.00767874 -0.204387 0.00872711
4064 -0.0746207 0.00771621 -0.203046 0.0086946
4080 -0.123177 0.00774802 -0.16761 0.00870379
4096 -0.190622 0.00779384 -0.0717442 0.00862355
4112 -0.193603 0.00779777 -0.00875932 0.00854647
4128 -0.182575 0.00780689 0.0780302 0.00852104
4144 -0.135529 0.0078349 0.141043 0.0084969
4160 -0.0565068 0.00781546 0.197555 0.00846296
4176 0.0282727 0.00776933 0.220568 0.00846013
4192 0.0998481 0.00783452 0.192841 0.0085964
4208 0.163912 0.00789711 0.126648 0.00873727
4224 0.186495 0.0079301 0.0429172 0.00885169
4240 0.198083 0.00798286 -0.0329101 0.00896849
4256 0.173735 0.00798851 -0.112918 0.00910778
4272 0.12624 0.00801858 -0.161202 0.00915519
4288 0.0568833 0.00806338 -0.189543 0.00915424
4304 -0.0491425 0.0081871 -0.202335 0.00924366
4320 -0.0978238 0.00812664 -0.171521 0.00917094
4336 -0.161399 0.0082645 -0.102598 0.00911932
4352 -0.200707 0.00824859 -0.0145726 0.00909692
4368 -0.198763 0.00827488 0.0632871 0.00897921
4384 -0.152494 0.00825047 0.128869 0.00894106
4400 -0.0901856 0.00825693 0.181921 0.00895605
4416 -0.0324033 0.0082562 0.224587 0.00895515
4432 0.0691689 0.00828113 0.184232 0.00906375
4448 0.139562 0.00832095 0.156813 0.0091731
4464 0.196961 0.00834996 0.0951776 0.00927796
4480 0.183317 0.00841865 0.0126444 0.00945975
4496 0.186973 0.00850699 -0.0762675 0.0095732
4512 0.143829 0.00846049 -0.135959 0.00965641
4528 0.0832062 0.00856448 -0.203575 0.00978319
4544 -0.0201191 0.00862595 -0.229602 0.00982218
4560 -0.082909 0.00870485 -0.172743 0.00975128
4576 -0.154833 0.00873948 -0.134401 0.00974738
4592 -0.191348 0.00873214 -0.0781182 0.00963191
4608 -0.196583 0.00871991 0.0122796 0.00954249
4624 -0.168756 0.00873627 0.0992133 0.00948684
4640 -0.120814 0.00872554 0.162303 0.00941129
4656 -0.0556173 0.0087585 0.20028 0.00943776
4672 0.0116428 0.00881838 0.198216 0.0095636
4688 0.100739 0.00877217 0.186542 0.00957796
4704 0.150772 0.00887226 0.137879 0.00974579
4720 0.2043 0.00886671 0.0355462 0.00991415
4736 0.201614 0.00887987 -0.0203494 0.0100053
4752 0.167062 0.00894639 -0.127631 0.0101812
4768 0.113943 0.00904064 -0.185288 0.0102518
4784 0.0375695 0.00908196 -0.216696 0.0103368
4800 -0.0531991 0.00909754 -0.190138 0.0102697
4816 -0.123066 0.00917856 -0.143105 0.0102813
4832 -0.167007 0.00923673 -0.096609 0.0102908
4848 -0.208358 0.00925156 -0.0325963 0.0101842
4864 -0.192316 0.00923882 0.0547144 0.0100673
4880 -0.151569 0.0092509 0.14247 0.0100233
4896 -0.0811161 0.00920817 0.179958 0.0100061
4912 -0.00416731 0.00927235 0.187664 0.0100672
4928 0.076309 0.00932728 0.193053 0.0101941
4944 0.128534 0.00930315 0.133567 0.0102964
4960 0.192192 0.00935211 0.0696116 0.0104776
4976 0.216849 0.0094196 -0.00390217 0.0105367
4992 0.191191 0.00944405 -0.0906868 0.0106539
5008 0.137144 0.00953822 -0.167689 0.0108617
5024 0.0693129 0.00960674 -0.192039 0.0108768
5040 -0.0260252 0.00964769 -0.212638 0.0109476
5056 -0.117587 0.00975688 -0.193217 0.0108912
5072 -0.168525 0.00968852 -0.145467 0.0108658
5088 -0.188733 0.00978573 -0.0526441 0.0107173
5104 -0.194253 0.00981775 0.0275309 0.0106895
5120 -0.172207 0.00986728 0.108764 0.0106549
5136 -0.122338 0.00977353 0.161378 0.010592
5152 -0.0249034 0.00982503 0.203107 0.0105921
5168 0.0383561 0.00978584 0.191792 0.0106658
5184 0.116522 0.00968722 0.179307 0.0107319
5200 0.172815 0.00990866 0.0972169 0.0109511
5216 0.21148 0.00992458 0.0249508 0.0111307
5232 0.197573 0.00993381 -0.051329 0.0112518
5248 0.155484 0.0101093 -0.139918 0.0114628
5264 0.0955716 0.0101179 -0.194235 0.0114543
5280 0.0106069 0.010177 -0.196162 0.0115463
5296 -0.0502508 0.0101929 -0.207841 0.0115507
5312 -0.132225 0.0102356 -0.134541 0.0114474
5328 -0.182226 0.0103022 -0.0871724 0.011476
5344 -0.195547 0.0103397 0.00205723 0.0113456
5360 -0.166005 0.0102903 0.059832 0.011319
5376 -0.148349 0.010386 0.143315 0.0111832
5392 -0.0703941 0.0103734 0.187172 0.011207
5408 0.0104498 0.0103678 0.214577 0.0112513
5424 0.0718044 0.0104104 0.181677 0.0114451
5440 0.153447 0.0104281 0.121228 0.0115664
5456 0.194099 0.010496 0.0291584 0.0118288
5472 0.175513 0.0105555 -0.00607776 0.0118126
5488 0.159713 0.0106222 -0.0975321 0.0119687
5504 0.104334 0.0107716 -0.18422 0.0121807
5520 0.0499543 0.0107209 -0.158676 0.0121122
5536 -0.050755 0.0108706 -0.174441 0.0121546
5552 -0.12083 0.0108833 -0.182434 0.0121761
5568 -0.163317 0.0108775 -0.114018 0.0120904
5584 -0.205577 0.0109215 -0.0207121 0.0120093
5600 -0.208431 0.0109758 0.0458335 0.0119932
5616 -0.158969 0.0109557 0.107588 0.0119328
5632 -0.0963311 0.0110197 0.15518 0.0119626
5648 -0.0170283 0.0108851 0.197961 0.0119154
5664 0.0528664 0.010956 0.202591 0.0120205
5680 0.126819 0.0111195 0.174196 0.0121242
5696 0.166828 0.0110562 0.0815934 0.0122862
5712 0.19385 0.011146 -0.00853673 0.0124793
5728 0.183016 0.0111573 -0.0736973 0.0126744
5744 0.124945 0.0112587 -0.138592 0.0126978
5760 0.0807024 0.0112908 -0.194143 0.012941
5776 -0.00721336 0.0114257 -0.193104 0.0128538
5792 -0.0657538 0.0114556 -0.159842 0.012864
5808 -0.116071 0.011435 -0.13793 0.0128113
5824 -0.190629 0.011592 -0.061859 0.0127628
5840 -0.213679 0.0115341 -0.0147065 0.0127788
5856 -0.17015 0.0115722 0.0917376 0.0125744
5872 -0.135271 0.0115987 0.157626 0.0125101
5888 -0.0484857 0.0114936 0.170462 0.0125156
5904 0.0106818 0.0116302 0.192013 0.0126391
5920 0.0900149 0.0115973 0.188323 0.0127146
5936 0.143032 0.0116235 0.121438 0.0128621
5952 0.189178 0.011743 0.0499247 0.0131119
5968 0.186877 0.0117627 -0.0307455 0.013292
5984 0.160707 0.0119228 -0.127899 0.0135323
6000 0.122316 0.0119299 -0.158329 0.0134671
6016 0.0191125 0.0121488 -0.204153 0.0137082
6032 -0.0345059 0.0120591 -0.192727 0.0136443
6048 -0.111129 0.0121639 -0.170854 0.0136261
6064 -0.184744 0.0122714 -0.127138 0.0136188
6080 -0.188111 0.0122117 -0.00413544 0.0134025
6096 -0.186934 0.0122918 0.0681138 0.0133654
6112 -0.163512 0.0122232 0.141448 0.0131035
6128 -0.0827085 0.0122531 0.134506 0.0132706
6144 -0.0101568 0.0122857 0.217304 0.0132515
6160 0.0807637 0.0122528 0.176811 0.0134272
6176 0.128648 0.0123186 0.143573 0.0134985
6192 0.188704 0.0124284 0.0673269 0.0140088
6208 0.173497 0.0125173 0.00322034 0.0140245
6224 0.168601 0.0125288 -0.0925641 0.0141247
6240 0.111361 0.0126762 -0.151176 0.0144189
6256 0.0657852 0.01265 -0.169889 0.0143411
6272 -0.00495007 0.0127278 -0.23204 0.0144877
6288 -0.0765416 0.0127732 -0.186276 0.0144481
6304 -0.175593 0.0129301 -0.12543 0.0143606
6320 -0.182543 0.0129272 -0.0312228 0.0141561
6336 -0.207149 0.0130211 0.00888361 0.0142601
6352 -0.163159 0.0130422 0.101451 0.0141452
6368 -0.111327 0.0130155 0.15488 0.0141423
6384 -0.0413541 0.0130019 0.195033 0.0139932
6400 0.0210872 0.013162 0.194149 0.0142288
6416 0.0876188 0.01292 0.18251 0.0143214
6432 0.182304 0.0131457 0.100205 0.0145875
6448 0.199852 0.0130643 0.0601765 0.0146813
6464 0.159032 0.0132447 -0.0568711 0.0149293
6480 0.145022 0.0133252 -0.109223 0.0149798
6496 0.0858012 0.0133966 -0.156245 0.0152719
6512 0.0160411 0.0133655 -0.197928 0.0152484
6528 -0.0477296 0.0134673 -0.190477 0.0153467
6544 -0.108662 0.0134936 -0.159715 0.0152516
6560 -0.18356 0.0136643 -0.059143 0.0150899
6576 -0.188796 0.0137542 -0.00686557 0.0152338
6592 -0.195019 0.0137537 0.0521935 0.0149869
6608 -0.121853 0.0137637 0.12111 0.0149502
6624 -0.073505 0.0138077 0.151759 0.0150732
6640 -0.00245812 0.0136119 0.215293 0.0148069
6656 0.0927855 0.0139356 0.211526 0.0151624
6672 0.161032 0.0137523 0.11555 0.0154034
6688 0.174207 0.0137969 0.055636 0.0152325
6704 0.180299 0.0139866 -0.0634104 0.0157308
6720 0.167684 0.0140073 -0.107445 0.0158363
6736 0.116544 0.0141128 -0.152819 0.016105
6752 0.0514714 0.0142331 -0.198266 0.0161632
6768 -0.0282612 0.0141354 -0.209373 0.0162565
6784 -0.117472 0.0144747 -0.16965 0.0161585
6800 -0.152357 0.0144544 -0.10092 0.0160275
6816 -0.216285 0.014614 -0.0325394 0.0158374
6832 -0.182043 0.0144816 0.0264126 0.0158255
6848 -0.15971 0.0145077 0.0787936 0.0157448
6864 -0.102432 0.014471 0.16976 0.0156815
6880 -0.0467665 0.0145438 0.212808 0.0157953
6896 0.0317224 0.0145308 0.163829 0.0158362
6912 0.0986441 0.0147079 0.138641 0.0159559
6928 0.203224 0.0147034 0.102982 0.0162997
6944 0.169634 0.0147211 0.0367572 0.0164329
6960 0.206743 0.014892 -0.0677246 0.0169386
6976 0.150916 0.0147105 -0.117552 0.0167329
6992 0.0673203 0.0150743 -0.17393 0.0170517
7008 0.0172081 0.0149798 -0.225055 0.0172705
7024 -0.0484249 0.0152274 -0.186626 0.0171138
7040 -0.109615 0.0151735 -0.149376 0.0169
7056 -0.179206 0.0153155 -0.111661 0.0171266
7072 -0.20414 0.0153895 -0.0149854 0.0168624
7088 -0.19318 0.0152946 0.0933871 0.016803
7104 -0.125365 0.015262 0.148998 0.0164374
7120 -0.036407 0.0154806 0.15336 0.0167338
7136 0.00180719 0.0155199 0.168039 0.0169161
7152 0.0684512 0.0152224 0.20573 0.016588
7168 0.126376 0.0153708 0.0960294 0.0171417
7184 0.177864 0.0154224 0.0821505 0.0173166
7200 0.177415 0.0158006 -0.0332131 0.0176017
7216 0.177639 0.0156391 -0.0892536 0.0178087
7232 0.0856329 0.0157263 -0.200695 0.0180713
7248 0.0225242 0.0158707 -0.20519 0.0179286
7264 -0.0709736 0.0161712 -0.21511 0.0182539
7280 -0.10451 0.016233 -0.144979 0.0180833
7296 -0.168917 0.0161695 -0.107047 0.0178679
7312 -0.201049 0.016066 -0.0105485 0.0177362
7328 -0.194172 0.0162558 0.0584558 0.0176961
7344 -0.170803 0.0163102 0.122847 0.0175384
7360 -0.106966 0.0161681 0.155881 0.0176867
7376 -0.0206058 0.0161894 0.196346 0.0175676
7392 0.0549556 0.0162615 0.202382 0.0176002
7408 0.131822 0.0163092 0.17221 0.0179892
7424 0.171202 0.0161645 0.088293 0.0184342
7440 0.197071 0.0163928 0.0217824 0.0185863
7456 0.207835 0.016494 -0.0969178 0.0189678
7472 0.172317 0.0166641 -0.174066 0.0190477
7488 0.0760373 0.0168611 -0.201286 0.0191206
7504 0.0125739 0.0169275 -0.176994 0.0189588
7520 -0.0632037 0.017098 -0.168574 0.0191605
7536 -0.153263 0.0171232 -0.105244 0.0190502
7552 -0.196054 0.0170562 -0.0497153 0.018927
7568 -0.159368 0.0171397 -0.00422356 0.0186609
7584 -0.184674 0.0172766 0.13155 0.0186333
7600 -0.116353 0.0172767 0.163349 0.0187171
7616 -0.0895264 0.0174157 0.160779 0.0187052
7632 0.00768327 0.0172034 0.252979 0.0186937
7648 0.0902592 0.0171654 0.189125 0.018753
7664 0.18893 0.0171976 0.118014 0.0191824
7680 0.181661 0.0174204 0.0241771 0.0194051
7696 0.171318 0.0176653 -0.0524337 0.0198184
7712 0.167026 0.0175048 -0.106566 0.0197634
7728 0.0957256 0.017775 -0.170173 0.0201131
7744 0.00844327 0.0179391 -0.19807 0.020257
7760 -0.0514041 0.0175919 -0.200594 0.0199928
7776 -0.109766 0.0181017 -0.138976 0.0200746
7792 -0.171454 0.0179909 -0.0751509 0.0200015
7808 -0.172782 0.0179896 -0.00728616 0.0198952
7824 -0.184619 0.0182716 0.0710067 0.0197375
7840 -0.171394 0.0182412 0.127928 0.0198457
7856 -0.108117 0.0182589 0.124734 0.0199005
7872 0.00374505 0.0183748 0.192252 0.0198646
7888 0.0816304 0.0180429 0.197778 0.0198382
7904 0.150071 0.0183698 0.144885 0.0204864
7920 0.177478 0.018438 0.0880604 0.0203982
7936 0.173148 0.0183769 -0.0466982 0.0209481
7952 0.17738 0.0185914 -0.0604109 0.0208914
7968 0.108481 0.0185249 -0.144388 0.0212025
7984 0.0884266 0.0187647 -0.18271 0.0215423
8000 -0.0332476 0.0188512 -0.219596 0.021608
8016 -0.0751065 0.0192977 -0.149524 0.0213084
8032 -0.137787 0.0192997 -0.119877 0.0214695
8048 -0.196226 0.0189001 -0.0677604 0.0210024
8064 -0.203111 0.0192426 0.0271878 0.0211241
8080 -0.177777 0.0189318 0.124839 0.0205833
8096 -0.112608 0.0190932 0.143613 0.020752
8112 -0.00681666 0.0192009 0.184098 0.0207459
8128 0.0440885 0.0192159 0.179478 0.0210191
8144 0.0998372 0.0193338 0.119897 0.0215034
8160 0.136861 0.0193053 0.11696 0.0213458
8176 0.164256 0.0196189 -0.00107017 0.0220381
8192 0.198821 0.0193321 -0.0110751 0.0220007
8208 0.146705 0.0201067 -0.157236 0.0227218
8224 0.077348 0.0199605 -0.19334 0.0222682
8240 0.0480862 0.0195685 -0.167022 0.0224446
8256 -0.0599106 0.0198451 -0.176746 0.0223339
8272 -0.138842 0.0201917 -0.142719 0.0228492
8288 -0.191359 0.0201514 -0.102036 0.0226336
8304 -0.191444 0.0204109 -0.0275105 0.0226157
8320 -0.237256 0.0204861 0.0861602 0.022289
8336 -0.153559 0.020381 0.125798 0.0218469
8352 -0.05443 0.0204563 0.193143 0.0220858
8368 -0.0245648 0.0204767 0.193623 0.0221969
8384 0.0673124 0.0201586 0.165374 0.0223215
8400 0.151084 0.020617 0.150529 0.0222547
8416 0.230624 0.0204591 0.0963852 0.023083
8432 0.184013 0.020694 -0.033311 0.0233356
8448 0.151709 0.020793 -0.0596514 0.0233345
8464 0.131632 0.0209908 -0.18255 0.0238924
8480 0.0698174 0.0211813 -0.24408 0.0240693
8496 -0.0348554 0.0210331 -0.247185 0.0242458
8512 -0.0832642 0.020919 -0.187604 0.0238792
8528 -0.167499 0.0215601 -0.127278 0.0240315
8544 -0.163864 0.0213664 -0.0398841 0.023408
8560 -0.189251 0.021194 0.0551906 0.0232295
8576 -0.15812 0.0215598 0.0627734 0.0234613
8592 -0.145085 0.0216962 0.205451 0.0231421
8608 -0.000719254 0.0215064 0.208409 0.023517
8624 0.0352942 0.0215939 0.163134 0.0237198
8640 0.117293 0.0215232 0.155328 0.0238891
8656 0.179117 0.0216464 0.0920411 0.0239455
8672 0.19924 0.0214589 -0.00914955 0.0240053
8688 0.161351 0.0218365 -0.0735585 0.0245866
8704 0.155698 0.0220347 -0.159119 0.024858
8720 0.0272832 0.0220883 -0.225018 0.025255
8736 -0.0122288 0.0224299 -0.184341 0.0251114
8752 -0.0306073 0.0228425 -0.230629 0.0256069
8768 -0.169058 0.0224095 -0.125745 0.0251289
8784 -0.187739 0.0227567 -0.0888508 0.0250456
8800 -0.209748 0.0228888 0.00875393 0.0250801
8816 -0.182391 0.0230203 0.116739 0.0242589
8832 -0.104912 0.0224186 0.168845 0.0244957
8848 -0.0932109 0.0227596 0.159041 0.0245026
8864 0.0206114 0.0230395 0.203799 0.0250632
8880 0.129555 0.0225013 0.219023 0.0244574
8896 0.153263 0.0227266 0.126998 0.0254124
8912 0.207629 0.0231958 0.0811947 0.0257411
8928 0.169483 0.0230437 0.00518565 0.0260749
8944 0.153898 0.0230716 -0.143725 0.02642
8960 0.0752965 0.0230911 -0.161797 0.0263134
8976 0.0219159 0.0235558 -0.175591 0.0269464
8992 0.0102369 0.0240412 -0.221073 0.0271112
9008 -0.144281 0.0237981 -0.179038 0.027185
9024 -0.128926 0.0238246 -0.126622 0.0264958
9040 -0.191734 0.0237675 -0.00107382 0.0264214
9056 -0.177366 0.024211 0.0648832 0.02614
9072 -0.11353 0.0234944 0.159981 0.0253124
9088 -0.0799047 0.0239458 0.214011 0.0257521
9104 0.00705682 0.0242229 0.203707 0.0259664
9120 0.0837329 0.0243783 0.207345 0.0266087
9136 0.120791 0.0240477 0.0668258 0.027188
9152 0.180453 0.0239877 0.0320126 0.0275044
9168 0.224016 0.0243363 0.000152933 0.0276712
9184 0.174106 0.0244713 -0.0501476 0.028042
9200 0.125036 0.0247733 -0.128611 0.0279487
9216 0.0415019 0.0247862 -0.167395 0.0282508
9232 -0.0120028 0.0252393 -0.164432 0.0279844
9248 -0.0796423 0.0253786 -0.147892 0.0283597
9264 -0.178105 0.025371 -0.167651 0.0285962
9280 -0.159619 0.0254694 -0.104677 0.0280572
9296 -0.157606 0.0251331 0.0395641 0.0278053
9312 -0.155569 0.025754 0.101807 0.0278764
9328 -0.0719704 0.025451 0.203651 0.0277801
9344 -0.0638753 0.0255766 0.192025 0.0282962
9360 0.0429421 0.0248659 0.212244 0.027138
9376 0.0855878 0.025592 0.165955 0.0285192
9392 0.195386 0.0256029 0.103101 0.0284228
9408 0.189713 0.0256599 0.0812836 0.0287198
9424 0.190727 0.0258475 -0.0536697 0.0289248
9440 0.125013 0.0262175 -0.129785 0.0299361
9456 0.0845181 0.0262242 -0.169669 0.0296943
9472 -0.00963167 0.0267409 -0.205624 0.0298669
9488 -0.0387682 0.0263262 -0.184267 0.0300969
9504 -0.140203 0.0271391 -0.197017 0.0303388
9520 -0.224353 0.0273337 -0.0877357 0.0299123
9536 -0.193518 0.0270268 -0.0350188 0.0298643
9552 -0.154279 0.0270501 0.0796183 0.0296793
9568 -0.0826678 0.0265948 0.127847 0.0294592
9584 -0.0758691 0.0269331 0.186355 0.0289749
9600 0.00582506 0.0268667 0.186076 0.0294715
9616 0.072617 0.0272353 0.161393 0.0297101
9632 0.157214 0.0271624 0.146503 0.0298394
9648 0.15387 0.0272442 0.0300325 0.0303447
9664 0.174187 0.0271622 -0.0659068 0.0311104
9680 0.147138 0.0277062 -0.0969277 0.0309263
9696 0.0840068 0.0276906 -0.140192 0.0317643
9712 0.0730132 0.027502 -0.190821 0.0316513
9728 -0.0597971 0.0278795 -0.252073 0.0317273
9744 -0.110321 0.0285443 -0.186175 0.0319075
9760 -0.13867 0.0282615 -0.0721913 0.0312717
9776 -0.22685 0.0286494 -0.104345 0.031422
9792 -0.143383 0.0283165 0.0678101 0.0309352
9808 -0.210597 0.0289201 0.0348558 0.0313988
9824 -0.114159 0.0283473 0.167297 0.0309473
9840 -0.0761875 0.0286494 0.182561 0.0312853
9856 0.00325605 0.0286016 0.166402 0.0312657
9872 0.135383 0.0280798 0.119751 0.0322529
9888 0.194684 0.0279769 0.0551775 0.0322156
9904 0.16623 0.0289569 0.0264206 0.0325582
9920 0.271458 0.0286852 -0.0408463 0.032937
9936 0.208617 0.0286721 -0.122702 0.0331634
9952 0.029719 0.0292206 -0.163033 0.0335388
9968 -0.0240314 0.0291264 -0.265675 0.0341182
9984 -0.0654595 0.0294798 -0.10389 0.0338525
10000 -0.138871 0.0295959 -0.127538 0.0331116
10016 -0.203777 0.0298673 -0.101427 0.0338001
10032 -0.223259 0.0304598 -0.0189378 0.0332707
10048 -0.182612 0.0303025 0.0412142 0.0331069
10064 -0.144693 0.0303921 0.161015 0.0334048
10080 -0.0484283 0.0302938 0.131569 0.0332715
10096 0.0771936 0.0298873 0.192589 0.0333721
10112 0.186265 0.0298129 0.267701 0.0339166
10128 0.141005 0.0301368 0.158715 0.0330892
10144 0.153287 0.0303889 0.0424026 0.0341999
10160 0.139113 0.0303514 -0.0465847 0.0343876
10176 0.127203 0.0305366 -0.158172 0.035147
10192 0.126609 0.030784 -0.164845 0.0354088
10208 -0.015665 0.031297 -0.188472 0.0353324
10224 -0.0506656 0.0312213 -0.207931 0.0355166
10240 -0.151434 0.0317553 -0.145984 0.0351826
10256 -0.134873 0.0322561 -0.0399264 0.0362955
10272 -0.194495 0.0318354 -0.0976907 0.0360009
10288 -0.209046 0.0320799 0.0117561 0.0351062
10304 -0.13209 0.031447 0.112987 0.0344892
10320 -0.0862709 0.0318851 0.201709 0.0350883
10336 -0.0346829 0.032183 0.217219 0.0352481
10352 0.128244 0.0324608 0.155424 0.0365211
10368 0.0540794 0.0324051 0.154337 0.0359957
10384 0.176695 0.0323812 0.100075 0.0356405
10400 0.229648 0.0333018 -0.0410445 0.0378185
10416 0.187063 0.0327065 -0.0529343 0.0375188
10432 0.150605 0.0326724 -0.138556 0.0380471
10448 0.0350792 0.0327463 -0.166938 0.0377437
10464 -0.00565018 0.0338745 -0.207232 0.0379814
10480 -0.132373 0.0338004 -0.154281 0.0377882
10496 -0.110572 0.0332632 -0.133061 0.0378995
10512 -0.206787 0.0336446 -0.0657742 0.0378572
10528 -0.170188 0.033836 -0.00220389 0.0378848
10544 -0.169296 0.0339088 0.0710893 0.0373252
10560 -0.141213 0.0339001 0.128882 0.0372029
10576 -0.053583 0.0342348 0.218116 0.0372094
10592 0.109553 0.0338014 0.140941 0.0375073
10608 0.152702 0.0336353 0.168601 0.0376849
10624 0.137956 0.0340425 0.131193 0.0380363
10640 0.240491 0.0349898 -0.00507735 0.0393689
10656 0.207745 0.0342457 -0.0493521 0.0396741
10672 0.151291 0.035607 -0.177181 0.0405292
10688 0.09615 0.0353004 -0.153044 0.0398862
10704 0.0568118 0.0351977 -0.170341 0.0401138
10720 -0.107984 0.0360941 -0.254461 0.0408384
10736 -0.0892583 0.0353712 -0.0600763 0.0394116
10752 -0.207925 0.0366153 -0.0890143 0.0400435
10768 -0.187163 0.0359204 -0.0160733 0.0397377
10784 -0.178927 0.0362443 0.0801136 0.0397737
10800 -0.138998 0.0369462 0.104875 0.0399824
10816 -0.154575 0.0366587 0.0769604 0.0399869
10832 0.0219682 0.0360532 0.210375 0.0401686
10848 0.0506764 0.036439 0.171115 0.0399452
10864 0.0981426 0.0363982 0.131066 0.0405097
10880 0.122655 0.0362085 0.0352491 0.0409808
10896 0.263563 0.0375391 -0.00345103 0.0415005
10912 0.172195 0.0369895 -0.130232 0.0420853
10928 0.15497 0.0378247 -0.131609 0.0427267
10944 0.0582736 0.0361065 -0.186276 0.041904
10960 -0.0890268 0.0381314 -0.175589 0.0422932
10976 -0.126999 0.0377574 -0.165265 0.0426466
10992 -0.132625 0.0385749 -0.0821018 0.0424369
11008 -0.212898 0.0391235 -0.0354258 0.0425641
11024 -0.190496 0.0385833 0.0719991 0.0424086
11040 -0.228395 0.0396292 0.0689 0.0425082
11056 -0.114781 0.0385776 0.246611 0.0421773
11072 -0.0375641 0.0389535 0.149089 0.0428018
11088 0.0249093 0.0388889 0.148991 0.0426947
11104 0.130352 0.0393103 0.141334 0.0436601
11120 0.226391 0.0396528 0.0374018 0.0433905
11136 0.187654 0.0398144 0.074054 0.0440889
11152 0.164242 0.0397071 -0.0453521 0.0439963
11168 0.150078 0.0396454 -0.129529 0.0443648
11184 0.0571659 0.0397849 -0.071297 0.0446732
11200 0.0115804 0.0408147 -0.218403 0.0456559
11216 -0.0585475 0.0406922 -0.228862 0.0458973
11232 -0.127069 0.0408718 -0.167612 0.0456674
11248 -0.138741 0.0404032 -0.0815729 0.0442778
11264 -0.16293 0.0406753 -0.0686726 0.0445215
11280 -0.208288 0.041197 0.0802015 0.0448395
11296 -0.194339 0.0409381 0.219507 0.0451458
11312 0.0276208 0.0405831 0.0874854 0.0448555
11328 0.0382573 0.0410138 0.180861 0.0453102
11344 0.0806352 0.0415573 0.210836 0.0460126
11360 0.102197 0.0413199 0.0903715 0.0457214
11376 0.111617 0.0424236 0.0809821 0.0456977
11392 0.0982872 0.0424489 -0.0431406 0.0463792
11408 0.161095 0.0430226 -0.0814389 0.0471136
11424 0.0794159 0.0426282 -0.1855 0.0473571
11440 -0.065772 0.0421619 -0.217985 0.0478431
11456 -0.0269094 0.0425347 -0.144164 0.0468167
11472 -0.0775301 0.0425516 -0.18719 0.047275
11488 -0.198622 0.0445885 -0.0789218 0.0479287
11504 -0.258972 0.044061 -0.0732448 0.047939
11520 -0.100726 0.0426008 0.0519794 0.0472129
11536 -0.0804112 0.0429 0.0820316 0.0468339
11552 -0.114496 0.0433507 0.170646 0.046948
11568 -0.0928631 0.0439904 0.268843 0.0484185
11584 0.144872 0.0441661 0.180136 0.0481632
11600 0.0839636 0.0438237 0.0997042 0.0480129
11616 0.176044 0.0443811 0.135012 0.0485795
11632 0.139245 0.0434659 0.0879319 0.0492576
11648 0.148535 0.0446342 -0.0675183 0.0491407
11664 0.140836 0.0444845 -0.0732502 0.0501663
11680 0.0690303 0.0447081 -0.0730366 0.0496679
11696 -0.00957833 0.0443648 -0.257437 0.05016
11712 -0.184611 0.0461663 -0.317103 0.0512784
11728 -0.256831 0.0466772 -0.151509 0.0504879
11744 -0.0910162 0.0452552 0.00765219 0.0493392
11760 -0.116123 0.0448812 -0.0643269 0.049847
11776 -0.186142 0.0457892 0.0515137 0.0496019
11792 -0.114142 0.045028 0.214603 0.0497513
11808 -0.100507 0.0456969 0.207601 0.04992
11824 0.0946078 0.0454036 0.192272 0.0501216
11840 0.0946122 0.0464708 0.202408 0.0503694
11856 0.213123 0.0465908 0.172718 0.050883
11872 0.29408 0.0467096 0.0844947 0.051746
11888 0.218823 0.0476217 -0.192379 0.0522179
11904 0.165712 0.0463731 -0.0442298 0.050847
11920 0.0841533 0.0459613 -0.132695 0.0520503
11936 -0.00726404 0.0464376 -0.281913 0.0536287
11952 -0.035901 0.0476677 -0.297652 0.0516025
11968 -0.0952152 0.0476132 -0.0700895 0.052182
11984 -0.204572 0.0476066 -0.15093 0.052695
12000 -0.251051 0.0487187 0.0124572 0.0518007
12016 -0.137043 0.0471871 0.0103402 0.0519376
12032 -0.128328 0.0475246 0.113976 0.0521611
12048 -0.161294 0.0479394 0.134919 0.0523049
12064 -0.0022684 0.0470901 0.167198 0.0523993
12080 -0.0171253 0.0475838 0.24716 0.0526938
12096 0.0974314 0.0474343 0.184288 0.0527823
12112 0.184902 0.0478226 0.112944 0.0533679
12128 0.184577 0.0483864 -0.0477936 0.0536378
12144 0.167765 0.0479968 -0.10585 0.0540084
12160 0.134545 0.0482246 -0.108538 0.0540747
12176 0.0429852 0.0483974 -0.173543 0.0542449
12192 -0.079065 0.0502626 -0.214337 0.0543838
12208 -0.0141979 0.0487663 -0.159397 0.0547226
12224 -0.0347727 0.0488363 -0.0748927 0.0543425
12240 -0.132813 0.0496071 -0.0204542 0.054543
12256 -0.152394 0.0500468 0.100566 0.0547734
12272 -0.112752 0.0500011 0.0643945 0.0551415
12288 -0.0361069 0.0499889 0.117874 0.0552798
12304 0.0527805 0.0497336 0.197024 0.0553409
12320 -0.00480692 0.049915 0.0863814 0.0555428
12336 0.126475 0.0500971 0.180212 0.0557454
12352 0.13424 0.0502799 0.107307 0.0559488
12368 0.218163 0.0509833 0.111758 0.0561982
12384 0.243682 0.051146 -0.105703 0.056547
12400 0.0674189 0.0508321 -0.118677 0.0565633
12416 0.0960089 0.0510176 -0.192222 0.0567697
12432 -0.0533424 0.0512037 -0.215699 0.0569767
12448 -0.0445332 0.0513905 -0.180448 0.0571846
12464 -0.141226 0.0515779 -0.128833 0.0573932
12480 -0.20496 0.0527706 0.0712998 0.0581314
12496 -0.307303 0.0526478 0.0273823 0.05784
12512 -0.125743 0.0521445 0.056036 0.0580236
12528 -0.192212 0.0523347 0.0920551 0.0582352
12544 -0.0751517 0.0533937 0.231284 0.0584626
12560 0.0694085 0.0527172 0.195803 0.0586609
12576 0.021739 0.0529095 0.252302 0.0588749
12592 0.168647 0.0539532 0.110638 0.0593636
12608 0.217279 0.0532962 0.166949 0.0593052
12624 0.218415 0.0534907 -0.0210636 0.0595215
12640 0.165981 0.0536858 -0.117962 0.0597387
12656 0.112061 0.0538816 -0.215698 0.0599566
12672 -0.0092051 0.0540782 -0.218899 0.0601753
12688 -0.00640004 0.0542754 -0.211012 0.0603948
12704 -0.136523 0.0544734 -0.172988 0.0606151
12720 -0.148813 0.0546722 -0.0808798 0.0608363
12736 -0.234667 0.0548716 -0.14066 0.0610582
12752 -0.192662 0.0552847 0.00150493 0.0624217
12768 -0.159197 0.0552727 0.0565901 0.0615045
12784 -0.122178 0.0554743 0.182576 0.0617288
12800 -0.0930828 0.0556767 0.200185 0.061954
12816 0.0840499 0.0558798 0.105558 0.06218
12832 0.0711373 0.0560836 0.162991 0.0624069
12848 0.125585 0.0562882 0.0313655 0.0626345
12864 0.121892 0.0564935 0.0593274 0.062863
12880 0.104711 0.0566996 -0.108229 0.0630923
12896 0.104987 0.0569065 -0.0929134 0.0633224
12912 0.136107 0.057114 -0.0654569 0.0635534
12928 0.0566552 0.0573224 -0.270063 0.0637853
12944 -0.0551384 0.0575315 -0.176757 0.064018
12960 -0.229305 0.0577414 -0.244951 0.0642515
12976 -0.149114 0.057952 -0.0564278 0.0644859
12992 -0.227009 0.0581634 -0.0190456 0.0647211
13008 -0.104049 0.0583756 0.0241539 0.0649572
13024 -0.110556 0.0585885 0.0699817 0.0651942
13040 -0.176255 0.0588023 0.137193 0.065432
13056 -0.0448661 0.0590168 0.169241 0.0656707
13072 0.025609 0.059232 0.130336 0.0659103
13088 0.0916985 0.0594481 0.0548467 0.0661507
13104 0.145298 0.059665 0.0312261 0.066392
13120 0.200178 0.0598826 -0.111893 0.0666342
13136 0.193535 0.0601011 -0.123094 0.0668773
13152 0.0425078 0.0603203 -0.19891 0.0671212
13168 0.0364421 0.0605404 -0.221636 0.0673661
13184 -0.0152589 0.0607612 -0.211533 0.0676118
13200 -0.0614925 0.0609829 -0.107902 0.0678585
13216 -0.199239 0.0612053 -0.0900475 0.068106
13232 -0.156446 0.0614286 -0.0921894 0.0683545
13248 -0.304519 0.0616527 0.0387528 0.0686038
13264 -0.172217 0.0618776 0.223768 0.0688541
13280 -0.205973 0.0621033 0.17157 0.0691053
13296 -0.0682101 0.0623299 0.262532 0.0693573
13312 0.144997 0.0625572 0.0941302 0.0696104
13328 0.147438 0.0627854 0.249832 0.0698643
13344 0.00423925 0.0630145 0.0465447 0.0701191
13360 0.219832 0.0632443 0.0243958 0.0703749
13376 0.15601 0.0634751 -0.11657 0.0706317
13392 0.0932479 0.0637066 -0.0191882 0.0708893
13408 0.0785038 0.063939 -0.172967 0.0711479
13424 0.0856763 0.0641722 -0.21162 0.0714075
13440 -0.127514 0.0644063 -0.157972 0.0716679
13456 -0.248026 0.0646413 -0.446332 0.0719294
13472 -0.33052 0.0648771 -0.149818 0.0721918
13488 -0.230943 0.0651138 -0.0529644 0.0724551
13504 -0.211548 0.0653513 0.140017 0.0727194
13520 -0.0444577 0.0655897 0.311999 0.0729847
13536 0.12634 0.065829 0.0720067 0.073251
13552 0.062599 0.0660691 0.243133 0.0735182
13568 0.111143 0.0663101 0.068515 0.0737864
13584 0.13697 0.066552 0.00177372 0.0740555
13600 0.188635 0.0667948 -0.0788929 0.0743257
13616 0.164664 0.0670384 0.101412 0.0745968
13632 0.111705 0.067283 -0.128275 0.0748689
13648 0.0599709 0.0675284 -0.151071 0.075142
13664 -0.107118 0.0677748 -0.296073 0.0754162
13680 -0.0967503 0.068022 -0.0693501 0.0756913
13696 -0.207451 0.0682701 -0.0917339 0.0759674
13712 -0.147062 0.0685192 -0.00095745 0.0762445
13728 -0.230632 0.0687691 -0.0651148 0.0765226
13744 -0.104157 0.06902 -0.0231506 0.0768018
13760 -0.104643 0.0692718 0.0459676 0.0770819
13776 -0.122038 0.0695245 0.151048 0.0773631
13792 -0.00867751 0.0697781 0.153767 0.0776454
13808 0.17578 0.0700326 0.277077 0.0779286
13824 0.195184 0.0702881 0.158197 0.0782129
13840 0.106651 0.0705445 0.164954 0.0784982
13856 0.167358 0.0708019 0.0394433 0.0787845
13872 0.0838453 0.0710601 -0.123546 0.0790719
13888 -0.0327074 0.0713194 -0.184384 0.0793604
13904 0.011463 0.0715795 -0.302766 0.0796499
13920 -0.0388509 0.0718407 -0.105852 0.0799404
13936 -0.153333 0.0721027 -0.0800506 0.0802321
13952 -0.132309 0.0723657 -0.0771437 0.0805248
13968 -0.13804 0.0726297 -0.126515 0.0808185
13984 -0.243148 0.0728947 0.17425 0.0811133
14000 -0.137072 0.0731606 0.151172 0.0814092
14016 -0.175209 0.0734275 0.286228 0.0817062
14032 -0.0348315 0.0736953 0.300565 0.0820042
14048 -0.0220238 0.0739642 0.0689784 0.0823034
14064 0.115106 0.074234 0.164942 0.0826036
14080 0.16362 0.0745048 0.0875763 0.0829049
14096 0.217976 0.0747766 0.236532 0.0832074
14112 0.205524 0.0750493 -0.0448025 0.0835109
14128 0.0782958 0.0753231 -0.0862094 0.0838156
14144 0.232215 0.0755979 -0.113839 0.0841213
14160 0.0478669 0.0758737 -0.18492 0.0844282
14176 -0.0573255 0.0761504 -0.232788 0.0847362
14192 -0.193646 0.0764282 -0.0889853 0.0850453
14208 -0.172491 0.076707 -0.0131838 0.0853555
14224 -0.0936278 0.0769869 -0.103338 0.0856669
14240 -0.0816865 0.0772677 -0.0216593 0.0859794
14256 -0.165626 0.0775496 0.215541 0.086293
14272 0.0974376 0.0778325 0.140787 0.0866078
14288 0.037346 0.0781164 0.132427 0.0869238
14304 0.154915 0.0784013 0.0477638 0.0872408
14320 0.0415246 0.0786874 -0.0699739 0.0875591
14336 0.111839 0.0789744 0.151251 0.0878785
14352 0.269232 0.0792625 -0.00856285 0.0881991
14368 0.0484088 0.0795516 -0.156868 0.0885208
14384 0.16907 0.0798418 -0.0322518 0.0888437
14400 0.0613446 0.0801331 -0.396205 0.0891678
14416 0.0248215 0.0804254 -0.361945 0.0894931
14432 -0.205072 0.0807188 -0.184352 0.0898196
14448 -0.160231 0.0810132 -0.102529 0.0901472
14464 -0.0372164 0.0813088 0.0393751 0.0904761
14480 -0.102801 0.0816054 -0.00362688 0.0908061
14496 -0.227812 0.0819031 0.179214 0.0911374
14512 -0.0566366 0.0822019 0.0814995 0.0914698
14528 0.101705 0.0825017 0.0992645 0.0918035
14544 0.027317 0.0828027 0.30739 0.0921384
14560 0.180102 0.0831047 0.214205 0.0924745
14576 0.220751 0.0834079 0.14966 0.0928119
14592 0.0943119 0.0837122 -0.032374 0.0931504
14608 0.105817 0.0840175 -0.137527 0.0934902
14624 0.0762561 0.084324 -0.146903 0.0938313
14640 0.183165 0.0846316 -0.214616 0.0941736
14656 -0.0693061 0.0849404 -0.290973 0.0945171
14672 -0.0116559 0.0852502 -0.210562 0.0948619
14688 -0.230932 0.0855612 0.00443089 0.095208
14704 -0.236128 0.0858733 0.0192852 0.0955553
14720 -0.0104804 0.0861866 0.061779 0.0959038
14736 -0.210497 0.086501 0.0562114 0.0962537
14752 0.0363259 0.0868165 0.111879 0.0966048
14768 -0.0453524 0.0871332 0.289626 0.0969572
14784 -0.013468 0.0874511 0.297433 0.0973109
14800 0.130191 0.0877701 0.132437 0.0976659
14816 0.190723 0.0880903 0.0576566 0.0980222
14832 0.215049 0.0884116 0.12331 0.0983797
14848 0.308608 0.0887341 -0.0385823 0.0987386
14864 0.199204 0.0890578 0.0713681 0.0990988
14880 0.186272 0.0893827 -0.125568 0.0994603
14896 0.0675654 0.0897088 -0.383769 0.0998231
14912 0.0901581 0.090036 -0.394423 0.100187
14928 -0.02094 0.0903645 -0.290222 0.100553
14944 -0.285082 0.0906941 -0.0708836 0.10092
14960 -0.405689 0.091025 -0.0862508 0.101288
14976 -0.0506143 0.091357 0.118454 0.101657
14992 -0.190638 0.0916902 0.171876 0.102028
15008 -0.141685 0.0920247 0.0906376 0.1024
15024 -0.0777439 0.0923604 0.261404 0.102774
15040 0.241216 0.0926974 0.196434 0.103149
15056 0.171874 0.0930355 0.16859 0.103525
15072 0.176084 0.0933749 0.0182629 0.103903
15088 0.161806 0.0937155 0.062912 0.104282
15104 0.175269 0.0940574 -0.0926315 0.104662
15120 0.318405 0.0944005 -0.122666 0.105044
15136 0.00025992 0.0947449 -0.236006 0.105427
15152 0.079821 0.0950905 -0.105096 0.105812
15168 -0.0894277 0.0954374 -0.260618 0.106198
15184 0.0340025 0.0957855 -0.185333 0.106585
15200 -0.271074 0.0961349 -0.236479 0.106974
15216 -0.151783 0.0964856 -0.115248 0.107364
15232 -0.31903 0.0968376 -0.038166 0.107756
15248 -0.0910922 0.0971909 0.261786 0.108149
15264 -0.0606057 0.0975454 0.16981 0.108543
15280 -0.185523 0.0979012 0.147722 0.108939
15296 0.260373 0.0982584 0.159009 0.109337
15312 0.0936909 0.0986168 0.0303548 0.109736
15328 0.391847 0.0989766 0.0546425 0.110136
15344 0.171661 0.0993376 0.00350866 0.110538
15360 0.169246 0.0997 -0.0758091 0.110941
15376 0.0380369 0.100064 -0.22946 0.111346
15392 -0.0974585 0.100429 -0.0830718 0.111752
15408 -0.0829149 0.100795 -0.0744269 0.112159
15424 -0.404269 0.101163 -0.231939 0.112569
15440 -0.0261992 0.101532 -0.236102 0.112979
15456 -0.328921 0.101902 -0.0880155 0.113391
15472 -0.143878 0.102274 0.213136 0.113805
15488 0.0579171 0.102647 0.200495 0.11422
15504 -0.025284 0.103021 0.235799 0.114637
15520 0.0215485 0.103397 0.191729 0.115055
15536 0.183325 0.103774 0.273322 0.115475
15552 0.192885 0.104153 0.243665 0.115896
15568 0.164853 0.104533 0.129787 0.116319
15584 0.119482 0.104914 0.0568575 0.116743
15600 0.236245 0.105297 -0.250415 0.117169
15616 0.111253 0.105681 -0.385172 0.117596
15632 0.0995782 0.106067 -0.17451 0.118025
15648 0.126318 0.106454 -0.368789 0.118456
15664 -0.144033 0.106842 0.0210949 0.118888
15680 -0.265752 0.107232 0.028503 0.119322
15696 -0.0978387 0.107623 -0.0852355 0.119757
15712 -0.208504 0.108015 -0.0949633 0.120194
15728 -0.210352 0.108409 -0.182258 0.120632
15744 -0.0622953 0.108805 0.134818 0.121072
15760 0.0480675 0.109202 0.182659 0.121514
15776 0.0698477 0.1096 0.246422 0.121957
15792 0.272283 0.11 0.0929889 0.122402
15808 0.186108 0.110401 -0.213623 0.122849
15824 0.0559156 0.110804 -0.00294638 0.123297
15840 0.198155 0.111208 0.0259149 0.123747
15856 0.0742526 0.111614 0.0455138 0.124198
15872 0.0558259 0.112021 -0.261391 0.124651
15888 0.164141 0.11243 -0.244359 0.125106
15904 -0.0780959 0.11284 -0.105481 0.125562
15920 -0.178394 0.113251 -0.10788 0.12602
15936 -0.262036 0.113665 -0.15153 0.12648
15952 -0.344292 0.114079 -0.0375747 0.126941
15968 -0.283285 0.114495 -0.036567 0.127404
15984 -0.132617 0.114913 -0.12677 0.127869
16000 -0.107618 0.115332 0.235196 0.128336
16016 0.181409 0.115753 0.129259 0.128804
16032 0.0937242 0.116175 0.0925473 0.129274
16048 0.166086 0.116599 0.243517 0.129745
16064 0.208124 0.117024 -0.0355397 0.130218
16080 0.116657 0.117451 0.0908355 0.130693
16096 0.182718 0.11788 0.111103 0.13117
16112 0.128069 0.11831 -0.0526594 0.131649
16128 0.115417 0.118741 -0.462032 0.132129
16144 -0.149406 0.119174 -0.0409321 0.132611
16160 -0.13004 0.119609 -0.08357 0.133095
16176 -0.175804 0.120046 -0.313054 0.13358
16192 -0.234323 0.120483 -0.278468 0.134068
16208 -0.23397 0.120923 0.101126 0.134557
16224 -0.26048 0.121364 -0.00599883 0.135047
16240 -0.100037 0.121807 0.378764 0.13554
16256 -0.0259863 0.122251 0.178627 0.136035
16272 0.15387 0.122697 0.17516 0.136531
16288 -0.110914 0.123145 0.22398 0.137029
16304 0.0580813 0.123594 -0.067646 0.137529
16320 0.115803 0.124045 0.0308594 0.13803
16336 0.174543 0.124497 -0.117127 0.138534
16352 0.174788 0.124951 -0.17472 0.139039
16368 0.0231425 0.125407 -0.131395 0.139546
16384 0.0057624 0.125865 -0.299394 0.140055
16400 -0.116735 0.126324 0.011602 0.140566
16416 -0.092895 0.126785 -0.312498 0.141079
16432 -0.134218 0.127247 -0.254029 0.141594
16448 -0.137609 0.127711 -0.0821383 0.14211
16464 -0.0673901 0.128177 0.0690034 0.142629
16480 -0.194251 0.128645 0.0211105 0.143149
16496 0.0269226 0.129114 0.198541 0.143671
16512 -0.00882071 0.129585 0.164899 0.144195
16528 0.161837 0.130058 0.0681279 0.144721
16544 0.160214 0.130532 0.185349 0.145249
16560 0.118226 0.131008 0.0346903 0.145779
16576 0.168531 0.131486 -0.217878 0.146311
16592 0.480576 0.131966 -0.0610627 0.146845
16608 0.509482 0.132447 0.0249846 0.14738
16624 -0.242578 0.132931 -0.238017 0.147918
16640 -0.199313 0.133415 0.0546221 0.148458
16656 -0.366561 0.133902 -0.192982 0.148999
16672 0.0263389 0.134391 -0.157982 0.149543
16688 -0.063502 0.134881 0.290053 0.150088
16704 -0.216789 0.135373 -0.113986 0.150636
16720 0.00987823 0.135867 -0.0787858 0.151185
16736 0.0406572 0.136362 0.100291 0.151737
16752 -0.0614395 0.13686 0.0705619 0.15229
16768 0.242493 0.137359 -0.062404 0.152846
16784 -0.0302966 0.13786 0.277705 0.153403
16800 0.369772 0.138363 0.0620796 0.153963
16816 0.0508746 0.138868 -0.163648 0.154525
16832 0.252378 0.139374 -0.378948 0.155088
16848 -0.102907 0.139883 -0.25043 0.155654
16864 0.0255391 0.140393 -0.598113 0.156222
16880 -0.0120057 0.140905 -0.129336 0.156792
16896 -0.112665 0.141419 -0.0107388 0.157364
16912 0.0837708 0.141935 -0.32927 0.157938
16928 -0.0584759 0.142453 0.105164 0.158514
16944 -0.0852945 0.142972 -0.0462506 0.159092
16960 0.079577 0.143494 -0.133056 0.159672
16976 0.0367563 0.144017 0.0565258 0.160255
16992 -0.0542212 0.144543 0.109267 0.16084
17008 0.124681 0.14507 0.323842 0.161426
17024 -0.00923391 0.145599 0.28549 0.162015
17040 0.307994 0.14613 0.0925746 0.162606
17056 0.131497 0.146664 0.187313 0.163199
17072 -0.00956861 0.147199 -0.337102 0.163795
17088 0.228329 0.147736 -0.108761 0.164392
17104 0.0993025 0.148274 0.0739921 0.164992
17120 0.181588 0.148815 0.0420958 0.165594
17136 0.0383678 0.149358 -0.0172331 0.166198
17152 -0.319924 0.149903 -0.267848 0.166804
17168 -0.284113 0.15045 -0.223984 0.167413
17184 -0.156522 0.150999 -0.0986936 0.168023
17200 -0.171683 0.15155 0.310205 0.168636
17216 0.0605603 0.152102 0.091641 0.169251
17232 -0.248777 0.152657 0.16903 0.169869
17248 0.199669 0.153214 0.184387 0.170489
17264 -0.0555919 0.153773 0.0561441 0.17111
17280 0.407687 0.154334 0.0316421 0.171735
17296 0.102489 0.154897 0.224227 0.172361
17312 0.377028 0.155462 -0.0541555 0.17299
17328 0.00235449 0.156029 0.0374561 0.173621
17344 0.212023 0.156598 -0.112212 0.174254
17360 -0.0134858 0.15717 -0.167882 0.17489
17376 -0.119679 0.157743 -0.129172 0.175528
17392 0.158549 0.158318 -0.274987 0.176168
17408 -0.0218718 0.158896 -0.120887 0.176811
17424 -0.429903 0.159476 -0.0183382 0.177456
17440 -0.0534595 0.160057 -0.0996936 0.178103
17456 0.170274 0.160641 0.231349 0.178753
17472 -0.23279 0.161227 0.28833 0.179405
17488 -0.260165 0.161815 0.134264 0.180059
17504 -0.0830599 0.162406 -0.0985163 0.180716
17520 0.0202958 0.162998 0.306843 0.181376
17536 -0.225776 0.163593 0.140115 0.182037
17552 -0.0468057 0.164189 -0.242997 0.182701
17568 0.254195 0.164788 0.266051 0.183368
17584 0.174208 0.16539 -0.158139 0.184037
17600 -0.000495569 0.165993 -0.0619223 0.184708
17616 -0.0857934 0.166598 -0.268016 0.185382
17632 -0.0640973 0.167206 0.018797 0.186058
17648 -0.260289 0.167816 0.2549 0.186737
17664 -0.429966 0.168428 -0.109504 0.187418
17680 -0.228473 0.169043 0.157758 0.188102
17696 -0.129764 0.169659 0.229271 0.188788
17712 -0.24749 0.170278 0.182384 0.189477
17728 0.117124 0.170899 0.4444 0.190168
17744 0.0449995 0.171523 0.139093 0.190861
17760 0.112045 0.172148 0.473071 0.191558
17776 0.152824 0.172776 -0.0524523 0.192256
17792 -0.0440095 0.173407 -0.0209954 0.192958
17808 0.647153 0.174039 -0.406965 0.193662
17824 0.136252 0.174674 -0.0293741 0.194368
17840 -0.149129 0.175311 -0.264862 0.195077
17856 -0.079572 0.175951 -0.0601675 0.195789
17872 0.21518 0.176593 -0.230894 0.196503
17888 0.0236348 0.177237 -0.0813088 0.19722
17904 -0.146215 0.177883 -0.0995898 0.197939
17920 -0.0584618 0.178532 -0.290122 0.198661
17936 -0.30121 0.179184 -0.200685 0.199386
17952 -0.236485 0.179837 0.221935 0.200113
17968 0.021764 0.180493 0.531178 0.200843
17984 -0.15453 0.181152 0.0256968 0.201576
18000 -0.0259921 0.181813 0.262695 0.202311
18016 0.32371 0.182476 0.0413731 0.203049
18032 0.0038367 0.183141 0.199947 0.20379
18048 0.23803 0.18381 0.0455069 0.204534
18064 -0.0822268 0.18448 -0.523659 0.20528
18080 -0.0492681 0.185153 -0.0603527 0.206028
18096 0.186014 0.185829 -0.20987 0.20678
18112 -0.285349 0.186506 0.050359 0.207534
18128 -0.102772 0.187187 0.239164 0.208291
18144 -0.360288 0.18787 0.0472623 0.209051
18160 -0.315576 0.188555 -0.436598 0.209814
18176 -0.0905265 0.189243 -0.18692 0.210579
18192 -0.295835 0.189933 0.0975499 0.211347
18208 -0.396588 0.190626 0.0485266 0.212118
18224 0.00135623 0.191321 0.418643 0.212892
18240 0.538494 0.192019 0.42016 0.213669
18256 0.461654 0.19272 0.219171 0.214448
18272 0.260538 0.193423 0.311814 0.215231
18288 0.115227 0.194128 0.0874486 0.216016
18304 0.169987 0.194836 -0.0732879 0.216804
18320 -0.510558 0.195547 -0.0974655 0.217595
18336 -0.0405471 0.196261 0.0686671 0.218388
18352 -0.0131634 0.196977 -0.337825 0.219185
18368 -0.373421 0.197695 -0.312192 0.219985
18384 0.0138439 0.198416 -0.114477 0.220787
18400 -0.19368 0.19914 -0.0594641 0.221592
18416 -0.0173048 0.199867 -0.196654 0.222401
18432 -0.0114898 0.200596 0.339983 0.223212
18448 -0.0911403 0.201327 0.0928478 0.224026
18464 -0.315274 0.202062 0.634295 0.224844
18480 -0.00581603 0.202799 0.497935 0.225664
18496 -0.232616 0.203539 -0.310109 0.226487
18512 0.239088 0.204281 0.0915609 0.227313
18528 0.289753 0.205026 0.266067 0.228142
18544 -0.107545 0.205774 -0.296713 0.228975
18560 0.338389 0.206525 0.249994 0.22981
18576 0.266764 0.207278 -0.468017 0.230648
18592 0.379092 0.208034 -0.134421 0.23149
18608 -0.0902998 0.208793 -0.10532 0.232334
18624 -0.106369 0.209555 0.182888 0.233182
18640 -0.152637 0.210319 -0.371825 0.234032
18656 -0.230538 0.211087 0.0162733 0.234886
18672 -0.417365 0.211857 0.100477 0.235743
18688 -0.2197 0.21263 0.149395 0.236603
18704 0.014385 0.213405 0.23693 0.237466
18720 -0.423631 0.214184 -0.0823051 0.238332
18736 -0.327219 0.214965 0.291116 0.239202
18752 0.141787 0.215749 0.394778 0.240074
18768 0.19775 0.216536 0.131441 0.24095
18784 0.465302 0.217326 0.0143033 0.241829
18800 0.0911363 0.218119 -0.22634 0.242711
18816 0.493569 0.218915 0.0336336 0.243597
18832 0.156962 0.219713 0.0779016 0.244485
18848 0.255655 0.220515 0.0934964 0.245377
18864 -0.229081 0.221319 -0.549254 0.246272
18880 0.00394811 0.222126 -0.0716597 0.24717
18896 0.1228 0.222937 0.427532 0.248072
18912 0.236559 0.22375 -0.113029 0.248977
18928 -0.164417 0.224566 -0.230344 0.249885
18944 0.1891 0.225385 0.108834 0.250797
18960 0.220898 0.226208 0.339793 0.251712
18976 -0.190556 0.227033 0.0453558 0.25263
18992 -0.119979 0.227861 0.61931 0.253552
19008 0.071877 0.228692 -0.0598943 0.254477
19024 0.197813 0.229526 -0.183918 0.255405
19040 0.569538 0.230364 -0.406573 0.256337
19056 0.139438 0.231204 -0.444292 0.257272
19072 0.219806 0.232048 -0.864478 0.25821
19088 0.21405 0.232894 0.00810055 0.259152
19104 -0.133821 0.233744 0.211599 0.260097
19120 -0.151716 0.234596 -0.195957 0.261046
19136 -0.34381 0.235452 0.488918 0.261999
19152 -0.224324 0.236311 -0.503549 0.262954
19168 0.1132 0.237173 -0.00912708 0.263914
19184 -0.0246049 0.238038 -0.0545794 0.264876
19200 -0.0550553 0.238907 -0.473898 0.265842
19216 -0.0433299 0.239778 -0.128667 0.266812
19232 -0.102738 0.240653 0.360508 0.267786
19248 -0.0229539 0.241531 0.11351 0.268762
19264 0.189928 0.242412 -0.00580866 0.269743
19280 0.358025 0.243296 0.2457 0.270727
19296 -0.102509 0.244184 -0.577116 0.271714
19312 0.386098 0.245074 -0.208707 0.272706
19328 0.191252 0.245968 0.0357914 0.2737
19344 -0.221828 0.246866 -0.225549 0.274699
19360 -0.169089 0.247766 0.24196 0.275701
19376 -0.422233 0.24867 -0.386546 0.276707
19392 -0.284455 0.249577 0.23394 0.277716
19408 -0.132989 0.250488 -0.0385123 0.278729
19424 -0.12165 0.251401 0.349808 0.279746
19440 -0.691708 0.252318 -0.199844 0.280766
19456 -0.0107356 0.253239 -0.654524 0.281791
19472 -0.121856 0.254163 -0.358952 0.282819
19488 0.342556 0.25509 0.528127 0.28385
19504 0.239468 0.25602 -0.0362433 0.284886
19520 0.0256695 0.256954 0.241815 0.285925
19536 0.0307755 0.257892 -0.3302 0.286968
19552 -0.000515411 0.258832 0.494121 0.288015
19568 0.238831 0.259777 -0.50648 0.289066
19584 0.296074 0.260724 -0.152977 0.29012
19600 -0.302891 0.261675 -0.671601 0.291178
19616 -0.451655 0.26263 -0.709014 0.292241
19632 0.158781 0.263588 -0.0788352 0.293307
19648 0.295998 0.264549 -0.246407 0.294377
19664 -0.129326 0.265514 0.102918 0.29545
19680 -0.412115 0.266483 0.221967 0.296528
19696 0.501813 0.267455 -0.143043 0.29761
19712 -0.050414 0.268431 -0.412879 0.298696
19728 0.213687 0.26941 0.192376 0.299785
19744 -0.063292 0.270393 0.301504 0.300879
19760 -0.100468 0.271379 0.0237797 0.301976
19776 0.00347116 0.272369 -0.228982 0.303078
19792 0.269474 0.273363 -0.343472 0.304184
19808 -0.140556 0.27436 -0.199506 0.305293
19824 -0.0797758 0.275361 0.224681 0.306407
19840 0.441001 0.276365 0.0434433 0.307525
19856 -0.573205 0.277373 -0.402896 0.308646
19872 0.284098 0.278385 -0.0345523 0.309772
19888 -0.314345 0.279401 0.194619 0.310902
19904 -0.203468 0.28042 0.409637 0.312037
19920 0.186911 0.281443 0.133168 0.313175
19936 -0.0929347 0.28247 -0.052898 0.314317
19952 0.209443 0.2835 0.46412 0.315464
19968 -0.211576 0.284534 0.487347 0.316615
19984 -0.271883 0.285572 0.739835 0.31777
20000 0.249889 0.286614 0.0266044 0.318929
20016 0.872608 0.28766 -0.011974 0.320092
20032 0.038946 0.288709 -0.274438 0.32126
20048 0.386308 0.289762 -0.475012 0.322432
20064 0.3604 0.290819 0.296472 0.323608
20080 0.291919 0.29188 0.368374 0.324789
20096 -0.277899 0.292945 -0.827656 0.325973
20112 -0.292214 0.294013 -0.0499144 0.327162
20128 -0.215955 0.295086 0.377793 0.328356
20144 -0.586576 0.296162 0.0848202 0.329554
20160 0.0638632 0.297243 -0.193276 0.330756
20176 -0.138127 0.298327 -0.0482026 0.331962
20192 0.0971614 0.299415 0.350009 0.333173
20208 -0.33814 0.300508 -0.310095 0.334389
20224 -0.301925 0.301604 -0.201129 0.335609
20240 -0.296655 0.302704 0.156732 0.336833
20256 0.716792 0.303808 -0.458836 0.338062
20272 -0.0378434 0.304917 -0.486675 0.339295
20288 -0.126221 0.306029 0.171532 0.340533
20304 -0.296437 0.307145 0.421877 0.341775
20320 -0.135243 0.308266 0.240892 0.343022
20336 -0.162227 0.30939 0.0826357 0.344273
20352 -0.60103 0.310519 -1.0584 0.345529
20368 0.169171 0.311652 -0.0859606 0.346789
20384 0.282524 0.312788 0.759102 0.348054
20400 -0.229612 0.313929 0.304276 0.349324
20416 0.332605 0.315075 -0.155784 0.350598
20432 -0.458004 0.316224 0.266144 0.351877
20448 0.0134811 0.317378 0.557911 0.353161
20464 0.162471 0.318535 0.158616 0.354449
20480 0.0854983 0.319697 0.456703 0.355742
20496 0.0667031 0.320864 0.289359 0.35704
20512 0.0260978 0.322034 -0.349622 0.358342
20528 0.192125 0.323209 -0.50771 0.35965
20544 0.167223 0.324388 -0.0504009 0.360961
20560 -0.00662466 0.325571 -0.207898 0.362278
20576 0.0253751 0.326759 -0.121099 0.3636
20592 0.0424532 0.327951 -0.14787 0.364926
20608 -0.245788 0.329147 -0.291812 0.366258
20624 -0.460878 0.330348 -0.203577 0.367594
20640 -0.156265 0.331553 -0.216967 0.368935
20656 0.281116 0.332763 -0.452588 0.370281
20672 0.102121 0.333976 -0.124599 0.371631
20688 -0.704245 0.335195 0.615179 0.372987
20704 0.507163 0.336418 -0.88794 0.374348
20720 0.362765 0.337645 0.519448 0.375713
20736 -0.0876116 0.338876 0.310301 0.377084
20752 0.0860145 0.340113 0.290033 0.378459
20768 0.16457 0.341353 0.447684 0.37984
20784 -0.292639 0.342599 0.4061 0.381225
20800 0.123184 0.343848 -0.369295 0.382616
20816 0.0801107 0.345103 -0.933297 0.384012
20832 0.801358 0.346362 -0.739931 0.385413
20848 -0.655213 0.347625 -0.943234 0.386819
20864 -0.555253 0.348893 0.0793059 0.38823
20880 -0.133641 0.350166 0.915946 0.389646
20896 -0.0961797 0.351443 -0.222759 0.391067
20912 0.194774 0.352725 -0.00975744 0.392494
20928 -0.5152 0.354012 -0.198991 0.393926
20944 -0.17874 0.355303 0.315152 0.395363
20960 0.543249 0.3566 0.200223 0.396805
20976 0.376721 0.3579 0.488248 0.398253
20992 0.376796 0.359206 -0.437001 0.399705
21008 -0.0686711 0.360516 -0.192447 0.401163
21024 0.0436209 0.361832 -0.495077 0.402627
21040 1.20185 0.363151 0.344963 0.404096
21056 0.191084 0.364476 -0.843523 0.40557
21072 0.0140703 0.365806 -0.366458 0.407049
21088 0.0248638 0.36714 -0.606484 0.408534
21104 -0.0816564 0.368479 -0.0135021 0.410024
21120 0.354373 0.369824 0.350515 0.41152
21136 -0.505601 0.371173 0.299777 0.413021
21152 -0.108767 0.372527 -0.356679 0.414528
21168 -0.244627 0.373886 0.946326 0.41604
21184 -0.291218 0.37525 -0.22506 0.417558
21200 0.134522 0.376619 -0.133145 0.419081
21216 -0.297156 0.377992 -0.470874 0.42061
21232 0.602571 0.379371 -0.699868 0.422144
21248 0.491931 0.380755 0.0572339 0.423684
21264 0.739241 0.382144 -0.177274 0.42523
21280 -0.416989 0.383538 0.189197 0.426781
21296 0.230672 0.384937 -0.675606 0.428338
21312 0.0332965 0.386342 -0.095899 0.4299
21328 -0.423619 0.387751 0.169077 0.431469
21344 -0.0248592 0.389165 0.315738 0.433042
21360 -0.00780409 0.390585 -0.460115 0.434622
21376 0.221906 0.39201 -0.255696 0.436208
21392 -0.319033 0.39344 -0.309262 0.437799
21408 -0.419893 0.394875 0.925538 0.439396
21424 -0.592147 0.396316 0.668923 0.440999
21440 0.495197 0.397761 0.222473 0.442608
21456 0.430365 0.399212 0.194906 0.444222
21472 -0.139183 0.400669 0.232517 0.445843
21488 0.279923 0.40213 0.0429957 0.447469
21504 -0.3525 0.403597 0.38347 0.449101
21520 0.242611 0.405069 0.406893 0.45074
21536 0.0222024 0.406547 0.022705 0.452384
21552 -0.226659 0.40803 0.0643177 0.454034
21568 0.410402 0.409519 -0.403791 0.45569
21584 0.131954 0.411012 -0.942318 0.457353
21600 -0.104518 0.412512 0.2923 0.459021
21616 -0.140296 0.414017 -0.392632 0.460696
21632 -0.0636254 0.415527 -0.079009 0.462376
21648 -0.275819 0.417043 0.00590695 0.464063
21664 0.155907 0.418564 0.634989 0.465756
21680 -1.14726 0.420091 0.755104 0.467455
21696 -0.340574 0.421623 -0.256876 0.46916
21712 0.548178 0.423161 0.387903 0.470872
21728 0.715014 0.424705 0.36656 0.472589
21744 -0.14932 0.426254 -0.59059 0.474313
21760 -0.419031 0.427809 0.334076 0.476043
21776 0.244519 0.42937 0.0310889 0.47778
21792 0.10579 0.430936 -0.923823 0.479523
21808 -0.128372 0.432508 -0.971857 0.481272
21824 0.652413 0.434086 0.042914 0.483028
21840 -0.644998 0.435669 0.155417 0.48479
21856 -0.271778 0.437259 -0.14523 0.486558
21872 -0.581175 0.438854 0.383724 0.488333
21888 -0.707013 0.440455 0.38687 0.490115
21904 -0.481124 0.442062 0.386957 0.491903
21920 -0.216809 0.443674 0.199829 0.493697
21936 0.535574 0.445293 0.590767 0.495498
21952 -0.494532 0.446917 0.394445 0.497305
21968 0.213558 0.448547 0.54176 0.49912
21984 -0.781135 0.450184 0.108792 0.50094
22000 -0.234572 0.451826 -0.269268 0.502768
22016 0.151575 0.453474 0.252406 0.504602
22032 0.139723 0.455128 0.0126502 0.506442
22048 0.442784 0.456789 0.893178 0.50829
22064 -0.156595 0.458455 0.0814347 0.510144
22080 0.443952 0.460127 0.373477 0.512005
22096 -0.64857 0.461806 -0.498569 0.513873
22112 -1.21046 0.46349 0.791477 0.515747
22128 -0.351272 0.465181 -0.675555 0.517629
22144 -0.715442 0.466878 0.947489 0.519517
22160 -0.0722374 0.468581 -0.821502 0.521412
22176 0.143822 0.470291 -0.0101797 0.523314
22192 0.812103 0.472006 0.401569 0.525223
22208 -0.894629 0.473728 -0.520436 0.527139
22224 0.372694 0.475456 -0.825611 0.529062
22240 0.31593 0.477191 0.914107 0.530992
22256 -0.173521 0.478931 0.443609 0.532929
22272 -0.25941 0.480678 -0.571273 0.534873
22288 0.417924 0.482432 -0.225795 0.536825
22304 -0.320825 0.484192 0.34361 0.538783
22320 -0.144759 0.485958 -0.118625 0.540748
22336 0.362309 0.487731 -0.153274 0.542721
22352 0.455123 0.48951 -0.451428 0.544701
22368 0.245142 0.491296 0.0760845 0.546688
22384 -0.415166 0.493088 -0.169572 0.548682
22400 -0.0659819 0.494887 0.861602 0.550684
22416 0.397638 0.496692 -0.0700573 0.552692
22432 0.891802 0.498504 -0.5321 0.554708
22448 -1.34149 0.500322 -1.05823 0.556732
22464 0.122632 0.502147 -0.21771 0.558763
22480 -0.369102 0.503979 0.132422 0.560801
22496 -0.137763 0.505818 -0.608452 0.562847
22512 -0.68167 0.507663 -0.2723 0.5649
22528 0.230334 0.509515 0.0465423 0.566961
22544 0.105949 0.511374 -0.827055 0.569029
22560 0.0582542 0.513239 -0.568863 0.571105
22576 0.346309 0.515111 -0.372149 0.573188
22592 -1.10339 0.51699 -1.64167 0.575279
22608 0.558058 0.518876 -0.428712 0.577378
22624 -0.185022 0.520769 0.82324 0.579484
22640 0.302893 0.522669 0.375636 0.581598
22656 -0.721088 0.524575 0.927046 0.58372
22672 0.430826 0.526489 0.00889348 0.585849
22688 -0.336742 0.52841 -0.646113 0.587986
22704 0.670544 0.530337 0.49935 0.590131
22720 0.551265 0.532272 0.367727 0.592284
22736 -0.175304 0.534213 1.03554 0.594444
22752 0.107697 0.536162 -0.273837 0.596613
22768 -1.70936 0.538118 -0.690521 0.598789
22784 0.187832 0.540081 -0.391691 0.600974
22800 -0.324662 0.542051 0.857339 0.603166
22816 0.0206354 0.544029 1.32155 0.605366
22832 -0.0849512 0.546013 1.31073 0.607574
22848 0.0742215 0.548005 -1.58998 0.609791
22864 -0.276567 0.550004 1.025 0.612015
22880 0.0316956 0.55201 0.0419808 0.614248
22896 0.14556 0.554024 0.622328 0.616489
22912 -1.34018 0.556045 0.350803 0.618737
22928 0.0861761 0.558074 0.464217 0.620995
22944 0.202185 0.560109 -0.388448 0.62326
22960 0.944495 0.562153 1.27818 0.625534
22976 -0.489298 0.564203 -0.240331 0.627815
22992 -0.00892429 0.566262 -0.382945 0.630106
23008 -1.05677 0.568327 -0.328529 0.632404
23024 0.739347 0.5704 -0.753123 0.634711
23040 0.460115 0.572481 0.329181 0.637027
23056 -0.559169 0.57457 -1.38673 0.63935
23072 -0.464669 0.576666 -0.12268 0.641683
23088 1.17354 0.578769 -0.122013 0.644023
23104 0.576132 0.580881 -0.269448 0.646373
23120 0.829715 0.582999 0.433751 0.648731
23136 -0.404202 0.585126 0.364129 0.651097
23152 0.236541 0.587261 -0.253787 0.653472
23168 -0.279569 0.589403 -0.0734131 0.655856
23184 0.548431 0.591553 -0.172384 0.658249
23200 0.943817 0.593711 -1.38462 0.66065
23216 -0.325133 0.595877 -1.16341 0.66306
23232 -0.308083 0.598051 -0.476392 0.665479
23248 0.452742 0.600232 1.16353 0.667906
23264 0.0299284 0.602422 -1.38029 0.670343
23280 -0.890815 0.604619 1.01403 0.672788
23296 0.321798 0.606825 0.474279 0.675242
23312 0.165565 0.609039 0.0989376 0.677706
23328 -0.0116597 0.61126 0.236769 0.680178
23344 0.175165 0.61349 -0.00452916 0.682659
23360 -1.00137 0.615728 0.866739 0.685149
23376 0.677262 0.617974 1.53295 0.687649
23392 0.277712 0.620229 0.132465 0.690157
23408 -0.0475262 0.622491 0.591214 0.692675
23424 0.809249 0.624762 0.852475 0.695202
23440 -0.252518 0.627041 0.388431 0.697738
23456 -0.370851 0.629328 0.464657 0.700283
23472 0.515999 0.631624 -0.777626 0.702838
23488 -0.456476 0.633928 -0.00339026 0.705402
23504 -0.727444 0.636241 -0.165933 0.707975
23520 1.2826 0.638562 -1.39407 0.710557
23536 1.87378 0.640891 -0.486793 0.713149
23552 0.160825 0.643229 -0.895296 0.715751
23568 -0.0756888 0.645576 0.872121 0.718362
23584 0.529964 0.64793 0.67993 0.720982
23600 0.0997885 0.650294 0.234944 0.723613
23616 -0.413156 0.652666 0.613511 0.726252
23632 -1.54407 0.655047 -0.908261 0.728902
23648 0.664248 0.657437 0.00722059 0.731561
23664 -1.23256 0.659835 -1.30275 0.734229
23680 -0.665147 0.662242 -0.128727 0.736908
23696 0.163227 0.664658 0.447618 0.739596
23712 0.463577 0.667082 0.33938 0.742294
23728 -0.381994 0.669516 -1.07121 0.745002
23744 0.224044 0.671958 0.685701 0.747719
23760 -0.707405 0.674409 -1.21402 0.750447
23776 -0.125336 0.67687 -0.93429 0.753184
23792 -0.449594 0.679339 1.85814 0.755932
23808 -0.47176 0.681817 -0.221323 0.75869
23824 0.0601577 0.684304 -0.655271 0.761457
23840 -0.27561 0.6868 -1.66721 0.764235
23856 -1.23371 0.689306 -0.813783 0.767023
23872 -0.18885 0.69182 -0.208372 0.769821
23888 -1.56166 0.694344 -2.12117 0.772629
23904 0.784342 0.696877 1.88211 0.775448
23920 0.1161 0.699419 -0.47607 0.778276
23936 0.287411 0.701971 0.0552029 0.781116
23952 -0.809807 0.704531 0.370731 0.783965
23968 0.380516 0.707101 -0.126546 0.786825
23984 -0.242008 0.709681 1.54517 0.789695
24000 -2.7434 0.71227 -1.11299 0.792576
24016 1.23643 0.714868 0.607466 0.795467
24032 -0.415594 0.717476 0.78622 0.798369
24048 -0.986403 0.720093 -0.729096 0.801281
24064 -0.346378 0.72272 -1.1397 0.804204
24080 -0.427778 0.725356 -0.0445003 0.807138
24096 -0.861651 0.728002 1.04737 0.810082
24112 -1.2571 0.730658 -0.773365 0.813037
24128 -0.567243 0.733323 -0.587663 0.816003
24144 2.13859 0.735999 -0.613275 0.81898
24160 -0.727494 0.738683 1.01884 0.821968
24176 1.17255 0.741378 1.15072 0.824966
24192 1.54524 0.744083 -0.168124 0.827975
24208 1.44999 0.746797 1.44498 0.830996
24224 0.254716 0.749521 0.448391 0.834027
24240 1.0207 0.752255 0.704612 0.83707
24256 -0.306879 0.755 -0.405376 0.840123
24272 -0.385043 0.757754 1.74054 0.843188
24288 0.267182 0.760518 0.0325833 0.846264
24304 2.10439 0.763292 -0.462079 0.849351
24320 0.87894 0.766077 1.46591 0.852449
24336 -0.388141 0.768871 0.00360093 0.855559
24352 1.22539 0.771676 0.0350227 0.85868
24368 0.0458857 0.774491 0.0638082 0.861812
24384 0.269656 0.777316 1.81842 0.864956
24400 -0.181359 0.780152 -1.22916 0.868111
24416 0.707669 0.782998 1.48844 0.871278
24432 0.494346 0.785854 0.806616 0.874457
24448 0.272786 0.788721 -1.02459 0.877647
24464 -1.4844 0.791598 0.169388 0.880848
24480 1.36176 0.794486 -1.30871 0.884062
24496 0.526303 0.797384 0.170318 0.887286
24512 -1.11681 0.800293 0.0658191 0.890523
24528 1.03006 0.803212 -1.56125 0.893772
24544 0.0460261 0.806142 0.301345 0.897032
24560 0.240012 0.809083 0.47693 0.900304
24576 -2.2367 0.812034 -0.650151 0.903589
24592 -0.406968 0.814997 -1.15298 0.906885
24608 0.0830422 0.81797 -1.28274 0.910193
24624 -0.397566 0.820954 0.37826 0.913513
24640 -0.376744 0.823948 -0.616175 0.916846
24656 -0.783746 0.826954 -0.525579 0.920191
24672 -0.177488 0.829971 -0.00366559 0.923547
24688 -0.138997 0.832998 0.65445 0.926916
24704 -0.576429 0.836037 0.297225 0.930297
24720 1.00138 0.839087 0.165361 0.933691
24736 -1.46368 0.842148 -0.035734 0.937097
24752 1.24086 0.84522 -1.31865 0.940516
24768 -0.31739 0.848303 -0.916189 0.943947
24784 -1.35534 0.851398 -3.67086 0.94739
24800 -0.455774 0.854504 -0.575981 0.950846
24816 1.2318 0.857621 0.745724 0.954315
24832 -1.45378 0.860749 0.301342 0.957796
24848 -1.17882 0.863889 0.753065 0.96129
24864 -1.17518 0.867041 -2.29139 0.964796
24880 0.502273 0.870203 -0.00034616 0.968316
24896 0.0460262 0.873378 0.301345 0.971848
24912 -1.09251 0.876564 1.25406 0.975394
24928 0.287153 0.879761 1.21255 0.978952
24944 -0.923545 0.882971 -0.429952 0.982523
24960 -0.12231 0.886192 -1.81778 0.986107
24976 0.390091 0.889425 -1.93716 0.989704
24992 -1.15099 0.892669 -1.39326 0.993315
25008 1.06979 0.895926 0.731357 0.996938
25024 -0.66541 0.899194 -0.439721 1.00057
25040 -1.31857 0.902474 0.189651 1.00423
25056 0.865452 0.905766 0.763634 1.00789
25072 -0.252154 0.90907 -0.623166 1.01156
25088 -0.974452 0.912387 -0.531245 1.01526
25104 0.270666 0.915715 1.04709 1.01896
25120 0.956095 0.919055 1.12782 1.02268
25136 0.416393 0.922408 0.569642 1.02641
25152 -0.441208 0.925773 3.34363 1.03015
25168 1.19896 0.92915 -0.470701 1.03391
25184 0.498287 0.932539 0.946431 1.03768
25200 -1.03796 0.935941 -0.533804 1.04147
25216 -2.24702 0.939355 -1.01433 1.04526
25232 0.461057 0.942782 -0.148537 1.04908
25248 -1.08463 0.946221 -0.355947 1.0529
25264 0.456265 0.949673 0.00597649 1.05675
25280 0.425618 0.953137 -0.604051 1.0606
25296 0.0509098 0.956614 -2.27921 1.06447
25312 -1.92586 0.960104 0.294665 1.06835
25328 0.186526 0.963606 -1.15865 1.07225
25344 0.201714 0.967122 -0.0458258 1.07616
25360 -1.10579 0.97065 -2.01886 1.08009
25376 0.192347 0.97419 1.79829 1.08403
25392 0.776209 0.977744 -0.961426 1.08798
25408 1.51518 0.981311 2.70129 1.09195
25424 -0.716233 0.984891 0.449231 1.09593
25440 1.46901 0.988483 0.845377 1.09993
25456 -1.69859 0.992089 -0.0486595 1.10394
25472 0.569051 0.995708 -1.88044 1.10797
25488 -0.607982 0.999341 1.32156 1.11201
25504 1.0689 1.00299 1.66844 1.11607
25520 0.98858 1.00664 -1.67408 1.12014
25536 0.102095 1.01032 -0.122251 1.12423
25552 3.03105 1.014 -3.66973 1.12833
25568 -0.730076 1.0177 -0.794521 1.13244
25584 -1.81751 1.02141 0.0317228 1.13658
25600 0.894179 1.02514 1.18569 1.14072
25616 -0.136506 1.02888 0.411799 1.14488
25632 -1.75353 1.03263 0.268721 1.14906
25648 -2.75619 1.0364 0.905054 1.15325
25664 -1.07044 1.04018 -2.80782 1.15746
25680 1.78924 1.04398 -2.90893 1.16168
25696 1.77752 1.04778 0.856942 1.16592
25712 0.361841 1.05161 1.2389 1.17017
25728 1.92169 1.05544 0.7913 1.17444
25744 2.57287 1.05929 -4.574 1.17872
25760 -0.348042 1.06316 -0.900326 1.18302
25776 -1.80752 1.06703 0.104132 1.18734
25792 -1.31004 1.07093 0.122437 1.19167
25808 -0.315595 1.07483 1.26953 1.19602
25824 0.0460262 1.07875 0.301345 1.20038
25840 0.520354 1.08269 1.00251 1.20476
25856 1.53017 1.08664 -0.40223 1.20915
25872 -0.63341 1.0906 1.69409 1.21357
25888 1.17615 1.09458 0.222946 1.21799
25904 -0.643838 1.09857 1.23708 1.22244
25920 -1.46828 1.10258 -2.93395 1.22689
25936 -0.725048 1.1066 -3.21983 1.23137
25952 -1.08687 1.11064 -0.333187 1.23586
25968 -3.73956 1.11469 1.26036 1.24037
25984 1.84657 1.11876 0.633475 1.2449
26000 -1.73146 1.12284 -1.33205 1.24944
26016 -0.99466 1.12694 -0.33054 1.25399
26032 0.383461 1.13105 -1.10626 1.25857
26048 0.708167 1.13517 -3.72998 1.26316
26064 0.173587 1.13931 2.07235 1.26777
26080 -0.0499685 1.14347 -1.15453 1.27239
26096 -1.07581 1.14764 -4.02252 1.27703
26112 -0.31205 1.15183 2.43325 1.28169
26128 1.07808 1.15603 0.42365 1.28637
26144 -0.218318 1.16025 1.3124 1.29106
26160 0.0460262 1.16448 0.301345 1.29577
26176 1.0778 1.16873 0.0198624 1.3005
26192 1.1393 1.17299 0.393473 1.30524
26208 0.0594417 1.17727 0.610348 1.31
26224 -1.25791 1.18156 -0.599797 1.31478
26240 -2.13112 1.18587 -1.65425 1.31958
26256 1.90953 1.1902 2.0395 1.32439
26272 0.991956 1.19454 -2.33039 1.32922
26288 -3.01 1.1989 0.698579 1.33407
26304 -1.39093 1.20327 0.601453 1.33894
26320 -0.0305324 1.20766 -1.38635 1.34382
26336 2.62561 1.21207 -4.27696 1.34872
26352 1.43753 1.21649 -2.25146 1.35364
26368 -1.70296 1.22093 0.118232 1.35858
26384 1.21108 1.22538 2.32297 1.36354
26400 -1.45511 1.22985 0.614857 1.36851
26416 -1.56189 1.23434 0.0121389 1.37351
26432 0.963256 1.23884 3.68009 1.37852
26448 0.0460262 1.24336 0.301345 1.38354
26464 1.7736 1.2479 -1.1307 1.38859
26480 -0.50349 1.25245 -1.38325 1.39366
26496 -0.742591 1.25702 3.76521 1.39874
26512 0.282869 1.2616 1.43858 1.40384
26528 -1.11029 1.2662 0.973433 1.40896
26544 0.626814 1.27082 2.55556 1.4141
26560 3.62337 1.27546 -0.137821 1.41926
26576 2.68551 1.28011 2.66181 1.42444
26592 0.606123 1.28478 -3.43062 1.42964
26608 5.82733 1.28947 -2.42351 1.43485
26624 -2.12644 1.29417 0.0791984 1.44009
26640 2.20666 1.29889 -0.285264 1.44534
26656 -2.58722 1.30363 1.6487 1.45061
26672 3.19658 1.30839 -3.10329 1.4559
26688 3.07457 1.31316 -0.0787102 1.46121
26704 0.304382 1.31795 -4.33245 1.46654
26720 1.41973 1.32276 1.74262 1.47189
26736 -0.502834 1.32758 0.608702 1.47726
26752 0.45404 1.33243 -1.7088 1.48265
26768 0.0460262 1.33729 0.301345 1.48806
26784 -0.706764 1.34216 -5.01856 1.49349
26800 0.820582 1.34706 -1.59663 1.49894
26816 -0.0172779 1.35197 1.29673 1.50441
26832 1.17648 1.35691 0.211458 1.50989
26848 -1.65438 1.36186 -2.36909 1.5154
26864 2.70649 1.36682 -0.58091 1.52093
26880 0.789667 1.37181 1.86474 1.52648
26896 0.0460262 1.37682 0.301345 1.53205
26912 0.0460262 1.38184 0.301345 1.53764
26928 2.85128 1.38688 1.16706 1.54324
26944 0.365253 1.39194 0.215128 1.54887
26960 2.68608 1.39702 -1.26739 1.55452
26976 -1.29996 1.40211 -1.32856 1.5602
26992 -3.82317 1.40723 -0.53408 1.56589
27008 -2.19616 1.41236 1.49774 1.5716
27024 0.173533 1.41751 -2.82678 1.57733
27040 0.883519 1.42268 -0.388227 1.58309
27056 0.219486 1.42787 0.714066 1.58886
27072 -4.03854 1.43308 0.575578 1.59466
27088 -0.170492 1.43831 1.46865 1.60047
27104 0.350451 1.44356 0.874127 1.60631
27120 0.0460262 1.44882 0.301345 1.61217
27136 3.23824 1.45411 -1.57217 1.61805
27152 1.77319 1.45941 -3.32133 1.62396
27168 3.46906 1.46474 -0.12778 1.62988
27184 0.367612 1.47008 1.84548 1.63583
27200 -3.75151 1.47544 0.975138 1.64179
27216 -2.13029 1.48082 0.755868 1.64778
27232 -4.12644 1.48623 2.57039 1.65379
27248 -2.21785 1.49165 0.501189 1.65983
27264 0.0460262 1.49709 0.301345 1.66588
27280 0.0460262 1.50255 0.301345 1.67196
27296 0.372498 1.50803 0.167555 1.67806
27312 1.59581 1.51353 -1.12976 1.68418
27328 3.27813 1.51905 -2.17727 1.69032
27344 -0.899652 1.52459 0.556378 1.69649
27360 -0.0768802 1.53016 -2.40807 1.70268
27376 0.0460262 1.53574 0.301345 1.70889
27392 2.91676 1.54134 -3.74066 1.71512
27408 0.0460262 1.54696 0.301345 1.72138
27424 -1.17827 1.55261 -1.70933 1.72766
27440 0.114925 1.55827 2.95057 1.73396
27456 -4.39075 1.56395 -1.25037 1.74029
27472 0.0460261 1.56966 0.301345 1.74663
27488 1.02675 1.57539 2.36318 1.75301
27504 -1.99235 1.58113 -0.311292 1.7594
27520 2.82497 1.5869 3.6404 1.76582
27536 -2.92986 1.59269 1.67195 1.77226
27552 1.16022 1.5985 -0.953978 1.77873
27568 3.71953 1.60433 2.0876 1.78521
27584 0.0460262 1.61018 0.301345 1.79173
27600 0.0761888 1.61606 -0.454479 1.79826
27616 0.0460262 1.62195 0.301345 1.80482
27632 0.0460262 1.62787 0.301345 1.81141
27648 -5.10693 1.63381 3.83396 1.81801
27664 0.215443 1.63977 1.77066 1.82465
27680 -2.48366 1.64575 -1.44691 1.8313
27696 0.0460262 1.65175 0.301345 1.83798
27712 1.64951 1.65778 1.90671 1.84469
27728 6.60257 1.66383 2.01727 1.85142
27744 0.0460262 1.6699 0.301345 1.85817
27760 1.84521 1.67599 -0.118157 1.86495
27776 -3.1779 1.6821 -0.0746433 1.87175
27792 0.778769 1.68824 2.47936 1.87858
27808 -3.54012 1.6944 4.97096 1.88543
27824 -1.48952 1.70058 0.665713 1.89231
27840 2.34325 1.70678 1.03847 1.89921
27856 -2.51705 1.71301 4.82878 1.90614
27872 1.64541 1.71925 -5.35068 1.9131
27888 -2.79858 1.72553 0.419822 1.92007
27904 1.76645 1.73182 2.98601 1.92708
27920 0.51663 1.73814 2.07973 1.93411
27936 -1.55736 1.74448 -5.39948 1.94116
27952 0.124482 1.75084 2.38276 1.94824
27968 4.96963 1.75723 2.30952 1.95535
27984 -2.88085 1.76364 -1.06693 1.96248
28000 -2.4601 1.77007 -2.25512 1.96964
28016 -0.517714 1.77653 -2.38619 1.97683
28032 0.0460262 1.78301 0.301345 1.98404
28048 -1.81104 1.78952 0.197055 1.99128
28064 3.81936 1.79604 3.64871 1.99854
28080 -4.69599 1.8026 2.72854 2.00583
28096 0.0460261 1.80917 0.301345 2.01315
28112 -0.0808456 1.81577 -3.10363 2.02049
28128 5.33329 1.82239 1.5324 2.02786
28144 1.82467 1.82904 -0.404461 2.03526
28160 -3.08487 1.83572 2.17017 2.04269
28176 -1.35552 1.84241 -1.98022 2.05014
28192 4.06783 1.84913 1.5391 2.05762
28208 -1.08277 1.85588 -4.38772 2.06512
28224 0.0460262 1.86265 0.301345 2.07266
28240 2.80199 1.86944 1.18567 2.08022
28256 1.10565 1.87626 -0.0565992 2.0878
28272 -1.7261 1.88311 -8.73946 2.09542
28288 0.0460262 1.88998 0.301345 2.10306
28304 -0.094023 1.89687 -6.05381 2.11074
28320 -0.939746 1.90379 2.89065 2.11844
28336 3.23848 1.91074 4.21871 2.12616
28352 2.53257 1.91771 -2.02012 2.13392
28368 2.82768 1.9247 -0.562453 2.1417
28384 0.28282 1.93172 -5.5079 2.14952
28400 -1.93023 1.93877 4.70082 2.15736
28416 -2.38733 1.94584 2.64657 2.16523
28432 2.29631 1.95294 -2.08178 2.17313
28448 2.28759 1.96006 2.54554 2.18105
28464 1.08277 1.96721 3.74303 2.18901
28480 0.0460261 1.97439 0.301345 2.197
28496 2.32184 1.98159 -3.15187 2.20501
28512 0.0460262 1.98882 0.301345 2.21305
28528 2.74153 1.99608 -2.18776 2.22113
28544 0.360257 2.00336 2.1997 2.22923
28560 0.0460262 2.01067 0.301345 2.23736
28576 -2.46883 2.018 7.35408 2.24552
28592 3.17942 2.02536 -5.17127 2.25372
28608 -0.212429 2.03275 2.68103 2.26194
28624 0.0460261 2.04017 0.301345 2.27019
28640 1.15194 2.04761 -4.31196 2.27847
28656 6.53935 2.05508 3.35341 2.28678
28672 1.02373 2.06257 -4.51548 2.29512
28688 3.41048 2.0701 3.83128 2.3035
28704 0.0460262 2.07765 0.301345 2.3119
28720 -4.87462 2.08523 -6.92858 2.32033
28736 -1.79685 2.09284 4.2476 2.3288
28752 0.0460262 2.10047 0.301345 2.33729
28768 6.88781 2.10813 0.389617 2.34582
28784 0.317381 2.11582 -4.97552 2.35438
28800 3.70507 2.12354 2.67571 2.36296
28816 -1.11879 2.13129 -7.62427 2.37158
28832 -6.73952 2.13906 3.15426 2.38023
28848 4.41039 2.14687 -1.10059 2.38892
28864 -7.53078 2.1547 2.25665 2.39763
28880 -0.343068 2.16256 -1.07444 2.40638
28896 -0.531576 2.17045 6.71369 2.41516
28912 -3.83219 2.17836 -11.3466 2.42397
28928 2.53189 2.18631 3.84708 2.43281
28944 5.24108 2.19429 -5.6447 2.44168
28960 -3.92836 2.20229 -2.11183 2.45059
28976 -1.01878 2.21032 -3.1775 2.45953
28992 2.93256 2.21839 1.67843 2.4685
29008 0.0460262 2.22648 0.301345 2.47751
29024 -1.29593 2.2346 -2.86449 2.48655
29040 8.60907 2.24275 -9.04387 2.49562
29056 -4.9825 2.25093 1.35155 2.50472
29072 0.0460262 2.25915 0.301345 2.51386
29088 -1.2652 2.26739 -2.46816 2.52303
29104 -4.19758 2.27566 -2.27529 2.53223
29120 1.90664 2.28396 -0.752242 2.54147
29136 2.28897 2.29229 -5.19478 2.55074
29152 -0.0743754 2.30065 -6.89202 2.56005
29168 -7.72984 2.30905 4.87933 2.56938
29184 4.3796 2.31747 -2.13186 2.57876
29200 -4.98028 2.32592 3.30154 2.58816
29216 -2.00801 2.33441 -6.94992 2.59761
29232 11.6481 2.34292 -6.36438 2.60708
29248 -2.08251 2.35147 4.62829 2.61659
29264 -14.8537 2.36005 0.286454 2.62614
29280 1.52593 2.36866 -5.87204 2.63572
29296 0.805034 2.3773 1.73187 2.64533
29312 -4.42757 2.38597 1.16927 2.65498
29328 5.60556 2.39467 7.31788 2.66467
29344 0.221457 2.40341 -3.16486 2.67439
29360 4.89355 2.41218 5.3764 2.68414
29376 1.6162 2.42098 5.51389 2.69393
29392 -2.10903 2.42981 -8.08776 2.70376
29408 0.148427 2.43867 -6.38972 2.71362
29424 -9.87581 2.44757 9.22622 2.72352
29440 -1.57567 2.4565 -3.52444 2.73346
29456 0.0460262 2.46546 0.301345 2.74343
29472 -6.85861 2.47445 -9.68148 2.75344
29488 0.0460262 2.48348 0.301345 2.76348
29504 0.0460262 2.49254 0.301345 2.77356
29520 5.33797 2.50163 1.43231 2.78368
29536 5.05502 2.51076 0.723443 2.79384
29552 9.79961 2.51992 4.05135 2.80403
29568 -5.89679 2.52911 3.8486 2.81426
29584 0.0460262 2.53833 0.301345 2.82452
29600 0.0460262 2.54759 0.301345 2.83483
29616 -1.7321 2.55689 4.9719 2.84517
29632 0.0460262 2.56621 0.301345 2.85555
29648 -5.25999 2.57558 -5.11126 2.86596
29664 -2.64559 2.58497 -9.96757 2.87642
29680 -16.3715 2.5944 2.3736 2.88691
29696 1.90219 2.60386 -10.3836 2.89744
29712 0.0460262 2.61336 0.301345 2.90801
29728 -3.31475 2.6229 5.53229 2.91862
29744 8.76529 2.63247 -9.33502 2.92927
29760 -11.0185 2.64207 -4.91246 2.93995
29776 5.89838 2.65171 0.0476741 2.95068
29792 0.0460262 2.66138 0.301345 2.96144
29808 3.84588 2.67109 7.57007 2.97224
29824 3.09616 2.68083 -5.27451 2.98309
29840 0.0460262 2.69061 0.301345 2.99397
29856 3.16516 2.70043 -12.71 3.00489
29872 0.0460262 2.71028 0.301345 3.01585
29888 0.0460262 2.72016 0.301345 3.02685
29904 2.01202 2.73009 -7.89975 3.0379
29920 -1.0988 2.74005 -5.24003 3.04898
29936 0.0460262 2.75004 0.301345 3.0601
29952 0.0460261 2.76007 0.301345 3.07126
29968 -5.60714 2.77014 -17.6448 3.08247
29984 -2.85703 2.78025 11.231 3.09371
30000 -6.28998 2.79039 -0.633691 3.105
30016 -7.73805 2.80057 1.92705 3.11632
30032 -7.45162 2.81078 2.19009 3.12769
30048 -7.85225 2.82104 1.9509 3.1391
30064 0.0460262 2.83133 0.301345 3.15055
30080 0.0460262 2.84166 0.301345 3.16205
30096 18.2564 2.85202 -10.1416 3.17358
30112 7.78361 2.86243 7.19771 3.18516
30128 1.02799 2.87287 6.03924 3.19678
30144 0.0460262 2.88335 0.301345 3.20844
30160 -4.37374 2.89387 -7.39876 3.22014
30176 0.577539 2.90442 4.91102 3.23189
30192 0.0460261 2.91502 0.301345 3.24368
30208 0.0460262 2.92565 0.301345 3.25551
30224 0.0460262 2.93633 0.301345 3.26739
30240 -9.56112 2.94704 10.7384 3.27931
30256 7.44382 2.95779 1.88236 3.29127
30272 0.0460262 2.96858 0.301345 3.30327
30288 6.05148 2.97941 -5.24426 3.31533
30304 3.80913 2.99028 5.38086 3.32742
30320 3.83664 3.00118 5.41799 3.33956
30336 5.84398 3.01213 13.3393 3.35174
30352 -7.13584 3.02312 1.6947 3.36397
30368 0.0460262 3.03415 0.301345 3.37624
30384 0.0460262 3.04522 0.301345 3.38855
30400 0.0460262 3.05632 0.301345 3.40092
30416 6.82767 3.06747 3.48641 3.41332
30432 -2.03028 3.07866 -7.69323 3.42577
30448 9.70593 3.08989 -0.863988 3.43827
30464 -7.48092 3.10117 -18.366 3.45081
30480 -1.20909 3.11248 7.43736 3.4634
30496 -7.19089 3.12383 -27.0355 3.47603
30512 -7.81643 3.13523 -7.71906 3.48872
30528 -3.43435 3.14667 -1.62625 3.50144
30544 0.0460262 3.15814 0.301345 3.51421
30560 -8.1457 3.16966 -2.16069 3.52703
30576 7.86149 3.18123 1.22752 3.5399
30592 -8.26231 3.19283 0.808452 3.55281
30608 1.26777 3.20448 7.44032 3.56577
30624 -8.38784 3.21617 -2.23346 3.57878
30640 -0.354918 3.2279 -10.4592 3.59184
30656 7.31747 3.23968 4.1829 3.60494
30672 -0.320125 3.25149 6.05869 3.61809
30688 -2.67227 3.26336 23.6692 3.63129
30704 -3.59815 3.27526 16.1227 3.64454
30720 0.0460262 3.28721 0.301345 3.65783
30736 0.0460261 3.2992 0.301345 3.67117
30752 0.0460263 3.31124 0.301345 3.68457
30768 4.88827 3.32331 -11.6883 3.69801
30784 0.0460261 3.33544 0.301345 3.7115
30800 -19.6689 3.3476 -12.0365 3.72504
30816 -3.59575 3.35982 -1.3672 3.73863
30832 5.09551 3.37207 -24.3855 3.75226
30848 0.0460262 3.38437 0.301345 3.76595
30864 0.0460262 3.39672 0.301345 3.77969
30880 -8.07638 3.40911 -8.157 3.79348
30896 0.0460261 3.42155 0.301345 3.80732
30912 0.0460262 3.43403 0.301345 3.8212
30928 -6.78814 3.44656 -16.3502 3.83514
30944 4.26024 3.45913 -11.9147 3.84913
30960 0.0460262 3.47175 0.301345 3.86317
30976 0.0460262 3.48441 0.301345 3.87727
30992 0.0460262 3.49712 0.301345 3.89141
31008 0.0460263 3.50988 0.301345 3.90561
31024 0.0460262 3.52268 0.301345 3.91985
31040 -11.6288 3.53553 -7.76707 3.93415
31056 0.0460262 3.54843 0.301345 3.94851
31072 0.0460262 3.56138 0.301345 3.96291
31088 -6.9818 3.57437 0.131689 3.97737
31104 3.74248 3.58741 -9.60986 3.99187
31120 0.0460262 3.60049 0.301345 4.00644
31136 8.88034 3.61363 -7.8565 4.02105
31152 -12.2394 3.62681 -8.18904 4.03572
31168 -24.1328 3.64004 -48.0785 4.05044
31184 0.0460262 3.65332 0.301345 4.06522
31200 0.0460261 3.66665 0.301345 4.08005
31216 9.05217 3.68002 11.1838 4.09493
31232 10.8036 3.69344 3.75319 4.10987
31248 0.0460262 3.70692 0.301345 4.12486
31264 0.0460262 3.72044 0.301345 4.13991
31280 13.7518 3.73401 -6.19266 4.15501
31296 0.0460262 3.74763 0.301345 4.17017
31312 9.61156 3.76131 -8.62916 4.18538
31328 -23.8143 3.77503 -3.98416 4.20065
31344 0.0460263 3.7888 0.301345 4.21597
31360 0.0460262 3.80262 0.301345 4.23135
31376 0.461867 3.81649 -13.439 4.24679
31392 0.0460262 3.83041 0.301345 4.26228
31408 0.0460263 3.84439 0.301345 4.27783
31424 -2.9298 3.85841 -0.73914 4.29343
31440 8.73739 3.87248 -12.8865 4.30909
31456 -1.91108 3.88661 11.4285 4.32481
31472 -7.09126 3.90079 -28.0012 4.34059
31488 0.0460262 3.91502 0.301345 4.35642
31504 17.2604 3.9293 -26.1048 4.37232
31520 6.17759 3.94363 13.54 4.38827
31536 -4.85771 3.95802 13.4304 4.40427
31552 -6.50132 3.97246 -15.7358 4.42034
31568 12.9442 3.98695 8.671 4.43647
31584 -9.96872 4.00149 -7.79584 4.45265
31600 0.0460261 4.01609 0.301345 4.46889
31616 -4.45907 4.03074 -9.88379 4.48519
31632 -2.49274 4.04545 -5.42195 4.50156
31648 0.0460262 4.0602 0.301345 4.51798
31664 -11.4413 4.07501 1.58761 4.53446
31680 1.05994 4.08988 -19.4155 4.551
31696 -0.537523 4.1048 9.47705 4.5676
31712 -11.8157 4.11977 -12.051 4.58426
31728 12.8851 4.1348 -11.5169 4.60099
31744 0.0460263 4.14989 0.301345 4.61777
31760 1.09754 4.16502 -20.1467 4.63462
31776 -11.2155 4.18022 8.2529 4.65152
31792 7.55946 4.19547 -18.1097 4.66849
31808 -14.1362 4.21077 -14.1657 4.68552
31824 14.6201 4.22613 25.2848 4.70261
31840 -0.57531 4.24155 -0.623114 4.71977
31856 12.3062 4.25702 -11.0201 4.73699
31872 0.0460263 4.27255 0.301345 4.75427
31888 2.23379 4.28814 13.0851 4.77161
31904 17.9608 4.30378 20.9573 4.78902
31920 7.89815 4.31948 10.9003 4.80649
31936 0.0460262 4.33524 0.301345 4.82402
31952 -9.37683 4.35105 24.5902 4.84162
31968 15.3163 4.36692 1.78198 4.85928
31984 8.24561 4.38285 -19.791 4.87701
