0 0.0462995 423732 0.301713 511356
16 0.0463012 426829 0.301707 515094
32 0.046274 429949 0.301711 518859
48 0.0463302 433092 0.301699 522651
64 0.0462973 436257 0.30165 526471
80 0.0450584 439446 0.301839 530319
96 0.0447113 442658 0.30155 534196
112 0.0448776 445893 0.301578 538100
128 0.0449594 449152 0.301389 542033
144 0.0446511 452435 0.301529 545995
160 0.0445625 455742 0.301048 549986
176 0.0434795 459073 0.30174 554006
192 0.0290684 462429 0.304042 558055
208 0.0131515 465809 0.305538 562134
224 0.00640372 469213 0.307064 566243
240 0.00853045 472643 0.307037 570381
256 0.0205278 476097 0.305187 574550
272 0.0383554 479577 0.302488 578750
288 0.0430271 483082 0.30155 582980
304 0.0429078 0.00259546 0.302113 0.00349802
320 0.0433517 0.00260443 0.301763 0.00351068
336 0.0431355 0.00282275 0.301902 0.00353578
352 0.0434136 0.00270592 0.301564 0.00349179
368 0.0422086 0.00267112 0.301916 0.00347967
384 0.0419307 0.00256319 0.301631 0.00344912
400 0.0406542 0.00255168 0.302277 0.00345684
416 0.0401056 0.00246337 0.302831 0.00346055
432 0.0395328 0.00234556 0.302404 0.00337827
448 0.0395171 0.00252274 0.302841 0.0034129
464 0.0395861 0.00242453 0.302707 0.00338836
480 0.0404662 0.00254757 0.302747 0.00351715
496 0.0452065 0.000556169 0.297369 0.000601867
512 0.0625163 0.00118172 0.258729 0.00130574
528 0.0930167 0.00187601 0.172723 0.00211765
544 0.11059 0.00244885 0.0591014 0.00279189
560 0.109577 0.0028905 -0.0550218 0.00329629
576 0.0658896 0.0031374 -0.134875 0.00359821
592 0.00110455 0.00329255 -0.17584 0.00375859
608 -0.0617808 0.0033869 -0.169768 0.00382962
624 -0.124706 0.00344578 -0.14708 0.00386833
640 -0.172475 0.00347409 -0.0838059 0.00386128
656 -0.191217 0.00349956 -0.00486582 0.00385306
672 -0.182996 0.00350591 0.0789455 0.00382584
688 -0.133742 0.00351182 0.153952 0.00381461
704 -0.0746569 0.00352436 0.193248 0.00382028
720 0.00799463 0.00353528 0.215232 0.00383587
736 0.0822892 0.00354453 0.204102 0.00387164
752 0.141805 0.00354234 0.149106 0.00392192
768 0.190727 0.00356223 0.0863059 0.00398554
784 0.200922 0.00358274 -0.000622728 0.00404185
800 0.178187 0.00359788 -0.0840824 0.00409418
816 0.128665 0.00362391 -0.15209 0.00414144
832 0.0564087 0.00365652 -0.192624 0.00416725
848 -0.0242716 0.0036726 -0.198098 0.00416297
864 -0.0947172 0.0037106 -0.173368 0.00417027
880 -0.159434 0.00370776 -0.123936 0.00413168
896 -0.198179 0.0037261 -0.0426074 0.00411199
912 -0.193167 0.0037313 0.0416249 0.0040751
928 -0.16519 0.00373549 0.117413 0.00406317
944 -0.107366 0.00372684 0.180551 0.00404795
960 -0.0243599 0.0037338 0.213855 0.00405488
976 0.0482231 0.0037513 0.211632 0.0040828
992 0.122545 0.00375553 0.171168 0.00413987
1008 0.175046 0.00376702 0.112517 0.00419457
1024 0.203131 0.00378838 0.0316318 0.00426847
1040 0.184026 0.00380535 -0.0503835 0.00430709
1056 0.158347 0.00384199 -0.122093 0.00436692
1072 0.092504 0.00386168 -0.171642 0.00439875
1088 0.0156553 0.00387975 -0.202607 0.00440471
1104 -0.0673362 0.00391536 -0.191403 0.00441575
1120 -0.134811 0.00393783 -0.146185 0.00440271
1136 -0.187373 0.00394056 -0.0736371 0.00436036
1152 -0.195048 0.00394523 0.00772311 0.0043423
1168 -0.183466 0.00396105 0.0939403 0.00431027
1184 -0.128151 0.00395621 0.157532 0.00429247
1200 -0.057828 0.00396182 0.196737 0.00429833
1216 0.00874519 0.00395495 0.204572 0.00431522
1232 0.0965054 0.00396769 0.190191 0.00437041
1248 0.151285 0.00398165 0.141878 0.00441723
1264 0.195647 0.0040094 0.0695573 0.00448098
1280 0.194081 0.00401934 -0.018175 0.00455396
1296 0.175533 0.00404475 -0.0932165 0.00459639
1312 0.116482 0.00408383 -0.164954 0.0046537
1328 0.0426897 0.00411684 -0.198182 0.00468997
1344 -0.0352971 0.00414919 -0.195765 0.00468014
1360 -0.104632 0.00415939 -0.164296 0.00467396
1376 -0.163456 0.00417013 -0.116839 0.00465661
1392 -0.204594 0.0041912 -0.0307622 0.00460747
1408 -0.189487 0.00418216 0.0540926 0.00458167
1424 -0.158275 0.0041957 0.129883 0.004554
1440 -0.0989296 0.00419401 0.184654 0.00453858
1456 -0.0165801 0.00420106 0.214617 0.0045576
1472 0.0625959 0.0042039 0.205835 0.00459539
1488 0.120775 0.00422514 0.156771 0.00466276
1504 0.172772 0.0042212 0.105047 0.00471122
1520 0.204071 0.00425567 0.0222192 0.00476971
1536 0.184022 0.00426961 -0.0620306 0.0048559
1552 0.14193 0.00431275 -0.135415 0.00490005
1568 0.0839566 0.00433965 -0.180866 0.00494731
1584 0.000148547 0.00436009 -0.212238 0.00496586
1600 -0.0816886 0.00438355 -0.186407 0.00495194
1616 -0.145112 0.00440054 -0.140445 0.00492508
1632 -0.188406 0.00442659 -0.0657297 0.0049028
1648 -0.201719 0.00443492 0.0129985 0.00486752
1664 -0.184789 0.00445089 0.0968131 0.00483641
1680 -0.126068 0.00443702 0.153236 0.00482832
1696 -0.054789 0.00444481 0.201895 0.00481496
1712 0.0244084 0.00444946 0.205653 0.0048452
1728 0.111212 0.00445804 0.192859 0.00489084
1744 0.158718 0.00448283 0.135427 0.00496919
1760 0.20099 0.00448108 0.0550154 0.00502328
1776 0.187549 0.00452701 -0.032221 0.00511061
1792 0.160752 0.00455879 -0.112194 0.00517514
1808 0.105762 0.00457287 -0.171563 0.00522028
1824 0.0279849 0.00460308 -0.201653 0.00523792
1840 -0.0441671 0.00465052 -0.198196 0.00525748
1856 -0.127502 0.00467893 -0.160181 0.00523578
1872 -0.17256 0.00469243 -0.10164 0.00520313
1888 -0.195609 0.00469741 -0.0216215 0.00517752
1904 -0.189774 0.00469756 0.0513965 0.00513731
1920 -0.151205 0.00470135 0.136215 0.00510038
1936 -0.0855092 0.0046882 0.186831 0.00510169
1952 -0.0123789 0.00470554 0.207897 0.00511326
1968 0.0679685 0.00473469 0.199507 0.00514749
1984 0.135178 0.00470791 0.151128 0.00521789
2000 0.184246 0.0047553 0.0793679 0.00530372
2016 0.199933 0.00476592 -0.00299764 0.00537143
2032 0.174517 0.00478655 -0.0797933 0.0054353
2048 0.13874 0.00484031 -0.151533 0.00551627
2064 0.0606354 0.00487068 -0.18377 0.00553034
2080 -0.0193509 0.0049038 -0.199995 0.00556311
2096 -0.0938644 0.00493009 -0.188376 0.00555376
2112 -0.158617 0.00494594 -0.138288 0.00552977
2128 -0.195488 0.00496724 -0.0684519 0.00549597
2144 -0.203396 0.00498281 0.0275891 0.00544732
2160 -0.164539 0.00499319 0.0960402 0.00542547
2176 -0.120582 0.00500648 0.172251 0.00539987
2192 -0.042872 0.00498804 0.202504 0.00542106
2208 0.0325043 0.00499444 0.2102 0.00542657
2224 0.115071 0.00498613 0.177221 0.00549497
2240 0.164769 0.00501715 0.115723 0.00556287
2256 0.191502 0.00504983 0.0460512 0.00566197
2272 0.19596 0.00508003 -0.0513835 0.00574147
2288 0.157398 0.00511369 -0.130751 0.00582513
2304 0.0894293 0.00513809 -0.172194 0.00584804
2320 0.0171883 0.00517802 -0.193769 0.00586729
2336 -0.0591136 0.00520179 -0.205946 0.0058869
2352 -0.125991 0.00522116 -0.165282 0.00586668
2368 -0.175792 0.00523206 -0.0933881 0.00582994
2384 -0.201271 0.00526819 -0.0124633 0.00578135
2400 -0.187418 0.0052714 0.0636086 0.0057595
2416 -0.137567 0.00526715 0.139107 0.0057391
2432 -0.0818745 0.00528012 0.193446 0.00571111
2448 -0.00666089 0.00527161 0.204707 0.00572994
2464 0.0814333 0.00528542 0.181129 0.00579147
2480 0.143099 0.00530588 0.144799 0.0058582
2496 0.191517 0.00532853 0.071388 0.0059535
2512 0.203608 0.00534598 -0.0166466 0.00602523
2528 0.16597 0.00538978 -0.0939998 0.00611205
2544 0.121685 0.00542014 -0.162014 0.00617629
2560 0.043048 0.00546651 -0.195786 0.00623275
2576 -0.0341036 0.00549858 -0.203713 0.00622585
2592 -0.0938414 0.00553197 -0.179955 0.00624118
2608 -0.154031 0.00556911 -0.127628 0.00619407
2624 -0.195443 0.0055675 -0.0478236 0.00614493
2640 -0.19457 0.0055669 0.0357423 0.0060974
2656 -0.155858 0.00557106 0.109414 0.00607157
2672 -0.115848 0.00557162 0.169923 0.00604335
2688 -0.0255464 0.00558768 0.207344 0.00607895
2704 0.05477 0.00558007 0.203392 0.00610363
2720 0.110202 0.00561133 0.163102 0.00617506
2736 0.183862 0.00560674 0.106853 0.00624412
2752 0.203167 0.00566944 0.0127919 0.00637849
2768 0.181389 0.00568797 -0.0615435 0.00644894
2784 0.141984 0.00570726 -0.129243 0.00649687
2800 0.0856785 0.00577926 -0.18225 0.00657989
2816 0.00400781 0.00580831 -0.206513 0.0066039
2832 -0.0661383 0.00582429 -0.19487 0.00658806
2848 -0.132453 0.0058651 -0.151416 0.0065529
2864 -0.175407 0.00588375 -0.0715928 0.00650779
2880 -0.20674 0.00589961 0.00782007 0.00645207
2896 -0.179514 0.00588578 0.0863075 0.00641245
2912 -0.131285 0.00590963 0.153871 0.00640119
2928 -0.0556627 0.00589811 0.194835 0.00638525
2944 0.0153071 0.00591841 0.19983 0.00642288
2960 0.0842498 0.00592767 0.17666 0.00650108
2976 0.152722 0.00593607 0.129782 0.00660171
2992 0.18581 0.00594769 0.0559118 0.00667779
3008 0.188977 0.00601113 -0.0325104 0.00678192
3024 0.169187 0.00603088 -0.112102 0.00686132
3040 0.112222 0.00611687 -0.164938 0.00693643
3056 0.0463466 0.00612216 -0.189593 0.00694233
3072 -0.0408045 0.00616282 -0.202858 0.0069665
3088 -0.11703 0.00621461 -0.168842 0.0069662
3104 -0.158003 0.0062151 -0.104679 0.00692265
3120 -0.188995 0.00622483 -0.0411487 0.00688411
3136 -0.196975 0.00624183 0.0563079 0.00678316
3152 -0.142992 0.00623456 0.128229 0.00675934
3168 -0.0958247 0.00625758 0.179221 0.00674524
3184 -0.0213426 0.00625701 0.196773 0.00681343
3200 0.0615142 0.00626214 0.193598 0.00683644
3216 0.137619 0.00627473 0.152432 0.00691368
3232 0.176947 0.00629806 0.0772204 0.00702814
3248 0.197269 0.00633972 0.00752607 0.00711344
3264 0.18872 0.00637739 -0.0796883 0.00721042
3280 0.131808 0.00641333 -0.141638 0.00729723
3296 0.0703745 0.0064482 -0.186378 0.00734236
3312 -0.0067044 0.00651972 -0.210014 0.00738148
3328 -0.0825546 0.00652686 -0.1843 0.00736848
3344 -0.150769 0.00656218 -0.149095 0.00732449
3360 -0.182813 0.00659918 -0.0615458 0.00729758
3376 -0.191935 0.0066317 0.00305924 0.00723941
3392 -0.171697 0.00661464 0.0872583 0.00718055
3408 -0.126216 0.00662461 0.156197 0.00715149
3424 -0.0465998 0.00660025 0.205313 0.00717618
3440 0.0262643 0.00664203 0.205665 0.00723103
3456 0.112668 0.00663376 0.17186 0.00727426
3472 0.147556 0.00666853 0.11679 0.00737039
3488 0.183133 0.00668595 0.0335859 0.00749789
3504 0.190979 0.00671159 -0.0364342 0.00756726
3520 0.165374 0.00675163 -0.104877 0.00769201
3536 0.106419 0.00679236 -0.149782 0.00771172
3552 0.0175341 0.00685379 -0.189939 0.00776378
3568 -0.0530959 0.00692797 -0.200327 0.00783007
3584 -0.112508 0.00694728 -0.158199 0.00778761
3600 -0.167475 0.00695146 -0.0962861 0.0077319
3616 -0.202658 0.00700716 -0.0299566 0.00771139
3632 -0.189703 0.00698156 0.0707759 0.00760852
3648 -0.122699 0.00695701 0.125216 0.00760007
3664 -0.0892644 0.00699667 0.179624 0.0075918
3680 -0.00365961 0.00701707 0.19682 0.00760373
3696 0.0666641 0.00700814 0.185939 0.00767307
3712 0.139295 0.00700938 0.156553 0.00776194
3728 0.172876 0.00704761 0.0733319 0.00786077
3744 0.191843 0.00712748 -0.0152229 0.00801161
3760 0.171745 0.00715997 -0.0778843 0.00811328
3776 0.133528 0.00719625 -0.14512 0.00818102
3792 0.0622953 0.00720443 -0.20419 0.00823362
3808 -0.0239775 0.00729891 -0.197142 0.00823053
3824 -0.0848595 0.00733535 -0.173786 0.00822375
3840 -0.140022 0.00737206 -0.113034 0.00819938
3856 -0.189523 0.0073796 -0.0701907 0.00813358
3872 -0.172647 0.00737723 0.0355868 0.0081037
3888 -0.168079 0.00740594 0.0941685 0.00810387
3904 -0.104383 0.00738881 0.160048 0.00799018
3920 -0.0456701 0.00745801 0.203207 0.00804297
3936 0.0379315 0.00738193 0.199655 0.00806238
3952 0.108629 0.00742482 0.157035 0.00815659
3968 0.164565 0.00743271 0.104156 0.00825665
3984 0.169034 0.00749188 0.021318 0.00838928
4000 0.187398 0.00754444 -0.0485024 0.00849701
4016 0.133881 0.00759548 -0.131571 0.00857724
4032 0.104071 0.00766411 -0.179129 0.00868749
4048 0.0285917 0.00772402 -0.186695 0.0087218
4064 -0.0628847 0.00775628 -0.192241 0.00873479
4080 -0.116869 0.00776789 -0.147223 0.00871881
4096 -0.170643 0.00776473 -0.073632 0.00862171
4112 -0.187127 0.00780747 -0.0193822 0.00863044
4128 -0.180176 0.00781753 0.0833359 0.00850344
4144 -0.131998 0.00782133 0.134548 0.00850966
4160 -0.0694932 0.00786576 0.18548 0.00853814
4176 0.0131192 0.00784197 0.179953 0.00853388
4192 0.0828314 0.00788155 0.167191 0.00863627
4208 0.15318 0.00790433 0.14043 0.0087233
4224 0.176938 0.00791423 0.0725971 0.00885247
4240 0.186887 0.00797363 -0.00315124 0.0090065
4256 0.180165 0.00801102 -0.0930941 0.00902347
4272 0.113683 0.00807273 -0.155591 0.00915819
4288 0.0604529 0.00809855 -0.191639 0.00922122
4304 -0.032505 0.00816868 -0.198601 0.00923252
4320 -0.108433 0.00824791 -0.178381 0.00921407
4336 -0.151508 0.00823531 -0.11296 0.00916085
4352 -0.185804 0.00823281 -0.0334384 0.00911005
4368 -0.182391 0.00826048 0.0398222 0.00901938
4384 -0.154947 0.00827038 0.107812 0.00896742
4400 -0.0847954 0.00830285 0.165321 0.00904604
4416 -0.0305458 0.00829442 0.203189 0.00899961
4432 0.040403 0.00832969 0.186047 0.00902962
4448 0.116947 0.00835084 0.149803 0.00918531
4464 0.159548 0.00835321 0.100162 0.00929374
4480 0.183671 0.00840888 0.0215392 0.00942075
4496 0.180679 0.0084576 -0.0570564 0.00956822
4512 0.141283 0.00849374 -0.142416 0.0096809
4528 0.073065 0.00861221 -0.192618 0.00978887
4544 0.0112786 0.00864019 -0.203759 0.00977439
4560 -0.0786003 0.0086397 -0.17884 0.00972351
4576 -0.125118 0.00870428 -0.143668 0.0097009
4592 -0.174554 0.00880014 -0.0769959 0.00973878
4608 -0.170644 0.00872215 0.000392781 0.00961091
4624 -0.177531 0.00879864 0.0748033 0.00957382
4640 -0.130509 0.00881825 0.139232 0.00947937
4656 -0.0752209 0.00884203 0.195004 0.00956235
4672 0.0272164 0.00875202 0.201196 0.00954985
4688 0.0993273 0.00876878 0.165104 0.00965682
4704 0.143422 0.00879639 0.126894 0.00976692
4720 0.193628 0.00882155 0.0447471 0.00984359
4736 0.195063 0.00890673 -0.0265427 0.0100424
4752 0.154592 0.00898304 -0.111254 0.0101685
4768 0.091455 0.00901685 -0.153465 0.0102261
4784 0.0393508 0.00910525 -0.200368 0.0103137
4800 -0.04621 0.00916443 -0.192233 0.0103234
4816 -0.0989046 0.00917609 -0.148844 0.0102747
4832 -0.152945 0.00919685 -0.112745 0.0102609
4848 -0.176539 0.00919799 -0.0324704 0.0101513
4864 -0.185432 0.00927433 0.069992 0.0101216
4880 -0.136676 0.00933132 0.111474 0.0101493
4896 -0.0843146 0.00926458 0.17299 0.0100105
4912 -0.0136063 0.00924392 0.188115 0.0100479
4928 0.0513446 0.009358 0.185671 0.0102085
4944 0.126298 0.00934526 0.156963 0.0102281
4960 0.189575 0.00937231 0.0869385 0.0104274
4976 0.196471 0.00935048 -0.0144604 0.010532
4992 0.176097 0.00948734 -0.0684697 0.0107319
5008 0.134524 0.00952374 -0.166915 0.010911
5024 0.0615999 0.0095823 -0.184198 0.0109008
5040 -0.00804316 0.00971558 -0.196931 0.0110154
5056 -0.0748456 0.00974367 -0.177992 0.010907
5072 -0.136715 0.00978111 -0.131082 0.0108873
5088 -0.162194 0.00969959 -0.0651154 0.0107879
5104 -0.182126 0.00977375 0.00620468 0.0107582
5120 -0.160065 0.00983403 0.0861293 0.0107174
5136 -0.1158 0.009884 0.152923 0.0106417
5152 -0.0479869 0.00974893 0.188285 0.0106504
5168 0.0332986 0.00984848 0.175865 0.0107265
5184 0.113125 0.00985082 0.156425 0.0108958
5200 0.163706 0.00984518 0.0955739 0.0109547
5216 0.18009 0.00991629 0.0188273 0.0111022
5232 0.184605 0.0100167 -0.0397464 0.0113011
5248 0.13369 0.0100583 -0.107822 0.0114095
5264 0.0941837 0.010252 -0.163563 0.0115528
5280 0.0243986 0.0101464 -0.190416 0.0115584
5296 -0.0487704 0.0102696 -0.19868 0.0115426
5312 -0.108318 0.0102597 -0.145045 0.011501
5328 -0.168422 0.0103393 -0.104369 0.0115225
5344 -0.190824 0.0104256 -0.00186313 0.0114633
5360 -0.15708 0.0103451 0.0580284 0.0113213
5376 -0.131396 0.0104114 0.109742 0.0113378
5392 -0.0698563 0.010371 0.175588 0.0113628
5408 0.00915884 0.0103594 0.189258 0.0113979
5424 0.0517324 0.0104388 0.167644 0.0113821
5440 0.143557 0.0103577 0.135587 0.0115286
5456 0.17444 0.0104682 0.0445446 0.0118017
5472 0.159248 0.0105222 -0.0312447 0.0118673
5488 0.177039 0.0106158 -0.0853873 0.0120162
5504 0.130725 0.0107488 -0.148959 0.012241
5520 0.0367436 0.0107816 -0.191879 0.0121882
5536 -0.0455579 0.0108678 -0.192659 0.0122152
5552 -0.0923028 0.0109263 -0.155001 0.0122231
5568 -0.123777 0.0109005 -0.108647 0.0121673
5584 -0.169978 0.0110101 -0.0515403 0.012147
5600 -0.178223 0.0109464 0.00675567 0.012028
5616 -0.133288 0.0109974 0.0773946 0.0119619
5632 -0.0984854 0.0109276 0.150055 0.0119563
5648 -0.0279646 0.0109822 0.17415 0.0119967
5664 0.0552045 0.0110305 0.189194 0.0120579
5680 0.0982277 0.0109428 0.156586 0.0121021
5696 0.145389 0.0110339 0.087713 0.0122946
5712 0.171004 0.0111449 0.0166193 0.0124992
5728 0.170105 0.0111803 -0.0341271 0.0125448
5744 0.144007 0.0112274 -0.112894 0.0127946
5760 0.0681755 0.0112987 -0.187863 0.0128453
5776 0.0141677 0.011455 -0.191269 0.0130244
5792 -0.0667696 0.0115332 -0.196385 0.0129423
5808 -0.135666 0.0116348 -0.126951 0.0128738
5824 -0.170876 0.0115959 -0.0884836 0.0128705
5840 -0.185792 0.0116841 0.00153812 0.0127494
5856 -0.159165 0.01157 0.0514232 0.0127123
5872 -0.12453 0.0116569 0.128775 0.0126591
5888 -0.0647497 0.0116617 0.17756 0.0126712
5904 0.0147366 0.0116784 0.169979 0.0127492
5920 0.0839185 0.0116905 0.156374 0.0128005
5936 0.129514 0.0117113 0.103483 0.0130052
5952 0.168039 0.0116435 0.0589642 0.0130388
5968 0.182985 0.0117811 -0.0184779 0.0132685
5984 0.135269 0.0119151 -0.113174 0.0134651
6000 0.118571 0.0119196 -0.14445 0.0134998
6016 0.0565441 0.0120483 -0.169922 0.0136409
6032 -0.0310423 0.0120609 -0.17778 0.0136842
6048 -0.0852024 0.0121499 -0.150421 0.0136265
6064 -0.160303 0.012286 -0.126481 0.0135916
6080 -0.194765 0.0123101 -0.048102 0.0136007
6096 -0.158531 0.0122943 0.05414 0.0134376
6112 -0.151828 0.0122731 0.120148 0.0133053
6128 -0.0997089 0.0123228 0.164867 0.0133513
6144 -0.0102346 0.0122879 0.196227 0.0134329
6160 0.0622521 0.0122626 0.173016 0.0134729
6176 0.12287 0.0124165 0.132166 0.0136308
6192 0.177206 0.0124357 0.0626197 0.0138654
6208 0.145031 0.0125295 -0.0220071 0.0141136
6224 0.160939 0.0124154 -0.0931462 0.0141292
6240 0.126133 0.0125272 -0.126798 0.0142421
6256 0.0709957 0.0127895 -0.175434 0.0144942
6272 0.00841349 0.0128212 -0.152236 0.0144396
6288 -0.0914821 0.0128777 -0.153277 0.0142772
6304 -0.12781 0.0130349 -0.106706 0.0143991
6320 -0.194784 0.0130016 -0.0717102 0.014292
6336 -0.173391 0.0130373 0.0071353 0.014287
6352 -0.158549 0.013055 0.0692886 0.0141061
6368 -0.124122 0.0130151 0.120661 0.0142316
6384 -0.0355625 0.0131208 0.171824 0.0142525
6400 0.0108093 0.013117 0.175554 0.0142815
6416 0.0751925 0.013019 0.176014 0.0143531
6432 0.13644 0.0131057 0.123362 0.014484
6448 0.157885 0.0132254 0.0381626 0.0146776
6464 0.161724 0.013224 -0.0336069 0.0148507
6480 0.174435 0.0134803 -0.104075 0.0152613
6496 0.0785191 0.0134766 -0.160607 0.01532
6512 0.0139147 0.0134798 -0.165692 0.0151854
6528 -0.0664257 0.0136713 -0.206352 0.0154137
6544 -0.118465 0.0136969 -0.149716 0.015213
6560 -0.159613 0.0136586 -0.0951927 0.015199
6576 -0.195649 0.0138238 -0.00633055 0.0150605
6592 -0.163517 0.0137723 0.0353557 0.0150078
6608 -0.108603 0.0137694 0.120139 0.0151438
6624 -0.0764129 0.0136516 0.170339 0.0150656
6640 -0.027311 0.013639 0.213019 0.0148816
6656 0.0494778 0.0138254 0.181799 0.0150948
6672 0.135205 0.0138596 0.128845 0.0152412
6688 0.171836 0.0138455 0.0549939 0.0153446
6704 0.190864 0.0140023 -0.0146741 0.0157613
6720 0.151904 0.0141737 -0.0953674 0.0160175
6736 0.0930785 0.0141383 -0.140623 0.0159798
6752 0.0481265 0.0141213 -0.187892 0.0160824
6768 -0.0202547 0.0143284 -0.214866 0.0163074
6784 -0.0885906 0.0143667 -0.188779 0.0162112
6800 -0.142434 0.0144798 -0.113335 0.0160504
6816 -0.165196 0.0143473 -0.0747484 0.0160571
6832 -0.160512 0.014384 0.0125257 0.0158599
6848 -0.118614 0.0144083 0.091517 0.0158098
6864 -0.0975247 0.0144521 0.147305 0.0157542
6880 -0.0544834 0.014452 0.18672 0.0156277
6896 0.0432377 0.0147236 0.170529 0.0159207
6912 0.107504 0.0145442 0.15498 0.0159902
6928 0.158333 0.0146505 0.0659138 0.0163421
6944 0.177171 0.0148219 0.0281619 0.0166379
6960 0.17558 0.0148598 -0.0525774 0.0166202
6976 0.134792 0.0149571 -0.114148 0.0168569
6992 0.0791375 0.0151118 -0.172636 0.017135
7008 0.00366111 0.0151387 -0.179516 0.0169057
7024 -0.0633277 0.0150723 -0.184464 0.0169883
7040 -0.110819 0.0153353 -0.156222 0.0169502
7056 -0.142894 0.0153485 -0.0821548 0.0169869
7072 -0.181671 0.0153629 -0.00817009 0.0168217
7088 -0.152581 0.0151513 0.0929346 0.0166173
7104 -0.134779 0.0154406 0.140221 0.0167851
7120 -0.0591228 0.0155353 0.178023 0.0168465
7136 -0.0279592 0.0153864 0.174691 0.0168375
7152 0.0842579 0.0154768 0.15766 0.0169453
7168 0.0925915 0.0154436 0.115289 0.0170125
7184 0.160286 0.015689 0.043181 0.0175563
7200 0.200583 0.0157387 -0.0278286 0.0175615
7216 0.157603 0.0157908 -0.0849181 0.0178553
7232 0.108075 0.0158032 -0.166536 0.018041
7248 0.0428435 0.0158601 -0.209739 0.0180077
7264 -0.0236177 0.0160894 -0.184 0.0181606
7280 -0.0859291 0.0162947 -0.167031 0.0180578
7296 -0.141893 0.0161953 -0.0887032 0.0178855
7312 -0.167259 0.0162626 0.00145361 0.0178977
7328 -0.202819 0.0163134 0.0121828 0.0179352
7344 -0.154336 0.0164346 0.0764242 0.0177524
7360 -0.0885965 0.0163617 0.129309 0.0177656
7376 -0.00379935 0.0161679 0.176439 0.0176493
7392 0.0436037 0.0164489 0.162139 0.0181493
7408 0.127296 0.016373 0.150355 0.0180257
7424 0.146767 0.0163418 0.0975424 0.0181333
7440 0.191972 0.0165259 -4.13887E-005 0.0186296
7456 0.149472 0.016553 -0.0751837 0.0187974
7472 0.119559 0.0166929 -0.115112 0.0188189
7488 0.0755807 0.0168638 -0.164297 0.0191391
7504 -0.011531 0.0166803 -0.145331 0.0189825
7520 -0.110558 0.016941 -0.165768 0.0190227
7536 -0.118657 0.0169067 -0.145609 0.0189721
7552 -0.166489 0.0171489 -0.0802333 0.0190197
7568 -0.184936 0.0172965 0.0151133 0.0186841
7584 -0.15922 0.0172479 0.0859555 0.0184097
7600 -0.111563 0.0173295 0.154403 0.0188211
7616 -0.0388512 0.017243 0.16689 0.0187649
7632 0.0108579 0.0173703 0.155596 0.0191861
7648 0.0885674 0.0171934 0.175589 0.0189904
7664 0.122751 0.017497 0.0916284 0.0193209
7680 0.164458 0.0173376 0.06932 0.0192811
7696 0.137519 0.0174715 -0.00263981 0.0196876
7712 0.126571 0.0176709 -0.119108 0.0201664
7728 0.0939435 0.0175787 -0.115177 0.0198134
7744 0.0644577 0.0178591 -0.137186 0.0198755
7760 -0.0611336 0.0179477 -0.171057 0.0201795
7776 -0.0664665 0.018033 -0.140357 0.0203327
7792 -0.172122 0.017986 -0.109482 0.0199759
7808 -0.159137 0.0181597 0.018457 0.0199163
7824 -0.177973 0.0184412 0.0296306 0.0201266
7840 -0.110905 0.0179782 0.120132 0.0195913
7856 -0.0638214 0.0182947 0.153046 0.0199256
7872 0.00651432 0.018307 0.176474 0.0197592
7888 0.0569067 0.0183142 0.146666 0.0200161
7904 0.122759 0.018264 0.12116 0.0201405
7920 0.193315 0.0182484 0.0861898 0.0202061
7936 0.188272 0.0185128 -0.00597878 0.020793
7952 0.17063 0.018518 -0.0928439 0.0211955
7968 0.0948571 0.0187622 -0.134306 0.0213353
7984 0.0632884 0.0190435 -0.200438 0.0215092
8000 -0.0543973 0.019127 -0.147602 0.0213784
8016 -0.0858735 0.0192041 -0.1747 0.0213203
8032 -0.127325 0.0189509 -0.150747 0.0211505
8048 -0.148558 0.0190665 -0.0714719 0.0213764
8064 -0.19666 0.0195102 0.0365004 0.0209471
8080 -0.131708 0.0192933 0.116503 0.0208939
8096 -0.11179 0.0192914 0.154191 0.0207117
8112 -0.0237345 0.0193446 0.146813 0.0212285
8128 0.0296398 0.0192096 0.210816 0.0211761
8144 0.0608104 0.0192679 0.13645 0.0211848
8160 0.142498 0.019252 0.102841 0.0214509
8176 0.200035 0.0197142 0.0127475 0.0219522
8192 0.161659 0.0197038 -0.0525855 0.021956
8208 0.14735 0.0197944 -0.0901183 0.0221023
8224 0.0714985 0.0195618 -0.120611 0.0223932
8240 0.0297881 0.020047 -0.175814 0.0225743
8256 -0.0504661 0.0202868 -0.179291 0.0227383
8272 -0.122301 0.0201539 -0.153693 0.0226418
8288 -0.165358 0.0204973 -0.0857075 0.0224288
8304 -0.187645 0.0202244 -0.0338752 0.0223409
8320 -0.135367 0.0205555 0.10752 0.0220722
8336 -0.12867 0.0204547 0.139745 0.0219501
8352 -0.0836905 0.0203247 0.143003 0.0221363
8368 0.0357568 0.0201867 0.190976 0.0222638
8384 0.112748 0.0206067 0.180473 0.0222611
8400 0.124471 0.0200029 0.104051 0.0224564
8416 0.177824 0.0206352 0.0745718 0.0225507
8432 0.198597 0.0206597 -0.00400912 0.0233307
8448 0.143146 0.0210385 -0.0907621 0.0237956
8464 0.0770078 0.0207568 -0.121253 0.0234708
8480 0.0529381 0.0211219 -0.207768 0.0239667
8496 -0.0656519 0.0214038 -0.17524 0.024256
8512 -0.0914468 0.0212328 -0.154308 0.0236289
8528 -0.103696 0.0214637 -0.0965857 0.0237765
8544 -0.159205 0.0214204 -0.0109165 0.0236986
8560 -0.183224 0.021498 0.0207034 0.023399
8576 -0.123709 0.0216336 0.114652 0.0233083
8592 -0.0667399 0.0216057 0.152634 0.0233239
8608 0.00887315 0.0217174 0.154844 0.0240055
8624 0.01501 0.0215709 0.187747 0.0232019
8640 0.0983976 0.0218888 0.148327 0.0241426
8656 0.154692 0.0214339 0.0764973 0.0239745
8672 0.192955 0.021941 0.00107565 0.0247587
8688 0.137747 0.0214598 -0.0611513 0.0247546
8704 0.159764 0.0217183 -0.108386 0.024829
8720 0.0749064 0.0221216 -0.134574 0.024807
8736 -0.00622402 0.0223783 -0.157923 0.0254179
8752 -0.0614337 0.0224708 -0.172606 0.0254269
8768 -0.136108 0.0229075 -0.0960935 0.0254404
8784 -0.145838 0.0227408 -0.112741 0.0250076
8800 -0.13675 0.0228829 0.0393443 0.0249026
8816 -0.134693 0.022377 0.0410303 0.025013
8832 -0.0981634 0.0232071 0.117385 0.0249537
8848 -0.0731032 0.0229794 0.15788 0.0248431
8864 0.006782 0.022516 0.215113 0.0244943
8880 0.0485568 0.0230402 0.124296 0.0249953
8896 0.143865 0.0224631 0.0920683 0.0250598
8912 0.177536 0.0227011 0.0169138 0.025477
8928 0.135698 0.0229282 -0.0266278 0.0260442
8944 0.0870647 0.023018 -0.126823 0.0260593
8960 0.0702837 0.0236953 -0.131759 0.0266056
8976 -0.0261482 0.0234843 -0.205451 0.0267799
8992 -0.0814666 0.0238403 -0.175425 0.0265333
9008 -0.0897373 0.0236402 -0.153567 0.0268537
9024 -0.135262 0.0239543 -0.0826224 0.0269472
9040 -0.182127 0.023992 -0.00581199 0.0264699
9056 -0.130079 0.023743 0.0527761 0.0260009
9072 -0.152568 0.0238619 0.128649 0.0265133
9088 -0.131305 0.0241544 0.17769 0.0264101
9104 -0.0697089 0.0242684 0.201111 0.0261775
9120 0.0308659 0.0243415 0.16773 0.0265202
9136 0.0885786 0.0242043 0.134937 0.0269745
9152 0.171204 0.0242922 0.0213262 0.0281682
9168 0.155801 0.0246284 0.0260117 0.0273635
9184 0.175402 0.0239857 -0.0208852 0.0270991
9200 0.122468 0.0245295 -0.153223 0.0278644
9216 0.0725228 0.025086 -0.192873 0.0285096
9232 -0.00281941 0.0250494 -0.213058 0.0288754
9248 -0.0711044 0.0255809 -0.174474 0.0286864
9264 -0.157163 0.0254147 -0.0893114 0.0284728
9280 -0.0892893 0.0257383 -0.0971987 0.0281564
9296 -0.180948 0.0257043 -0.00799903 0.0283622
9312 -0.16072 0.0254296 0.126461 0.0279761
9328 -0.0644692 0.0255282 0.101036 0.0280937
9344 -0.0737026 0.0257296 0.211232 0.0276215
9360 -0.0143102 0.025592 0.170996 0.0280273
9376 0.0456959 0.0256455 0.137917 0.0282816
9392 0.138362 0.0253408 0.101714 0.0283949
9408 0.182789 0.0258037 -0.0262929 0.029177
9424 0.182265 0.0263216 -0.0898547 0.0295353
9440 0.134216 0.0259061 -0.145705 0.0296793
9456 0.0955863 0.0261937 -0.168055 0.0299699
9472 0.00351238 0.027119 -0.236804 0.0309431
9488 -0.0487549 0.0264001 -0.142379 0.0294465
9504 -0.0562056 0.026749 -0.188072 0.0305354
9520 -0.15465 0.0264547 -0.0470865 0.0288699
9536 -0.19205 0.0266297 0.00871711 0.0291629
9552 -0.138844 0.0267818 0.0749504 0.0291684
9568 -0.163878 0.0272432 0.0740258 0.0295486
9584 -0.0752192 0.0276977 0.158267 0.0297135
9600 0.0423919 0.0266611 0.14521 0.0300509
9616 0.0459428 0.0270698 0.1635 0.0298131
9632 0.132689 0.0275492 0.127291 0.0304831
9648 0.152505 0.0278275 0.0449613 0.0308866
9664 0.153704 0.0274047 -0.0243645 0.0308227
9680 0.119796 0.027526 -0.0647297 0.0310696
9696 0.0891132 0.0283277 -0.153203 0.032233
9712 0.0457847 0.0277418 -0.0932393 0.031354
9728 0.00494344 0.028334 -0.148783 0.0318325
9744 -0.0926479 0.0281725 -0.169482 0.0321472
9760 -0.157666 0.0286278 -0.107173 0.0321939
9776 -0.158216 0.0281786 -0.049676 0.0312425
9792 -0.136838 0.0282642 0.0138126 0.031535
9808 -0.0998663 0.0282479 0.0595422 0.0310764
9824 -0.113648 0.0286841 0.100788 0.0312796
9840 -0.0602919 0.0282287 0.116297 0.0309855
9856 0.0418629 0.0291246 0.174149 0.0318714
9872 0.0922526 0.0282341 0.130358 0.0315802
9888 0.1104 0.0281715 0.0697765 0.031744
9904 0.147789 0.0290791 0.0542677 0.0323923
9920 0.123985 0.029281 -0.0363551 0.0327746
9936 0.118182 0.0293572 -0.105055 0.0329443
9952 0.0747611 0.0300332 -0.139627 0.0335088
9968 -0.0145871 0.0299469 -0.11061 0.0338224
9984 -0.0808889 0.030452 -0.184954 0.0338191
10000 -0.0687348 0.02965 -0.134209 0.0340956
10016 -0.187814 0.0301917 -0.0684067 0.0328401
10032 -0.124693 0.0298124 -0.053171 0.0331706
10048 -0.0973709 0.0294647 0.059529 0.0326518
10064 -0.0986362 0.0306342 0.149139 0.0329252
10080 -0.02781 0.0301699 0.141082 0.0326914
10096 -0.00700641 0.0301792 0.135224 0.0331569
10112 0.0938823 0.0296311 0.132453 0.0336363
10128 0.100664 0.0308462 0.0986259 0.0338252
10144 0.105703 0.0309759 0.080569 0.0346987
10160 0.175388 0.0303944 0.00113502 0.0342723
10176 0.132622 0.0306895 -0.113099 0.0351981
10192 0.113009 0.0309999 -0.130428 0.0356456
10208 0.043485 0.031898 -0.157095 0.0360549
10224 -0.0915621 0.031855 -0.127049 0.0354606
10240 -0.123678 0.0319383 -0.157486 0.0362411
10256 -0.145034 0.0319465 -0.157678 0.0357395
10272 -0.227482 0.0325124 0.0183664 0.0359011
10288 -0.172937 0.0314034 0.0237974 0.0344349
10304 -0.111958 0.0321293 0.0764384 0.0350636
10320 -0.138617 0.0327254 0.0767531 0.0354126
10336 -0.0903201 0.032021 0.119312 0.0348479
10352 0.0971315 0.0319971 0.152189 0.0351545
10368 0.103576 0.0316933 0.0884902 0.0353603
10384 0.16898 0.0322308 0.0691885 0.0360407
10400 0.159447 0.0327273 -0.00225514 0.0367438
10416 0.149782 0.0331026 -0.0720745 0.0373425
10432 0.161218 0.0325826 -0.137897 0.0375035
10448 0.088041 0.0330981 -0.174219 0.038231
10464 -0.054125 0.0330849 -0.161273 0.0380184
10480 -0.100809 0.0337114 -0.218181 0.0382482
10496 -0.110279 0.0334493 -0.0877044 0.037562
10512 -0.181632 0.0338794 0.0116482 0.0371551
10528 -0.093548 0.0342579 0.0204053 0.0377005
10544 -0.16467 0.0338668 0.0506298 0.0369401
10560 -0.111426 0.0339489 0.166745 0.0373973
10576 -0.0900641 0.0342491 0.192309 0.0372448
10592 -0.0164132 0.034103 0.199162 0.0382136
10608 0.153027 0.0343372 0.131225 0.0388972
10624 0.12316 0.0338566 0.0473991 0.0390087
10640 0.15715 0.0337058 0.0362258 0.0383058
10656 0.176909 0.0347508 0.0308136 0.0393179
10672 0.101984 0.0351477 -0.104194 0.0401103
10688 0.0898327 0.0360032 -0.142294 0.0403156
10704 0.0408212 0.034525 -0.175544 0.0394538
10720 -0.0187838 0.0356351 -0.154023 0.0397451
10736 -0.097135 0.0360943 -0.0969976 0.0397687
10752 -0.178539 0.0362154 -0.0850362 0.0403438
10768 -0.165342 0.0363553 0.0243578 0.0398542
10784 -0.148087 0.0365878 0.0768623 0.0402094
10800 -0.115548 0.0366383 0.142056 0.0399845
10816 -0.0927059 0.0367939 0.0877725 0.0406046
10832 -0.000639589 0.0359925 0.124813 0.0403759
10848 0.0809429 0.0368718 0.183276 0.0405011
10864 0.125217 0.036658 0.102038 0.0405535
10880 0.121657 0.0370446 0.0742122 0.0415174
10896 0.138039 0.0371094 0.00733511 0.041592
10912 0.134544 0.0372878 -0.027777 0.0410487
10928 0.100739 0.0374265 -0.196948 0.0426619
10944 0.117294 0.0375518 -0.163622 0.0422482
10960 0.0215736 0.0381521 -0.127373 0.0425963
10976 -0.0525084 0.037739 -0.111795 0.0423197
10992 -0.16109 0.0386255 -0.0402667 0.0421171
11008 -0.166186 0.0383261 -0.00231437 0.0421389
11024 -0.169531 0.0389742 -0.0181777 0.0430043
11040 -0.0974418 0.038974 0.124575 0.0423228
11056 -0.128536 0.0391635 0.141546 0.0430996
11072 0.00902242 0.0383992 0.127989 0.0428911
11088 0.0247956 0.0381963 0.170578 0.0426966
11104 0.0965116 0.0390757 0.176532 0.0435612
11120 0.0464757 0.0388407 0.0805473 0.0429461
11136 0.160625 0.0400973 0.072648 0.0440568
11152 0.153191 0.0392574 -0.0896707 0.0448985
11168 0.13003 0.0392999 -0.0337525 0.04388
11184 0.0637151 0.0399396 -0.108577 0.0443926
11200 -0.108266 0.0403261 -0.085965 0.0442838
11216 -0.164419 0.0410156 -0.126006 0.04432
11232 -0.075293 0.0413487 -0.193173 0.0456862
11248 -0.0730884 0.0399208 -0.0635346 0.0443956
11264 -0.131029 0.0404252 0.00512683 0.0440733
11280 -0.202722 0.0417435 0.0657271 0.0456937
11296 -0.102008 0.0410577 0.0928009 0.0450757
11312 -0.103394 0.041625 0.127807 0.045092
11328 0.00441343 0.0416944 0.287667 0.0451697
11344 0.0829827 0.0407323 0.059991 0.0454192
11360 0.144007 0.0411538 0.0480931 0.0454086
11376 0.148086 0.0417002 0.0393181 0.0463239
11392 0.172439 0.0429559 -0.0124473 0.0464864
11408 0.15875 0.0426399 -0.044311 0.0464494
11424 0.100486 0.0420988 -0.157934 0.0480958
11440 0.000115316 0.042895 -0.199612 0.0478649
11456 0.00340134 0.0429176 -0.180769 0.047186
11472 -0.00435781 0.0429345 -0.163607 0.0477696
11488 -0.134313 0.0437162 -0.151935 0.0471785
11504 -0.164375 0.0436019 -0.0506939 0.0478461
11520 -0.194134 0.0431794 0.0254121 0.0472957
11536 -0.149455 0.0435029 0.0736602 0.0477254
11552 -0.133078 0.0435245 0.0763432 0.0474626
11568 0.0507342 0.0435734 0.06358 0.0481171
11584 -0.0200388 0.043635 0.200589 0.0478059
11600 0.139846 0.0439226 0.16037 0.0483229
11616 0.170075 0.0446828 -0.0241758 0.0495389
11632 0.164695 0.0442375 0.00900283 0.0489759
11648 0.0959198 0.043878 -0.11484 0.0496815
11664 0.0430651 0.0444745 -0.181932 0.0498167
11680 0.0956199 0.043872 -0.144553 0.0499172
11696 -0.091548 0.044145 -0.177873 0.0495501
11712 -0.0714362 0.045667 -0.225788 0.0507038
11728 -0.137846 0.0450109 -0.0360115 0.0490091
11744 -0.124892 0.0453552 -0.0465267 0.0493517
11760 -0.0939823 0.0446377 0.0461704 0.0491915
11776 -0.172546 0.0461195 0.147068 0.0495252
11792 -0.104336 0.0458885 0.0705368 0.0499136
11808 -0.0977743 0.0459548 0.168863 0.0497664
11824 0.058095 0.0453221 0.156036 0.0497389
11840 0.0896475 0.0456629 0.288252 0.0505626
11856 0.0751945 0.0463106 0.114736 0.0504658
11872 0.17298 0.0456557 0.0278926 0.0507614
11888 0.159815 0.0467107 -0.0108611 0.0514174
11904 0.179017 0.0473933 -0.0926439 0.0515024
11920 0.05549 0.046055 -0.124012 0.0522179
11936 0.0301843 0.0458149 -0.180776 0.0509881
11952 -0.0797903 0.0481478 -0.145962 0.0518478
11968 -0.0667411 0.0464294 -0.105904 0.0519291
11984 -0.17769 0.0479679 -0.103804 0.0521424
12000 -0.114752 0.0472289 -0.0498026 0.052794
12016 -0.152127 0.0479023 0.0756079 0.0524748
12032 -0.128667 0.0478968 0.188071 0.0522307
12048 -0.0646469 0.0482706 0.167175 0.0529415
12064 -0.110171 0.0477786 0.177421 0.0528588
12080 0.0487544 0.0486906 0.174851 0.0528119
12096 0.093758 0.0478883 0.1008 0.0532494
12112 0.148551 0.0481226 0.0670129 0.0532369
12128 0.158467 0.0485145 0.0331236 0.054026
12144 0.104275 0.0480357 -0.00434885 0.0534597
12160 0.155736 0.0489839 -0.256994 0.0542094
12176 0.0248344 0.0502733 -0.30539 0.0549905
12192 0.0678323 0.0494446 -0.271984 0.0559867
12208 -0.148486 0.050256 -0.186447 0.0543267
12224 -0.0915617 0.0493898 -0.206848 0.05445
12240 -0.164805 0.0490967 -0.189414 0.0546406
12256 -0.145215 0.0497771 0.00132985 0.0548484
12272 -0.167078 0.0498848 0.139196 0.0551778
12288 -0.0131771 0.049636 0.213962 0.0552407
12304 0.0615154 0.0498171 0.238257 0.0554422
12320 0.121949 0.0505219 0.198159 0.0558127
12336 0.0512232 0.0501812 0.0763141 0.0558475
12352 0.17335 0.0506063 0.131221 0.0567197
12368 0.168688 0.050548 -0.020931 0.0562557
12384 0.104606 0.0515757 -0.100561 0.0572896
12400 0.196813 0.0514333 -0.12233 0.0568625
12416 0.134359 0.052654 -0.0690881 0.0576756
12432 -0.0957559 0.0512896 -0.0828155 0.057081
12448 0.0511988 0.0514767 -0.0597866 0.0572893
12464 -0.14235 0.0516645 -0.0252137 0.0574983
12480 -0.111243 0.0518529 -0.0375302 0.057708
12496 -0.129922 0.0527435 -0.10947 0.0579463
12512 -0.121701 0.0522319 -0.0550653 0.0581298
12528 -0.121988 0.053176 0.075893 0.0583447
12544 0.0119089 0.0526137 0.280568 0.0585547
12560 -0.00592087 0.0528057 0.2787 0.0587683
12576 0.102146 0.0535828 0.157593 0.0595609
12592 0.142788 0.0531916 0.222737 0.0591978
12608 0.141179 0.0533857 0.0775181 0.0594138
12624 0.172973 0.0545253 -0.139289 0.0599897
12640 0.157727 0.0537759 -0.0993946 0.059848
12656 0.0799195 0.053972 -0.0446393 0.0600663
12672 0.0582554 0.0541689 -0.134019 0.0602855
12688 -0.00520549 0.0543665 -0.0637624 0.0605054
12704 -0.0116507 0.0545648 -0.107738 0.0607261
12720 -0.107943 0.0547639 -0.0479917 0.0609476
12736 -0.168198 0.0549637 0.0067234 0.06117
12752 -0.0450642 0.0551642 0.0828906 0.0613931
12768 -0.0848264 0.0562077 0.000329436 0.0624052
12784 -0.153084 0.0555674 0.109841 0.0618418
12800 -0.0478121 0.056389 0.16114 0.0625847
12816 0.0446557 0.0559735 0.129015 0.0622938
12832 0.166008 0.0561777 0.110365 0.0625211
12848 0.0386593 0.0563826 0.0814633 0.0627492
12864 0.145201 0.0565883 0.0192368 0.0629781
12880 0.201136 0.0567947 -0.00100504 0.0632078
12896 0.08876 0.058185 -0.0968943 0.0634872
12912 0.0328974 0.0572099 -0.245074 0.0636698
12928 -0.114253 0.0574186 -0.249627 0.0639021
12944 -0.101548 0.057628 -0.266627 0.0641352
12960 -0.0645011 0.0578382 -0.0790964 0.0643691
12976 -0.098661 0.0580492 -0.115732 0.0646039
12992 -0.175682 0.058261 0.0104158 0.0648396
13008 -0.18582 0.0584735 0.00964403 0.0650761
13024 -0.0575997 0.0586868 0.0816593 0.0653135
13040 -0.0663598 0.0589009 0.212547 0.0655518
13056 0.00871737 0.0591158 0.196528 0.0657909
13072 0.125632 0.0593314 0.189172 0.0660309
13088 0.132563 0.0595479 -0.00350815 0.0662718
13104 0.18434 0.0597651 0.00462925 0.0665135
13120 0.0734831 0.0599831 -0.0697951 0.0667562
13136 0.192609 0.0602019 -0.102116 0.0669997
13152 0.0904983 0.0604215 -0.231956 0.0672441
13168 -0.0332146 0.0606419 -0.119432 0.0674894
13184 -0.0372622 0.0608632 -0.106008 0.0677356
13200 -0.043921 0.0610852 -0.221996 0.0679827
13216 -0.111153 0.061308 -0.138075 0.0682307
13232 -0.139162 0.0615317 0.0275089 0.0684796
13248 -0.200566 0.0617561 -0.00655696 0.0687294
13264 0.00724841 0.0619814 0.141607 0.0689801
13280 -0.108304 0.0622075 0.263678 0.0692318
13296 0.036902 0.0624344 0.273657 0.0694843
13312 0.131037 0.0626622 0.165238 0.0697378
13328 0.132549 0.0628908 0.146424 0.0699922
13344 0.0954562 0.0631202 0.00693824 0.0702475
13360 0.18827 0.0633505 0.0169706 0.0705038
13376 0.0843764 0.0635816 -0.122311 0.070761
13392 0.232061 0.0638135 -0.0929229 0.0710191
13408 0.0150737 0.0640463 -0.208276 0.0712782
13424 0.0805521 0.0642799 -0.14505 0.0715382
13440 0.0583451 0.0645144 -0.116544 0.0717991
13456 -0.12047 0.0647498 -0.243672 0.0720611
13472 -0.19587 0.064986 -0.121953 0.0723239
13488 -0.310772 0.065223 -0.0254351 0.0725878
13504 -0.0767033 0.0654609 0.111278 0.0728526
13520 -0.0503755 0.0656997 0.144405 0.0731183
13536 -0.0476349 0.0659394 0.000777952 0.073385
13552 0.000683735 0.06618 0.132576 0.0736528
13568 0.0961288 0.0664214 0.180593 0.0739214
13584 0.082812 0.0666637 0.104075 0.0741911
13600 0.255887 0.0669068 0.0576281 0.0744617
13616 0.133863 0.0671509 -0.0695164 0.0747334
13632 0.236338 0.0673959 -0.0804944 0.075006
13648 0.0994461 0.0676417 -0.212275 0.0752796
13664 0.0633297 0.0678885 -0.142608 0.0755542
13680 -0.00848907 0.0681361 -0.197036 0.0758298
13696 -0.152943 0.0683847 -0.290699 0.0761065
13712 -0.12069 0.0686342 -0.153121 0.0763841
13728 -0.12353 0.0688845 0.0154206 0.0766627
13744 -0.0948539 0.0691358 0.0505295 0.0769424
13760 0.0161351 0.069388 0.074448 0.0772231
13776 -0.0287372 0.0696411 0.261029 0.0775048
13792 -0.0905819 0.0698952 0.185851 0.0777875
13808 0.114351 0.0701502 0.186306 0.0780713
13824 0.126956 0.070406 0.170621 0.0783561
13840 0.0597348 0.0706629 0.0163619 0.0786419
13856 0.218679 0.0709207 0.0707047 0.0789288
13872 0.0432961 0.0711794 -0.0767619 0.0792167
13888 0.100144 0.071439 -0.182036 0.0795057
13904 0.0944827 0.0716996 -0.192872 0.0797957
13920 0.0466144 0.0719612 -0.149731 0.0800868
13936 -0.0776817 0.0722237 -0.211875 0.0803789
13952 -0.115278 0.0724872 -0.168266 0.0806722
13968 -0.311304 0.0727516 -0.0368359 0.0809664
13984 -0.133554 0.073017 -0.0386004 0.0812618
14000 -0.13994 0.0732833 0.129745 0.0815582
14016 -0.056505 0.0735507 0.138838 0.0818558
14032 -0.102787 0.073819 0.0443197 0.0821543
14048 0.0809488 0.0740883 0.312438 0.082454
14064 0.0606291 0.0743585 0.10697 0.0827548
14080 0.100307 0.0746298 0.0726106 0.0830567
14096 0.125428 0.074902 0.0324832 0.0833597
14112 0.147998 0.0751753 -0.0877418 0.0836638
14128 0.176051 0.0754495 -0.128857 0.083969
14144 -0.0431645 0.0757247 -0.114273 0.0842753
14160 0.0613046 0.076001 -0.205695 0.0845827
14176 0.0924342 0.0762782 -0.232749 0.0848913
14192 -0.0497383 0.0765565 -0.225229 0.0852009
14208 -0.0896457 0.0768358 -0.153013 0.0855118
14224 -0.114042 0.077116 -0.0460364 0.0858237
14240 -0.260865 0.0773973 -0.0378914 0.0861368
14256 -0.167674 0.0776797 0.279382 0.086451
14272 -0.213205 0.0779631 0.111594 0.0867664
14288 0.0680657 0.0782475 0.12546 0.0870829
14304 0.0111401 0.0785329 0.138465 0.0874005
14320 0.0432119 0.0788194 0.351786 0.0877194
14336 0.237937 0.0791069 0.133486 0.0880394
14352 0.100257 0.0793955 0.0847021 0.0883605
14368 0.250424 0.0796851 -0.0298637 0.0886829
14384 -0.0291233 0.0799758 -0.0491593 0.0890064
14400 -0.0427343 0.0802675 -0.192525 0.0893311
14416 -0.0484237 0.0805604 -0.124372 0.0896569
14432 -0.0786131 0.0808542 -0.149999 0.089984
14448 -0.138776 0.0811492 -0.196566 0.0903123
14464 -0.230467 0.0814452 0.0624392 0.0906417
14480 -0.261491 0.0817423 0.210803 0.0909724
14496 -0.0976614 0.0820405 0.0653222 0.0913042
14512 -0.0248822 0.0823398 0.0747127 0.0916373
14528 0.00116 0.0826401 0.18285 0.0919716
14544 0.114525 0.0829416 0.104249 0.0923071
14560 0.000225032 0.0832442 0.0743674 0.0926438
14576 0.152985 0.0835479 -0.0199755 0.0929818
14592 0.115064 0.0838526 0.00253781 0.0933209
14608 0.0845011 0.0841585 -0.0613479 0.0936614
14624 0.0187092 0.0844655 0.0367111 0.094003
14640 0.072616 0.0847736 -0.237453 0.094346
14656 0.0608176 0.0850829 -0.120887 0.0946901
14672 -0.0118335 0.0853933 -0.0850442 0.0950355
14688 -0.134941 0.0857048 0.0471868 0.0953822
14704 -0.0965382 0.0860174 -0.101945 0.0957302
14720 0.0310855 0.0863312 -0.138084 0.0960794
14736 -0.0852598 0.0866461 0.0640596 0.0964299
14752 -0.169824 0.0869622 0.0828865 0.0967816
14768 -0.233853 0.0872794 0.2819 0.0971347
14784 0.0963056 0.0875978 0.172725 0.097489
14800 0.0390899 0.0879174 0.164884 0.0978447
14816 0.116421 0.0882381 0.0313138 0.0982016
14832 0.0305227 0.08856 0.110995 0.0985598
14848 0.241765 0.088883 -0.0376941 0.0989194
14864 0.141096 0.0892073 -0.0450755 0.0992802
14880 0.139209 0.0895327 -0.131038 0.0996424
14896 -0.0301661 0.0898593 -0.186661 0.100006
14912 -0.0938233 0.0901871 -0.105382 0.100371
14928 -0.200447 0.0905161 0.0285868 0.100737
14944 -0.00955029 0.0908463 -0.292814 0.101104
14960 -0.290794 0.0911777 -0.00624181 0.101473
14976 -0.149427 0.0915103 0.268127 0.101843
14992 -0.214754 0.0918441 0.13145 0.102215
15008 -0.0527423 0.0921792 0.185431 0.102588
15024 0.0153394 0.0925154 0.144898 0.102962
15040 0.0972399 0.0928529 0.295436 0.103338
15056 0.0419292 0.0931916 0.044667 0.103714
15072 0.257056 0.0935316 0.0642255 0.104093
15088 0.207636 0.0938728 0.00566306 0.104473
15104 0.0643497 0.0942152 -0.12335 0.104854
15120 0.0950008 0.0945589 -0.151785 0.105236
15136 0.104985 0.0949038 -0.290686 0.10562
15152 -0.0223093 0.09525 -0.156677 0.106005
15168 0.0221187 0.0955975 -0.22386 0.106392
15184 -0.115874 0.0959462 -0.242889 0.10678
15200 -0.0128594 0.0962963 0.172931 0.10717
15216 -0.1746 0.0966475 0.0202587 0.107561
15232 -0.22211 0.0970001 0.0991737 0.107953
15248 -0.0120643 0.0973539 0.235798 0.108347
15264 -0.170068 0.0977091 -0.00883996 0.108742
15280 0.0106013 0.0980655 0.256672 0.109139
15296 0.183544 0.0984232 0.0756482 0.109537
15312 0.0882458 0.0987823 -0.0348191 0.109936
15328 0.256759 0.0991426 0.0519935 0.110337
15344 0.263171 0.0995043 -0.0536165 0.11074
15360 0.238829 0.0998673 -0.0892836 0.111144
15376 -0.017681 0.100232 -0.229776 0.111549
15392 -0.0881766 0.100597 0.000524808 0.111956
15408 -0.0964799 0.100964 -0.185241 0.112365
15424 -0.0900603 0.101333 -0.352791 0.112775
15440 -0.256338 0.101702 -0.0656984 0.113186
15456 -0.193076 0.102073 0.0504545 0.113599
15472 0.0335182 0.102446 -0.0946179 0.114013
15488 -0.239713 0.102819 0.258945 0.114429
15504 0.234014 0.103194 -0.0380664 0.114847
15520 0.188245 0.103571 0.217689 0.115266
15536 0.0772778 0.103949 0.178143 0.115686
15552 0.245688 0.104328 0.170205 0.116108
15568 0.110437 0.104708 0.0846335 0.116532
15584 0.174423 0.10509 -0.016281 0.116957
15600 0.176279 0.105474 -0.0907142 0.117383
15616 0.166606 0.105858 -0.274054 0.117812
15632 0.152972 0.106245 -0.0224943 0.118241
15648 -0.268954 0.106632 -0.14524 0.118673
15664 -0.174738 0.107021 -0.280588 0.119106
15680 -0.155162 0.107412 -0.170762 0.11954
15696 -0.0640144 0.107803 0.0285063 0.119976
15712 -0.0583125 0.108197 0.0203572 0.120414
15728 -0.169799 0.108591 0.0126346 0.120853
15744 -0.0145857 0.108987 0.155508 0.121294
15760 0.114826 0.109385 0.0286148 0.121736
15776 0.014994 0.109784 0.25 0.12218
15792 -0.027879 0.110185 -0.0169066 0.122626
15808 0.280377 0.110587 -0.0267017 0.123074
15824 0.12239 0.11099 0.0284129 0.123522
15840 0.187165 0.111395 0.0510725 0.123973
15856 -0.121013 0.111801 -0.0233545 0.124425
15872 -0.0445425 0.112209 -0.274901 0.124879
15888 -0.13541 0.112618 -0.521953 0.125335
15904 -0.0991976 0.113029 -0.0483033 0.125792
15920 -0.281454 0.113441 -0.365589 0.126251
15936 -0.152718 0.113855 0.0718947 0.126711
15952 -0.0152428 0.114271 -0.0663099 0.127174
15968 -0.0245444 0.114687 0.112635 0.127638
15984 -0.323304 0.115106 0.337592 0.128103
16000 -0.154678 0.115526 0.304782 0.12857
16016 0.0851617 0.115947 0.122848 0.129039
16032 0.0587479 0.11637 0.0463289 0.12951
16048 0.31953 0.116795 0.119037 0.129983
16064 0.0576547 0.117221 0.124236 0.130457
16080 0.0806562 0.117648 -0.0719443 0.130933
16096 0.0415289 0.118077 -0.180973 0.13141
16112 0.303097 0.118508 -0.286805 0.13189
16128 -0.0951123 0.118941 -0.122626 0.132371
16144 0.162722 0.119374 -0.0777712 0.132854
16160 -0.13727 0.11981 -0.0366196 0.133338
16176 -0.223836 0.120247 -0.0389842 0.133825
16192 -0.210822 0.120686 -0.0792707 0.134313
16208 0.0245761 0.121126 -0.0939607 0.134803
16224 -0.106795 0.121568 0.204804 0.135295
16240 -0.0626495 0.122011 0.0628168 0.135788
16256 -0.183636 0.122456 0.354678 0.136284
16272 0.0220215 0.122903 0.0833157 0.136781
16288 -0.151477 0.123351 0.0539585 0.13728
16304 0.0948498 0.123801 -0.0885534 0.13778
16320 0.0256565 0.124253 0.0134887 0.138283
16336 -0.0283097 0.124706 -0.147356 0.138788
16352 -0.186508 0.125161 -0.335829 0.139294
16368 -0.0646533 0.125618 0.134615 0.139802
16384 -0.0791976 0.126076 -0.0607484 0.140312
16400 -0.0329074 0.126536 -0.220624 0.140824
16416 -0.117852 0.126997 0.126519 0.141337
16432 -0.322043 0.127461 0.143726 0.141853
16448 -0.204985 0.127926 -0.0197579 0.142371
16464 -0.0681768 0.128392 0.284538 0.14289
16480 -0.0408083 0.128861 0.312247 0.143411
16496 -0.0890467 0.129331 0.158485 0.143934
16512 -0.0362829 0.129802 -0.0663315 0.144459
16528 0.0695361 0.130276 0.345652 0.144986
16544 0.246311 0.130751 -0.0727449 0.145515
16560 0.268972 0.131228 -0.174153 0.146046
16576 0.133022 0.131707 0.0575418 0.146579
16592 0.0462525 0.132187 0.0639851 0.147113
16608 -0.0612671 0.13267 -0.0843347 0.14765
16624 -0.0301531 0.133154 -0.113015 0.148189
16640 -0.183633 0.133639 -0.148807 0.148729
16656 0.153228 0.134127 -0.296917 0.149272
16672 0.182216 0.134616 0.0777222 0.149816
16688 -0.0819618 0.135107 0.0045587 0.150363
16704 0.0989041 0.1356 -0.0469127 0.150911
16720 -0.0671344 0.136095 0.0840183 0.151462
16736 -0.0472154 0.136591 0.0720175 0.152014
16752 0.151224 0.137089 0.00105428 0.152569
16768 -0.00195833 0.137589 0.16492 0.153126
16784 0.0494147 0.138091 -0.0480014 0.153684
16800 0.0326229 0.138595 0.00655006 0.154245
16816 0.0933286 0.139101 -0.0832693 0.154807
16832 0.239939 0.139608 -0.178294 0.155372
16848 -0.193172 0.140117 -0.207114 0.155939
16864 0.262057 0.140629 -0.126942 0.156508
16880 -0.0306201 0.141142 -0.266079 0.157079
16896 -0.159424 0.141656 -0.110237 0.157652
16912 0.110835 0.142173 -0.0695657 0.158227
16928 -0.140453 0.142692 0.111682 0.158804
16944 -0.209776 0.143212 -0.16276 0.159383
16960 0.255211 0.143735 0.114399 0.159965
16976 -0.28349 0.144259 0.344909 0.160548
16992 0.00809413 0.144785 0.0952981 0.161134
17008 -0.0705416 0.145314 0.0982635 0.161722
17024 0.428253 0.145844 -0.0727226 0.162312
17040 -0.0265448 0.146376 -0.00828276 0.162904
17056 0.249532 0.14691 0.0318226 0.163498
17072 0.166736 0.147446 0.00289714 0.164095
17088 -0.0790935 0.147983 -0.136349 0.164693
17104 0.00828225 0.148523 -0.0523035 0.165294
17120 0.0857923 0.149065 -0.0366516 0.165897
17136 0.0567626 0.149609 -0.0875931 0.166502
17152 -0.273345 0.150155 -0.115791 0.167109
17168 -0.221967 0.150702 -0.151396 0.167719
17184 -0.320186 0.151252 0.00378703 0.168331
17200 -0.25072 0.151804 -0.158531 0.168945
17216 -0.165759 0.152358 -0.248662 0.169561
17232 0.0305674 0.152913 0.170934 0.17018
17248 -0.0591992 0.153471 -0.122235 0.170801
17264 0.177524 0.154031 -0.0939557 0.171424
17280 0.00886829 0.154593 0.482212 0.172049
17296 0.0465296 0.155157 -0.168034 0.172677
17312 0.483081 0.155723 0.0414371 0.173307
17328 0.196347 0.156291 0.0425279 0.173939
17344 0.0104142 0.156861 -0.252829 0.174573
17360 -0.375359 0.157433 -0.0388516 0.17521
17376 -0.104966 0.158008 -0.222199 0.175849
17392 -0.207096 0.158584 0.0156537 0.176491
17408 -0.0723199 0.159162 -0.0937871 0.177135
17424 -0.297581 0.159743 -0.0857811 0.177781
17440 -0.0594195 0.160326 0.013189 0.178429
17456 -0.260125 0.160911 0.37539 0.17908
17472 -0.140624 0.161498 -0.205693 0.179733
17488 -0.11073 0.162087 0.154664 0.180389
17504 0.271417 0.162678 0.416801 0.181047
17520 0.0762358 0.163272 0.237592 0.181708
17536 -0.0187241 0.163867 0.398155 0.18237
17552 0.166073 0.164465 0.230798 0.183036
17568 0.503461 0.165065 -0.127886 0.183703
17584 0.00575593 0.165667 0.0499495 0.184374
17600 0.138262 0.166271 -0.137171 0.185046
17616 0.0132246 0.166878 -0.124894 0.185721
17632 -0.105121 0.167487 -0.387543 0.186399
17648 -0.0636868 0.168098 -0.577198 0.187079
17664 -0.25061 0.168711 -0.316535 0.187761
17680 -0.117518 0.169326 0.173891 0.188446
17696 -0.297179 0.169944 0.0254557 0.189133
17712 -0.316281 0.170564 0.164932 0.189823
17728 -0.00540327 0.171186 0.17244 0.190516
17744 -0.0679132 0.171811 0.329021 0.191211
17760 0.232134 0.172437 0.0100066 0.191908
17776 0.144013 0.173066 0.109261 0.192608
17792 0.254448 0.173698 0.233685 0.193311
17808 -0.166206 0.174331 -0.112028 0.194016
17824 0.0267201 0.174967 0.106337 0.194724
17840 -0.161589 0.175606 -0.117541 0.195434
17856 0.137628 0.176246 0.0467432 0.196147
17872 -0.103269 0.176889 -0.191718 0.196863
17888 -0.28892 0.177534 -0.296538 0.197581
17904 -0.0726933 0.178182 0.0123118 0.198302
17920 -0.467566 0.178832 0.312271 0.199025
17936 -0.0887192 0.179484 -0.266129 0.199751
17952 -0.409314 0.180139 0.102105 0.20048
17968 -0.0458679 0.180796 -0.322626 0.201211
17984 -0.0997135 0.181456 0.0353801 0.201945
18000 -0.259711 0.182118 -0.226218 0.202682
18016 0.293058 0.182782 -0.253795 0.203421
18032 0.0317363 0.183449 0.199352 0.204163
18048 0.213472 0.184118 0.219732 0.204908
18064 0.147071 0.18479 -0.37004 0.205655
18080 -0.159874 0.185464 -0.51667 0.206406
18096 0.065285 0.18614 -0.282724 0.207159
18112 -0.31824 0.186819 -0.518778 0.207914
18128 -0.190591 0.187501 0.0417197 0.208673
18144 -0.155888 0.188185 -0.0797029 0.209434
18160 -0.517935 0.188871 0.0749059 0.210198
18176 -0.127736 0.18956 0.00300858 0.210965
18192 0.0388999 0.190252 0.174567 0.211734
18208 0.0239289 0.190946 0.0402201 0.212507
18224 -0.141727 0.191642 -0.104878 0.213282
18240 -0.0705225 0.192341 0.133991 0.21406
18256 0.224878 0.193043 0.19401 0.214841
18272 0.587108 0.193747 0.0565588 0.215625
18288 -0.153704 0.194454 0.0569384 0.216411
18304 0.29038 0.195163 0.200837 0.217201
18320 -0.0355561 0.195875 -0.238279 0.217993
18336 -0.0563113 0.19659 -0.00602587 0.218788
18352 0.264822 0.197307 -0.340113 0.219586
18368 -0.0531488 0.198027 -0.16615 0.220387
18384 -0.0643728 0.198749 -0.275338 0.221191
18400 0.061575 0.199474 0.042008 0.221998
18416 -0.24804 0.200202 -0.0697935 0.222808
18432 -0.113916 0.200932 -0.198099 0.223621
18448 -0.444279 0.201665 0.129918 0.224436
18464 -0.177489 0.202401 0.568747 0.225255
18480 0.050458 0.203139 0.637642 0.226077
18496 0.075937 0.20388 0.359445 0.226902
18512 0.0498727 0.204624 0.663355 0.227729
18528 0.136615 0.20537 0.205513 0.22856
18544 -0.075684 0.20612 0.316018 0.229394
18560 0.0567045 0.206871 -0.186837 0.230231
18576 0.516015 0.207626 0.0924102 0.231071
18592 -0.10507 0.208384 -0.269025 0.231913
18608 0.0314672 0.209144 0.222302 0.232759
18624 -0.0606589 0.209907 -0.320482 0.233609
18640 0.00571488 0.210672 -0.344459 0.234461
18656 -0.048388 0.211441 -0.173668 0.235316
18672 -0.111521 0.212212 -0.114784 0.236174
18688 -0.318849 0.212986 -0.102216 0.237036
18704 -0.265808 0.213763 -0.0647449 0.237901
18720 0.546655 0.214543 -0.0420546 0.238769
18736 0.197576 0.215326 -0.0450572 0.23964
18752 -0.292112 0.216111 0.416657 0.240514
18768 0.0437366 0.2169 0.456665 0.241391
18784 -0.0729462 0.217691 0.029083 0.242272
18800 -0.051281 0.218485 0.382142 0.243155
18816 0.114928 0.219282 -0.00767232 0.244042
18832 -0.0235896 0.220082 -0.12048 0.244933
18848 0.0239941 0.220885 0.0233586 0.245826
18864 -0.378376 0.22169 -0.320391 0.246723
18880 -0.177901 0.222499 -0.335865 0.247623
18896 -0.612626 0.223311 -0.0339154 0.248526
18912 -0.179901 0.224125 -0.0146646 0.249433
18928 -0.0189963 0.224943 -0.0729162 0.250343
18944 -0.147394 0.225764 -0.265691 0.251256
18960 -0.0508761 0.226587 0.0476232 0.252173
18976 -0.0443633 0.227414 0.30694 0.253092
18992 0.0754376 0.228243 0.194134 0.254016
19008 0.273048 0.229076 -0.0608626 0.254942
19024 0.190151 0.229912 -0.439214 0.255872
19040 0.22371 0.23075 0.531461 0.256806
19056 0.286064 0.231592 -0.265103 0.257743
19072 -0.248701 0.232437 0.178094 0.258683
19088 0.163797 0.233285 -0.983064 0.259626
19104 -0.060902 0.234136 0.121487 0.260574
19120 -0.047019 0.23499 -0.110998 0.261524
19136 -0.2668 0.235847 -0.0179799 0.262478
19152 -0.337051 0.236707 0.0446489 0.263436
19168 -0.204951 0.237571 -0.055142 0.264397
19184 0.0462885 0.238438 -0.28432 0.265361
19200 -0.279082 0.239307 0.180947 0.266329
19216 0.0735912 0.24018 0.0822989 0.267301
19232 0.187181 0.241057 0.505241 0.268276
19248 -0.00365084 0.241936 0.0229514 0.269254
19264 0.0229274 0.242818 -0.156139 0.270237
19280 0.36095 0.243704 -0.25738 0.271222
19296 0.424976 0.244593 -0.231854 0.272212
19312 0.0154674 0.245485 0.126272 0.273205
19328 0.0559027 0.246381 -0.355612 0.274201
19344 -0.228235 0.24728 -0.153884 0.275202
19360 -0.267787 0.248182 0.0126942 0.276206
19376 -0.326107 0.249087 -0.826038 0.277213
19392 -0.545213 0.249996 0.151723 0.278224
19408 -0.370107 0.250908 -0.146747 0.279239
19424 -0.349879 0.251823 0.0950824 0.280258
19440 0.216465 0.252742 -0.123 0.28128
19456 -0.0820705 0.253664 -0.108344 0.282306
19472 0.047881 0.254589 -0.162839 0.283336
19488 0.0457191 0.255518 0.399017 0.28437
19504 0.216002 0.25645 0.290586 0.285407
19520 0.511256 0.257385 -0.0540124 0.286448
19536 0.197608 0.258324 -0.0353467 0.287493
19552 0.0590444 0.259267 0.154836 0.288542
19568 -0.26622 0.260212 0.265475 0.289595
19584 0.0441734 0.261162 -0.0506967 0.290651
19600 0.0129506 0.262114 -0.379294 0.291711
19616 0.00353347 0.263071 0.156079 0.292775
19632 -0.497916 0.26403 0.00372782 0.293844
19648 -0.10465 0.264993 0.387889 0.294915
19664 0.204627 0.26596 0.188677 0.295991
19680 -0.166513 0.26693 0.0729491 0.297071
19696 -0.157228 0.267904 -0.205936 0.298155
19712 0.142172 0.268881 0.257843 0.299242
19728 0.362557 0.269862 0.28477 0.300334
19744 0.201512 0.270847 0.787871 0.30143
19760 0.382369 0.271835 0.192884 0.302529
19776 -0.112727 0.272826 -0.00782534 0.303633
19792 0.354481 0.273821 0.48534 0.30474
19808 0.0565644 0.27482 0.159823 0.305852
19824 0.0964 0.275823 0.372029 0.306968
19840 0.368015 0.276829 0.433416 0.308088
19856 -0.405132 0.277839 0.528505 0.309211
19872 -0.126644 0.278852 0.158303 0.310339
19888 -0.349365 0.27987 0.1824 0.311472
19904 -0.114681 0.280891 0.570783 0.312608
19920 -0.255714 0.281915 0.225031 0.313748
19936 -0.299855 0.282944 -0.284578 0.314893
19952 0.178807 0.283976 0.280602 0.316041
19968 0.247825 0.285012 0.277575 0.317194
19984 -0.167083 0.286051 0.845332 0.318351
20000 -0.0355925 0.287095 0.117566 0.319513
20016 0.0456081 0.288142 0.261517 0.320678
20032 -0.239039 0.289193 0.697533 0.321848
20048 -0.0466679 0.290248 0.591454 0.323022
20064 -0.0291422 0.291307 0.120585 0.3242
20080 0.23644 0.29237 0.310248 0.325383
20096 -0.0116266 0.293436 -0.450245 0.32657
20112 -0.244798 0.294507 -0.0515675 0.327761
20128 -0.243897 0.295581 0.176622 0.328957
20144 -0.207682 0.296659 -0.176975 0.330157
20160 -0.453109 0.297742 -0.060727 0.331361
20176 -0.284868 0.298828 -0.0681661 0.33257
20192 -0.0266624 0.299918 0.0811189 0.333783
20208 0.359581 0.301012 0.0822611 0.335001
20224 0.202402 0.30211 0.85583 0.336223
20240 -0.211956 0.303212 0.394288 0.33745
20256 0.36898 0.304318 0.00408133 0.338681
20272 -0.00614653 0.305428 -0.116337 0.339916
20288 0.668627 0.306542 -0.198248 0.341156
20304 0.538126 0.307661 -0.118344 0.3424
20320 -0.20248 0.308783 0.101773 0.34365
20336 0.102612 0.309909 -0.48364 0.344903
20352 -0.243731 0.31104 0.0327684 0.346161
20368 0.417068 0.312174 0.224085 0.347424
20384 -0.488376 0.313313 -0.06573 0.348691
20400 -0.135895 0.314456 0.765558 0.349963
20416 -0.107655 0.315603 0.318806 0.35124
20432 -0.411784 0.316755 0.464243 0.352521
20448 0.106711 0.31791 0.211846 0.353807
20464 -0.00205922 0.31907 -0.258523 0.355098
20480 0.619863 0.320234 0.461927 0.356393
20496 0.279432 0.321402 0.479435 0.357693
20512 -0.131556 0.322574 0.0790161 0.358998
20528 -0.117987 0.323751 -0.999643 0.360308
20544 0.337641 0.324932 -0.18886 0.361622
20560 0.029516 0.326117 0.25376 0.362941
20576 0.278962 0.327307 -0.204884 0.364266
20592 -0.0330818 0.328501 -0.784515 0.365594
20608 0.217258 0.3297 0.435316 0.366928
20624 -0.255993 0.330902 -0.262281 0.368267
20640 -0.0140035 0.332109 0.0843126 0.36961
20656 0.205653 0.333321 0.0348614 0.370958
20672 -0.213519 0.334537 0.769535 0.372312
20688 -0.0915258 0.335757 -0.366044 0.37367
20704 0.161434 0.336982 0.196185 0.375033
20720 -0.409604 0.338211 0.349822 0.376401
20736 -0.455668 0.339445 -0.143586 0.377774
20752 -0.670603 0.340683 -0.0315822 0.379152
20768 -0.499881 0.341926 -0.287356 0.380535
20784 0.280319 0.343173 0.535133 0.381923
20800 0.304282 0.344425 0.159927 0.383317
20816 0.50166 0.345682 -0.462937 0.384715
20832 -0.312729 0.346943 0.0322683 0.386118
20848 -0.118491 0.348208 -0.495659 0.387527
20864 -0.196642 0.349479 -0.437385 0.38894
20880 -0.317707 0.350753 0.0371384 0.390359
20896 -0.128351 0.352033 -0.0224652 0.391783
20912 -0.204367 0.353317 -0.222061 0.393212
20928 0.166012 0.354606 -0.100796 0.394647
20944 0.012657 0.3559 -0.218726 0.396087
20960 -0.231987 0.357198 0.147883 0.397531
20976 -0.0668958 0.358501 0.732043 0.398982
20992 -0.136682 0.359809 -0.354171 0.400437
21008 0.504266 0.361121 0.401759 0.401898
21024 -0.149677 0.362439 -0.127488 0.403364
21040 -0.473551 0.363761 -0.123965 0.404835
21056 -0.0422017 0.365088 -0.802874 0.406312
21072 0.497703 0.36642 -0.864675 0.407794
21088 0.252712 0.367756 -0.310345 0.409282
21104 -0.0574196 0.369098 -0.151185 0.410775
21120 0.12783 0.370444 0.549352 0.412273
21136 -0.180337 0.371796 -0.401938 0.413777
21152 0.279807 0.373152 0.328074 0.415287
21168 0.183114 0.374513 0.412927 0.416802
21184 0.586847 0.375879 -0.0813243 0.418322
21200 0.372571 0.37725 -0.298632 0.419848
21216 -0.337902 0.378627 0.565375 0.42138
21232 -0.169609 0.380008 0.565073 0.422917
21248 0.567863 0.381394 -0.878353 0.42446
21264 0.345379 0.382785 0.612484 0.426008
21280 0.622431 0.384182 -0.860326 0.427562
21296 -0.334176 0.385583 -0.93416 0.429122
21312 -0.152529 0.38699 0.689537 0.430687
21328 -0.224989 0.388402 -0.298109 0.432258
21344 -0.139075 0.389818 -0.438104 0.433835
21360 -0.163306 0.39124 0.216712 0.435418
21376 -0.243969 0.392668 0.423993 0.437006
21392 -0.236375 0.3941 -0.718505 0.4386
21408 0.427056 0.395538 0.0994901 0.4402
21424 0.506765 0.396981 -0.262329 0.441806
21440 0.195271 0.398429 0.596251 0.443418
21456 -0.0660597 0.399882 0.39924 0.445035
21472 -0.200344 0.401341 -0.203084 0.446659
21488 0.159297 0.402805 -0.0366532 0.448288
21504 0.355986 0.404274 -0.851589 0.449923
21520 0.199192 0.405749 0.292314 0.451565
21536 0.242876 0.407229 0.0353906 0.453212
21552 0.339148 0.408715 0.229194 0.454865
21568 0.371416 0.410206 0.00425607 0.456525
21584 -1.12587 0.411702 -0.223422 0.45819
21600 -0.00732107 0.413204 0.0656809 0.459861
21616 -0.941982 0.414711 -0.474355 0.461539
21632 -0.598562 0.416224 0.838655 0.463223
21648 -0.620175 0.417742 -0.28049 0.464912
21664 -0.0936109 0.419266 -0.335449 0.466608
21680 0.420522 0.420796 0.0986765 0.468311
21696 -0.000244907 0.422331 0.381732 0.470019
21712 0.518204 0.423871 0.983787 0.471733
21728 0.467234 0.425418 0.547672 0.473454
21744 -0.311783 0.42697 0.715046 0.475182
21760 0.0542759 0.428527 0.685349 0.476915
21776 -0.830724 0.43009 0.7282 0.478655
21792 -0.251977 0.431659 -0.0616865 0.480401
21808 0.213982 0.433234 0.338239 0.482153
21824 0.930122 0.434814 0.15905 0.483912
21840 -0.0166945 0.436401 -0.302313 0.485677
21856 -0.498189 0.437993 0.16686 0.487449
21872 -0.290956 0.43959 -0.0604425 0.489227
21888 -0.13168 0.441194 0.16955 0.491012
21904 -0.171904 0.442803 -1.25739 0.492803
21920 0.286576 0.444419 0.357343 0.494601
21936 -0.33268 0.44604 -0.0280706 0.496405
21952 0.345045 0.447667 0.105316 0.498216
21968 0.509822 0.4493 -0.161502 0.500033
21984 0.804312 0.450939 -0.658129 0.501857
22000 0.90929 0.452584 0.134897 0.503688
22016 0.0248889 0.454235 -0.0958444 0.505525
22032 0.692567 0.455892 -0.0829004 0.50737
22048 -0.241932 0.457555 0.822894 0.50922
22064 -0.120007 0.459224 -0.188781 0.511078
22080 0.366935 0.460899 -0.432189 0.512942
22096 -0.0491767 0.462581 0.585113 0.514814
22112 -0.568593 0.464268 -0.555474 0.516692
22128 -0.4319 0.465962 0.671563 0.518576
22144 -0.319883 0.467661 0.998266 0.520468
22160 0.113068 0.469368 0.138072 0.522367
22176 -0.559801 0.47108 -0.134372 0.524272
22192 0.0670846 0.472798 -0.770437 0.526185
22208 0.372776 0.474523 0.0564047 0.528104
22224 -0.309138 0.476254 -0.32136 0.530031
22240 -0.0143864 0.477991 -0.800634 0.531964
22256 0.650167 0.479735 -0.44457 0.533905
22272 0.876189 0.481485 0.343498 0.535852
22288 0.506561 0.483241 -0.0572689 0.537807
22304 -0.0911656 0.485004 -0.307706 0.539769
22320 -0.0741847 0.486773 -0.0135434 0.541738
22336 -0.421273 0.488549 -0.40323 0.543714
22352 -0.849849 0.490331 0.193329 0.545698
22368 0.793726 0.49212 -0.430188 0.547688
22384 -1.44299 0.493915 0.115502 0.549686
22400 -0.176177 0.495717 -0.551294 0.551692
22416 -0.263814 0.497525 -0.153254 0.553704
22432 1.05559 0.49934 0.828731 0.555724
22448 0.532737 0.501162 0.964346 0.557751
22464 -0.0801076 0.50299 0.548539 0.559786
22480 -0.429098 0.504825 -0.323458 0.561828
22496 0.185402 0.506666 0.0854488 0.563877
22512 -0.129582 0.508515 0.237002 0.565934
22528 0.480522 0.51037 -0.421683 0.567999
22544 -0.566639 0.512231 0.0523356 0.570071
22560 0.511282 0.5141 -0.266773 0.57215
22576 0.0535585 0.515976 -0.880126 0.574238
22592 -0.929915 0.517858 0.348112 0.576332
22608 -0.270611 0.519747 -1.90405 0.578435
22624 0.361617 0.521643 1.18371 0.580545
22640 -0.0420993 0.523546 -0.104971 0.582663
22656 1.2897 0.525456 -1.82551 0.584788
22672 0.0852334 0.527372 -1.12535 0.586921
22688 -0.27692 0.529296 -0.592335 0.589062
22704 -0.275347 0.531227 -0.0263377 0.591211
22720 -0.450325 0.533165 0.325843 0.593368
22736 0.119313 0.53511 0.458883 0.595532
22752 0.129888 0.537062 -0.305149 0.597705
22768 0.606353 0.539021 -0.547678 0.599885
22784 -0.517899 0.540987 0.482581 0.602074
22800 -1.05909 0.542961 -0.362551 0.60427
22816 -0.965263 0.544942 -0.191109 0.606474
22832 0.101685 0.546929 0.193672 0.608687
22848 -0.265613 0.548925 0.452737 0.610907
22864 0.253798 0.550927 0.444242 0.613136
22880 0.67308 0.552937 0.607454 0.615372
22896 0.296477 0.554954 -0.854754 0.617617
22912 0.348416 0.556978 -0.78046 0.61987
22928 0.359767 0.55901 0.472024 0.622131
22944 0.368181 0.561049 1.43929 0.624401
22960 -0.289518 0.563096 -0.472265 0.626679
22976 0.144345 0.56515 0.783238 0.628965
22992 0.890341 0.567212 0.742448 0.631259
23008 -0.162951 0.569281 0.452177 0.633562
23024 0.631638 0.571357 -1.3661 0.635873
23040 0.562478 0.573442 -0.69716 0.638193
23056 -1.42199 0.575534 0.320762 0.640521
23072 0.800096 0.577633 -1.10726 0.642857
23088 -1.78047 0.57974 0.43153 0.645202
23104 0.372727 0.581855 -0.637038 0.647556
23120 0.280289 0.583978 0.740165 0.649918
23136 -0.0457171 0.586108 -0.241274 0.652289
23152 -1.36245 0.588246 0.396998 0.654669
23168 0.0300527 0.590392 -0.0549081 0.657057
23184 -1.19591 0.592546 0.231179 0.659454
23200 -0.542129 0.594707 0.0636507 0.661859
23216 0.0235981 0.596877 -0.659497 0.664274
23232 0.0460472 0.599054 0.231525 0.666697
23248 0.935423 0.601239 -0.560458 0.669129
23264 0.882684 0.603433 -0.643551 0.67157
23280 0.560555 0.605634 0.855937 0.67402
23296 -0.259061 0.607843 -0.149694 0.676479
23312 -0.0431904 0.610061 -0.672836 0.678946
23328 -0.400411 0.612286 0.406614 0.681423
23344 0.926951 0.61452 -1.87421 0.683909
23360 -0.2694 0.616761 -1.22733 0.686404
23376 -0.292131 0.619011 1.67106 0.688908
23392 -0.677291 0.621269 0.467407 0.691421
23408 0.72529 0.623536 -0.822493 0.693943
23424 1.54377 0.62581 0.0162947 0.696474
23440 0.770071 0.628093 0.4951 0.699015
23456 -0.805315 0.630384 1.36558 0.701565
23472 0.997758 0.632684 -0.916195 0.704124
23488 0.578202 0.634992 -0.226666 0.706693
23504 -0.8038 0.637308 -0.565955 0.709271
23520 -0.81653 0.639633 0.903135 0.711858
23536 0.189989 0.641967 0.743963 0.714455
23552 0.155059 0.644308 0.520582 0.717061
23568 0.0969006 0.646659 0.624889 0.719677
23584 0.678137 0.649018 -0.112464 0.722302
23600 0.301809 0.651385 0.0312771 0.724937
23616 -1.21886 0.653761 -0.288707 0.727582
23632 -1.15708 0.656146 -0.584361 0.730236
23648 0.920288 0.65854 -1.51517 0.7329
23664 1.32313 0.660942 0.757865 0.735573
23680 0.462119 0.663353 -0.146772 0.738257
23696 -0.408172 0.665773 -0.476632 0.74095
23712 0.677532 0.668202 0.0116833 0.743653
23728 0.889742 0.670639 -0.0983973 0.746365
23744 1.04023 0.673086 -0.381923 0.749088
23760 -0.86162 0.675541 -0.730811 0.751821
23776 -0.391169 0.678005 0.00375199 0.754563
23792 -0.108368 0.680479 0.556303 0.757316
23808 -0.177401 0.682961 -0.144561 0.760078
23824 0.565751 0.685452 0.941188 0.762851
23840 0.078984 0.687953 0.44982 0.765634
23856 -1.47304 0.690462 -0.31712 0.768427
23872 -0.86385 0.692981 0.248865 0.77123
23888 -0.947405 0.695509 0.183241 0.774044
23904 0.537857 0.698046 0.360615 0.776867
23920 -0.165913 0.700593 1.23278 0.779701
23936 -0.522643 0.703149 -0.130424 0.782546
23952 -1.34386 0.705714 -0.246977 0.7854
23968 -0.0737695 0.708288 1.30049 0.788265
23984 -0.141736 0.710872 -0.629697 0.791141
24000 -0.164037 0.713465 1.46515 0.794027
24016 0.614103 0.716068 1.14577 0.796923
24032 0.16482 0.71868 -0.636783 0.79983
24048 -0.592863 0.721301 -0.327001 0.802748
24064 0.208339 0.723933 -0.375142 0.805676
24080 -0.364649 0.726573 -0.105314 0.808616
24096 -0.16151 0.729224 0.210178 0.811565
24112 -1.87831 0.731884 0.83081 0.814526
24128 -0.308053 0.734554 -1.47732 0.817497
24144 -0.484847 0.737233 0.83706 0.820479
24160 0.100657 0.739923 -0.0409631 0.823472
24176 -1.02246 0.742622 -0.44878 0.826476
24192 -0.398493 0.745331 -0.572371 0.829491
24208 0.400247 0.74805 -1.53106 0.832517
24224 -0.849424 0.750779 -0.419354 0.835554
24240 0.239067 0.753518 -0.785459 0.838602
24256 -1.00496 0.756266 0.753583 0.841661
24272 1.24332 0.759025 -0.560931 0.844731
24288 1.23225 0.761794 0.0427419 0.847813
24304 -0.800355 0.764573 2.06759 0.850906
24320 -1.60741 0.767362 -0.328081 0.85401
24336 0.0259014 0.770161 -0.680693 0.857125
24352 1.03052 0.772971 0.0844473 0.860252
24368 0.108906 0.775791 -0.848158 0.86339
24384 -0.777834 0.778621 -0.507635 0.86654
24400 -0.839452 0.781461 -1.2687 0.869701
24416 0.834044 0.784312 1.9732 0.872873
24432 1.15539 0.787173 0.417709 0.876057
24448 0.911364 0.790044 1.39223 0.879253
24464 1.28911 0.792926 -1.15422 0.882461
24480 1.39042 0.795819 -0.0155725 0.88568
24496 0.587093 0.798722 0.0468502 0.888911
24512 -0.253324 0.801636 0.962867 0.892153
24528 -0.409436 0.80456 -1.25061 0.895408
24544 -0.208403 0.807495 1.1591 0.898674
24560 -1.01954 0.81044 -1.30892 0.901953
24576 -0.341244 0.813397 -0.138693 0.905243
24592 0.403638 0.816364 -0.396262 0.908545
24608 0.223984 0.819342 -0.438653 0.911859
24624 -1.73827 0.822331 0.748786 0.915186
24640 0.776471 0.825331 1.40706 0.918524
24656 -0.242957 0.828342 1.6228 0.921875
24672 1.31016 0.831363 -0.328403 0.925238
24688 0.744447 0.834396 0.451949 0.928613
24704 -1.99609 0.83744 0.674195 0.932
24720 -0.95536 0.840495 1.23093 0.9354
24736 -0.145551 0.843561 -0.990357 0.938813
24752 0.673759 0.846638 -0.15506 0.942237
24768 1.11924 0.849727 -1.05547 0.945675
24784 1.5323 0.852826 -0.0340161 0.949124
24800 -1.17751 0.855937 0.343492 0.952587
24816 0.916125 0.85906 1.88728 0.956062
24832 -0.547413 0.862193 1.75502 0.959549
24848 1.16086 0.865339 0.22526 0.96305
24864 -2.00966 0.868495 -2.07791 0.966563
24880 -0.541573 0.871664 -2.06663 0.970089
24896 -0.149249 0.874843 -1.02907 0.973627
24912 -0.408603 0.878035 1.24067 0.977179
24928 0.403385 0.881238 0.0486326 0.980744
24944 -1.40987 0.884452 0.231819 0.984321
24960 -0.546124 0.887679 -1.68564 0.987912
24976 -0.693793 0.890917 -0.209529 0.991516
24992 1.56177 0.894167 0.802617 0.995133
25008 2.34339 0.897429 -0.95591 0.998763
25024 1.14985 0.900703 -0.0526739 1.00241
25040 0.446548 0.903988 -0.938659 1.00606
25056 0.390631 0.907286 -1.75534 1.00973
25072 1.99041 0.910596 0.438258 1.01342
25088 -0.466575 0.913917 1.16906 1.01711
25104 -0.307958 0.917251 -0.65738 1.02082
25120 0.814745 0.920597 -1.82624 1.02455
25136 0.0378988 0.923956 -0.293403 1.02829
25152 1.22441 0.927326 -0.473664 1.03204
25168 0.537991 0.930709 -0.489294 1.0358
25184 -0.934612 0.934104 -0.0404481 1.03958
25200 -0.404497 0.937512 -3.92358E-005 1.04337
25216 -0.592822 0.940932 0.673308 1.04718
25232 0.761145 0.944364 0.370743 1.051
25248 -1.37045 0.947809 0.579074 1.05483
25264 -0.716425 0.951266 -0.911725 1.05868
25280 -0.0490787 0.954737 -1.07029 1.06254
25296 1.61727 0.958219 -2.35096 1.06642
25312 -0.627509 0.961715 0.995835 1.07031
25328 -0.0356785 0.965223 0.416263 1.07421
25344 -0.515638 0.968744 0.956556 1.07813
25360 -0.339795 0.972278 1.52814 1.08206
25376 0.531315 0.975825 -0.056979 1.08601
25392 1.33426 0.979385 -0.472289 1.08997
25408 0.0463057 0.982957 0.3017 1.09395
25424 1.12592 0.986543 -3.86216 1.09794
25440 -0.114994 0.990142 -1.66544 1.10195
25456 2.4454 0.993754 -3.00673 1.10596
25472 0.516431 0.997379 0.0386721 1.11
25488 0.893525 1.00102 -0.0517956 1.11405
25504 -0.600609 1.00467 2.53191 1.11811
25520 2.14572 1.00833 1.04054 1.12219
25536 -0.908658 1.01201 -0.357949 1.12629
25552 -0.610972 1.0157 -3.0773 1.13039
25568 0.501779 1.01941 -0.825371 1.13452
25584 -0.543096 1.02313 -1.00219 1.13866
25600 2.51782 1.02686 -0.597864 1.14281
25616 1.73357 1.03061 1.79298 1.14698
25632 2.41085 1.03437 -1.51671 1.15116
25648 0.95458 1.03814 0.495463 1.15536
25664 -1.31367 1.04193 -1.67552 1.15958
25680 -0.107808 1.04573 -1.30551 1.16381
25696 1.08764 1.04954 -2.33306 1.16805
25712 0.496216 1.05337 1.21712 1.17231
25728 0.375778 1.05721 -0.287478 1.17659
25744 -0.743868 1.06107 0.0900042 1.18088
25760 0.990161 1.06494 2.52924 1.18519
25776 -3.49076 1.06883 -1.97871 1.18951
25792 -1.43808 1.07272 0.23682 1.19385
25808 -1.19176 1.07664 0.00217388 1.19821
25824 -1.94652 1.08056 2.76067 1.20258
25840 -0.167307 1.08451 -0.730326 1.20696
25856 -1.81372 1.08846 0.509279 1.21137
25872 -0.9252 1.09243 0.560874 1.21579
25888 0.672201 1.09642 1.19443 1.22022
25904 2.07966 1.10042 4.05183 1.22467
25920 -0.43601 1.10443 -1.60244 1.22914
25936 -0.0306569 1.10846 1.00858 1.23362
25952 -2.55456 1.1125 1.95618 1.23812
25968 -0.906336 1.11656 -1.34364 1.24264
25984 -0.177584 1.12064 0.098198 1.24717
26000 1.4771 1.12472 -2.89376 1.25172
26016 -1.1829 1.12883 -6.92791 1.25629
26032 1.35079 1.13295 -1.96947 1.26087
26048 1.87266 1.13708 3.13425 1.26547
26064 -0.511196 1.14123 -0.239164 1.27009
26080 -0.0792756 1.14539 -0.708178 1.27472
26096 0.367227 1.14957 2.06815 1.27937
26112 0.561207 1.15376 0.0845641 1.28404
26128 -2.93366 1.15797 -0.637547 1.28872
26144 -1.22341 1.16219 -3.64372 1.29342
26160 0.974052 1.16643 -0.215469 1.29814
26176 -1.89495 1.17069 0.890617 1.30288
26192 -0.434116 1.17496 2.24153 1.30763
26208 -1.33033 1.17924 0.589659 1.3124
26224 -3.08829 1.18355 -0.0738137 1.31719
26240 -1.26436 1.18786 -3.39696 1.32199
26256 -1.17513 1.1922 0.223003 1.32682
26272 0.957826 1.19655 1.08098 1.33166
26288 -0.157878 1.20091 1.46575 1.33651
26304 -1.40003 1.20529 0.103221 1.34139
26320 -1.65401 1.20969 -0.402574 1.34628
26336 -0.945333 1.2141 1.34279 1.35119
26352 -0.746703 1.21853 -0.201739 1.35612
26368 1.3068 1.22298 0.570603 1.36107
26384 -1.2515 1.22744 2.60199 1.36603
26400 0.500308 1.23191 2.41933 1.37102
26416 0.0463057 1.23641 0.3017 1.37602
26432 0.615437 1.24092 -0.603829 1.38104
26448 -0.159205 1.24545 -4.4057 1.38608
26464 0.459844 1.24999 -1.42144 1.39113
26480 -1.21456 1.25455 -0.984193 1.39621
26496 -1.25176 1.25913 -3.07694 1.4013
26512 0.726539 1.26372 -1.36412 1.40641
26528 -0.98783 1.26833 1.29838 1.41154
26544 0.729809 1.27296 1.22425 1.41669
26560 0.440728 1.2776 -4.44605 1.42186
26576 0.300452 1.28226 -0.0600019 1.42705
26592 -0.414399 1.28694 -0.740157 1.43225
26608 0.756921 1.29163 -1.43853 1.43748
26624 0.0463057 1.29634 0.3017 1.44272
26640 -0.611648 1.30107 0.192983 1.44798
26656 1.33541 1.30582 0.969123 1.45327
26672 0.302191 1.31058 1.53163 1.45857
26688 -0.0372872 1.31536 -0.157549 1.46389
26704 2.17781 1.32016 -0.153913 1.46923
26720 -2.28805 1.32498 -2.97431 1.47459
26736 0.66556 1.32981 -0.0319301 1.47997
26752 1.36118 1.33466 -8.07181 1.48537
26768 -0.94959 1.33953 2.2258 1.49079
26784 -2.00104 1.34442 1.0177 1.49622
26800 -2.6161 1.34932 2.23197 1.50168
26816 -1.91356 1.35424 -5.09244 1.50716
26832 1.46723 1.35918 0.31677 1.51266
26848 -1.33035 1.36414 -1.14516 1.51818
26864 0.546918 1.36912 1.9646 1.52371
26880 -3.64725 1.37411 -0.494404 1.52927
26896 -0.11033 1.37913 -1.412 1.53485
26912 1.97298 1.38416 1.03619 1.54045
26928 -2.04102 1.38921 -0.864224 1.54607
26944 -1.0834 1.39427 -5.03028 1.55171
26960 0.306089 1.39936 0.798888 1.55737
26976 -2.70221 1.40446 0.330781 1.56305
26992 1.58938 1.40959 -0.725659 1.56875
27008 1.83498 1.41473 -1.88216 1.57448
27024 -0.285181 1.41989 2.88066 1.58022
27040 1.22913 1.42507 -1.49256 1.58598
27056 1.63286 1.43027 2.91864 1.59177
27072 -0.221119 1.43549 1.81983 1.59758
27088 -1.56974 1.44072 -0.926398 1.6034
27104 1.72223 1.44598 0.463569 1.60925
27120 1.79229 1.45125 -1.69797 1.61512
27136 3.4257 1.45655 -0.122587 1.62101
27152 -0.510124 1.46186 1.25942 1.62693
27168 1.2866 1.46719 -0.0563521 1.63286
27184 0.0463057 1.47255 0.3017 1.63882
27200 -3.33786 1.47792 -4.69431 1.6448
27216 0.246825 1.48331 -7.68915 1.6508
27232 -0.0694127 1.48872 -2.26339 1.65682
27248 -2.16372 1.49415 0.763987 1.66286
27264 0.272416 1.4996 -0.589951 1.66893
27280 -2.64139 1.50507 3.93687 1.67502
27296 2.90154 1.51056 -0.325587 1.68113
27312 -0.0411289 1.51607 -2.06079 1.68726
27328 0.0463057 1.5216 0.3017 1.69342
27344 -1.63729 1.52715 1.28059 1.69959
27360 2.02616 1.53272 0.724064 1.70579
27376 1.42723 1.53832 1.68391 1.71202
27392 2.03072 1.54393 -0.254298 1.71826
27408 0.566209 1.54956 1.65401 1.72453
27424 2.27539 1.55521 2.33598 1.73082
27440 0.0234801 1.56088 1.57716 1.73713
27456 1.07772 1.56658 -3.40902 1.74347
27472 -1.77625 1.57229 -1.92009 1.74983
27488 0.0463057 1.57803 0.3017 1.75621
27504 -0.657961 1.58379 2.32078 1.76262
27520 1.11209 1.58956 1.74023 1.76905
27536 -1.31509 1.59536 3.88038 1.7755
27552 -3.85322 1.60118 -2.84289 1.78198
27568 0.0463057 1.60702 0.3017 1.78848
27584 1.99946 1.61288 -0.305404 1.79501
27600 -0.77384 1.61877 2.49602 1.80155
27616 -1.90811 1.62467 1.99226 1.80813
27632 2.99081 1.6306 -2.15254 1.81472
27648 -1.97438 1.63655 -3.50315 1.82134
27664 -0.665692 1.64252 5.96311 1.82799
27680 1.20386 1.64851 -2.53303 1.83465
27696 0.936759 1.65452 -2.73618 1.84135
27712 1.72509 1.66056 -2.3698 1.84806
27728 0.487091 1.66662 2.23767 1.85481
27744 1.93818 1.6727 -1.44535 1.86157
27760 -3.79125 1.6788 -4.06046 1.86836
27776 0.0584754 1.68492 -3.30207 1.87518
27792 -1.79208 1.69107 2.0735 1.88202
27808 1.2733 1.69724 -2.70309 1.88888
27824 -1.13614 1.70343 -1.66111 1.89577
27840 0.71952 1.70964 -3.01061 1.90269
27856 1.57924 1.71588 2.48816 1.90963
27872 -0.391763 1.72214 0.83274 1.9166
27888 -1.77528 1.72842 4.04698 1.92359
27904 1.3749 1.73473 2.20154 1.93061
27920 1.24914 1.74106 2.83105 1.93765
27936 2.49378 1.74741 0.53809 1.94472
27952 -4.37895 1.75378 -0.566714 1.95181
27968 -3.84728 1.76018 5.52717 1.95893
27984 2.88544 1.7666 1.81191 1.96608
28000 -0.0625969 1.77304 2.007 1.97325
28016 -2.37705 1.77951 -3.71951 1.98045
28032 0.781 1.786 -3.3131 1.98767
28048 1.90586 1.79252 -2.48122 1.99492
28064 4.78367 1.79906 -0.902389 2.0022
28080 2.06409 1.80562 4.23346 2.0095
28096 -9.70359 1.81221 -6.69806 2.01683
28112 -2.14725 1.81882 3.36251 2.02419
28128 0.0463058 1.82545 0.3017 2.03158
28144 0.250317 1.83211 -3.64542 2.03899
28160 -0.548189 1.8388 2.12124 2.04643
28176 -4.59122 1.8455 -4.96979 2.05389
28192 0.957675 1.85224 2.20428 2.06138
28208 0.0463057 1.85899 0.3017 2.0689
28224 3.77237 1.86577 1.09156 2.07645
28240 -2.83838 1.87258 0.302759 2.08402
28256 -3.17331 1.87941 0.250802 2.09163
28272 0.120013 1.88627 -0.833494 2.09926
28288 -1.48399 1.89315 -2.1745 2.10691
28304 4.63617 1.90005 3.92602 2.1146
28320 -0.335104 1.90698 2.355 2.12231
28336 0.0463057 1.91394 0.3017 2.13006
28352 -1.12656 1.92092 -1.50939 2.13783
28368 2.65429 1.92793 -5.01353 2.14563
28384 -0.029078 1.93496 3.15717 2.15345
28400 -2.49087 1.94202 2.96541 2.16131
28416 -1.71094 1.94911 3.26133 2.16919
28432 8.4719 1.95622 -3.12046 2.17711
28448 3.07121 1.96335 3.4747 2.18505
28464 2.6659 1.97051 -2.14403 2.19302
28480 0.0463057 1.9777 0.3017 2.20102
28496 3.149 1.98492 1.29609 2.20905
28512 1.12012 1.99216 5.94316 2.21711
28528 2.15401 1.99943 -4.02159 2.22519
28544 7.01773 2.00672 -4.16085 2.23331
28560 0.980588 2.01404 -4.2951 2.24146
28576 6.30866 2.02139 3.24084 2.24963
28592 -2.65735 2.02876 -6.06712 2.25784
28608 -2.04626 2.03616 -10.0452 2.26608
28624 0.119496 2.04359 -4.40118 2.27434
28640 4.98388 2.05104 -11.8574 2.28264
28656 0.0463057 2.05853 0.3017 2.29097
28672 1.56386 2.06604 -0.042089 2.29932
28688 3.2034 2.07357 4.09744 2.30771
28704 3.05975 2.08114 10.2918 2.31613
28720 -3.93069 2.08873 -4.98927 2.32458
28736 3.29702 2.09635 -1.46567 2.33306
28752 -4.20583 2.10399 -0.959932 2.34157
28768 8.26405 2.11167 -21.105 2.35011
28784 12.1987 2.11937 9.76532 2.35869
28800 6.74979 2.1271 -4.57034 2.36729
28816 0.0463057 2.13486 0.3017 2.37592
28832 -3.55337 2.14265 1.00126 2.38459
28848 -1.73737 2.15047 3.92588 2.39329
28864 -4.87568 2.15831 -4.1783 2.40202
28880 2.42072 2.16619 -2.52956 2.41078
28896 0.0463058 2.17409 0.3017 2.41958
28912 2.07433 2.18202 -4.66474 2.4284
28928 -3.18013 2.18998 3.68903 2.43726
28944 -2.74511 2.19797 -3.7653 2.44615
28960 2.08254 2.20599 3.5619 2.45508
28976 0.0463057 2.21403 0.3017 2.46403
28992 -5.27083 2.22211 -3.48205 2.47302
29008 0.0463057 2.23022 0.3017 2.48204
29024 0.0463057 2.23835 0.3017 2.4911
29040 -1.53327 2.24652 4.52789 2.50019
29056 8.45711 2.25471 6.83735 2.50931
29072 -6.14399 2.26294 -6.18836 2.51846
29088 1.58782 2.27119 -7.68514 2.52765
29104 2.94277 2.27948 -1.36588 2.53687
29120 2.84971 2.28779 -0.228378 2.54612
29136 0.366746 2.29614 -5.89802 2.55541
29152 -0.00344965 2.30451 3.08195 2.56473
29168 6.90428 2.31292 -2.99332 2.57409
29184 -4.97827 2.32136 -3.16907 2.58348
29200 0.0463057 2.32983 0.3017 2.5929
29216 -2.62469 2.33833 1.94196 2.60236
29232 2.91795 2.34686 -6.54648 2.61185
29248 11.6115 2.35542 -2.45882 2.62138
29264 -12.49 2.36401 -12.5418 2.63094
29280 0.0463057 2.37263 0.3017 2.64054
29296 0.0463056 2.38129 0.3017 2.65017
29312 4.27142 2.38997 -1.99544 2.65984
29328 -1.52238 2.39869 4.41936 2.66954
29344 9.15859 2.40744 6.53524 2.67928
29360 -0.820098 2.41623 -1.15058 2.68906
29376 3.47151 2.42504 -4.89407 2.69887
29392 -2.23851 2.43389 4.94411 2.70871
29408 0.0463058 2.44276 0.3017 2.71859
29424 0.0489355 2.45168 -4.1438 2.72851
29440 1.79575 2.46062 1.23303 2.73846
29456 0.553198 2.46959 -10.9418 2.74845
29472 4.20037 2.4786 -3.53437 2.75848
29488 0.0463057 2.48765 0.3017 2.76854
29504 0.0463057 2.49672 0.3017 2.77864
29520 -1.31922 2.50583 -4.16227 2.78878
29536 -4.01981 2.51497 4.22053 2.79895
29552 -4.40571 2.52414 -3.38399 2.80916
29568 5.0224 2.53335 8.94432 2.81941
29584 5.13736 2.54259 1.93335 2.82969
29600 3.97693 2.55187 -5.84347 2.84002
29616 -6.25451 2.56118 -1.56779 2.85038
29632 0.0463056 2.57052 0.3017 2.86077
29648 0.0463057 2.5799 0.3017 2.87121
29664 0.0338387 2.58931 -3.72505 2.88168
29680 -0.830158 2.59875 5.27725 2.8922
29696 -4.96739 2.60823 -11.6411 2.90275
29712 0.0463057 2.61775 0.3017 2.91334
29728 0.0463057 2.6273 0.3017 2.92396
29744 8.46425 2.63688 -1.22776 2.93463
29760 0.0463057 2.6465 0.3017 2.94533
29776 1.09736 2.65616 5.35363 2.95608
29792 -13.8555 2.66585 -2.69467 2.96686
29808 0.0463057 2.67557 0.3017 2.97769
29824 -3.4787 2.68533 5.78662 2.98855
29840 -1.2649 2.69513 -3.91706 2.99945
29856 0.0463056 2.70496 0.3017 3.01039
29872 0.0463057 2.71482 0.3017 3.02137
29888 -2.81719 2.72473 6.11992 3.03239
29904 -1.96278 2.73467 -4.43947 3.04346
29920 0.0463057 2.74464 0.3017 3.05456
29936 0.0463057 2.75466 0.3017 3.0657
29952 0.0463057 2.7647 0.3017 3.07689
29968 -1.89554 2.77479 -2.30473 3.08811
29984 -14.1378 2.78491 -6.72628 3.09937
30000 1.11931 2.79507 -23.6491 3.11068
30016 0.0463057 2.80527 0.3017 3.12203
30032 0.0463057 2.8155 0.3017 3.13342
30048 -7.85837 2.82577 1.95517 3.14485
30064 -5.36472 2.83608 5.98257 3.15632
30080 -9.78894 2.84643 -7.62089 3.16783
30096 -6.6072 2.85681 -1.69546 3.17939
30112 -6.53963 2.86723 -6.41498 3.19099
30128 -5.21921 2.87769 -14.0169 3.20263
30144 0.0463057 2.88819 0.3017 3.21431
30160 -6.68511 2.89872 -6.56334 3.22604
30176 2.36629 2.9093 6.63605 3.23781
30192 5.79824 2.91991 -5.06847 3.24962
30208 -4.84595 2.93056 -9.83006 3.26147
30224 3.20363 2.94125 -13.4917 3.27337
30240 0.0463057 2.95198 0.3017 3.28531
30256 1.3557 2.96275 11.5811 3.29729
30272 0.0463057 2.97356 0.3017 3.30932
30288 0.0463057 2.98441 0.3017 3.32139
30304 -1.11804 2.99529 6.91152 3.33351
30320 14.1103 3.00622 -5.89574 3.34567
30336 -6.04085 3.01719 -9.20839 3.35788
30352 3.29241 3.02819 3.80028 3.37012
30368 -2.04899 3.03924 -1.42937 3.38242
30384 -10.664 3.05033 -4.20121 3.39476
30400 2.53606 3.06145 5.49935 3.40714
30416 -2.49003 3.07262 -5.68372 3.41957
30432 -1.94829 3.08383 -4.62805 3.43204
30448 -4.76107 3.09508 -15.2203 3.44456
30464 -4.67074 3.10637 7.64145 3.45713
30480 0.0463057 3.1177 0.3017 3.46974
30496 4.21681 3.12907 -9.91146 3.4824
30512 0.0463058 3.14049 0.3017 3.4951
30528 21.9363 3.15195 -7.38963 3.50785
30544 12.425 3.16344 10.6203 3.52065
30560 -8.9657 3.17498 5.21177 3.53349
30576 -9.42175 3.18657 -6.23844 3.54638
30592 0.0463057 3.19819 0.3017 3.55932
30608 -8.75215 3.20986 -13.9353 3.5723
30624 -0.495584 3.22157 -11.7102 3.58533
30640 -5.06416 3.23332 8.25361 3.59841
30656 7.44931 3.24511 12.2401 3.61154
30672 0.0463057 3.25695 0.3017 3.62471
30688 8.77097 3.26883 18.7204 3.63794
30704 4.58637 3.28076 6.4296 3.65121
30720 5.98423 3.29272 16.7879 3.66453
30736 -14.9343 3.30474 0.067756 3.67789
30752 1.35465 3.31679 7.9567 3.69131
30768 4.61675 3.32889 12.412 3.70478
30784 -2.87279 3.34103 -16.0134 3.71829
30800 -10.4004 3.35322 6.53936 3.73186
30816 -7.37376 3.36545 -21.8789 3.74547
30832 8.61233 3.37773 -2.3609 3.75913
30848 0.0463057 3.39005 0.3017 3.77284
30864 8.64483 3.40242 1.72482 3.78661
30880 3.16059 3.41483 10.6465 3.80042
30896 -7.28953 3.42729 -16.3682 3.81429
30912 9.43779 3.43979 1.08957 3.8282
30928 -9.72635 3.45234 0.253941 3.84216
30944 0.0463058 3.46493 0.3017 3.85618
30960 9.12621 3.47757 -2.52064 3.87025
30976 -16.2019 3.49026 -31.6396 3.88437
30992 0.0463057 3.50299 0.3017 3.89854
31008 0.202956 3.51577 -3.27335 3.91276
31024 5.46527 3.52859 -19.5427 3.92703
31040 0.0463057 3.54147 0.3017 3.94136
31056 0.0463057 3.55439 0.3017 3.95573
31072 -8.84859 3.56735 -8.95904 3.97016
31088 5.09948 3.58036 11.2147 3.98465
31104 8.77755 3.59343 -7.76116 3.99918
31120 5.17362 3.60653 11.3748 4.01377
31136 -12.9982 3.61969 -1.48838 4.02841
31152 -4.08443 3.63289 11.3536 4.04311
31168 -1.48057 3.64615 -7.43652 4.05786
31184 -17.2331 3.65945 12.7613 4.07266
31200 0.0463057 3.6728 0.3017 4.08752
31216 0.0463057 3.6862 0.3017 4.10243
31232 -9.83448 3.69964 6.04669 4.11739
31248 0.0463057 3.71314 0.3017 4.13241
31264 3.75537 3.72668 12.6222 4.14749
31280 -13.4182 3.74028 -13.0584 4.16262
31296 -19.1856 3.75392 14.9475 4.1778
31312 -11.0836 3.76762 2.4647 4.19304
31328 17.5056 3.78136 -7.09852 4.20834
31344 0.0463058 3.79515 0.3017 4.22369
31360 0.0463057 3.809 0.3017 4.2391
31376 5.80725 3.82289 12.7432 4.25456
31392 0.0463057 3.83684 0.3017 4.27008
31408 -0.727954 3.85084 -16.861 4.28566
31424 0.0463057 3.86488 0.3017 4.30129
31440 7.97926 3.87898 -15.9702 4.31698
31456 6.6893 3.89313 -16.1364 4.33273
31472 0.0463057 3.90733 0.3017 4.34854
31488 10.4216 3.92159 -9.38493 4.3644
31504 -29.6818 3.93589 12.1033 4.38032
31520 0.0463057 3.95025 0.3017 4.3963
31536 0.0463056 3.96466 0.3017 4.41234
31552 13.3902 3.97912 3.14835 4.42843
31568 12.0797 3.99364 -2.98492 4.44459
31584 0.0463056 4.00821 0.3017 4.4608
31600 -27.2997 4.02283 21.3335 4.47707
31616 0.0463057 4.0375 0.3017 4.4934
31632 6.56211 4.05223 14.0034 4.5098
31648 -19.4527 4.06702 -18.3266 4.52625
31664 -0.651712 4.08185 18.8296 4.54276
31680 5.35924 4.09674 5.47516 4.55933
31696 18.6951 4.11169 -2.08023 4.57596
31712 -2.46067 4.12669 -11.7942 4.59266
31728 11.6454 4.14174 -10.4095 4.60941
31744 -2.19619 4.15685 13.032 4.62622
31760 0.0463056 4.17201 0.3017 4.6431
31776 10.3397 4.18723 -22.3788 4.66004
31792 38.633 4.20251 24.3962 4.67704
31808 0.0463057 4.21784 0.3017 4.6941
31824 -20.1306 4.23322 -25.12 4.71122
31840 -9.15386 4.24866 -14.8088 4.72841
31856 14.6909 4.26416 -7.924 4.74566
31872 -10.4361 4.27972 -4.49303 4.76297
31888 33.4081 4.29533 -31.3524 4.78034
31904 0.0463057 4.311 0.3017 4.79778
31920 8.02029 4.32673 -19.2258 4.81528
31936 15.9386 4.34251 3.69202 4.83285
31952 13.3744 4.35835 -26.8617 4.85048
31968 -2.04951 4.37425 -15.3055 4.86817
31984 4.64548 4.39021 -1.82715 4.88593
