0 0.0460458 422628 0.300271 509882
16 0.0460386 425717 0.300292 513608
32 0.0460286 428829 0.300289 517362
48 0.0460427 431963 0.300301 521144
64 0.0459304 435120 0.300258 524953
80 0.0450016 438301 0.300433 528790
96 0.044611 441504 0.300066 532655
112 0.0444676 444731 0.3003 536548
128 0.0443596 447982 0.299769 540470
144 0.0442718 451256 0.299743 544420
160 0.044297 454555 0.29955 548400
176 0.0435931 457877 0.300265 552408
192 0.0287241 461224 0.302087 556445
208 0.0133211 464595 0.305151 560513
224 0.00519268 467991 0.305886 564609
240 0.00859119 471411 0.30616 568736
256 0.0206584 474857 0.303992 572893
272 0.038983 478328 0.301152 577081
288 0.0424786 481824 0.300822 581299
304 0.0429117 0.00262293 0.300213 0.00348096
320 0.0427765 0.00258883 0.300345 0.0034678
336 0.0426963 0.00257834 0.300141 0.00340477
352 0.0427483 0.00265626 0.300237 0.00346106
368 0.0423127 0.0026624 0.30031 0.00353217
384 0.0411259 0.00250653 0.300514 0.00346387
400 0.0403499 0.00244184 0.300415 0.00340089
416 0.0392675 0.00238024 0.300599 0.0033593
432 0.039447 0.00240923 0.300715 0.00338489
448 0.0394091 0.00242622 0.300749 0.00343991
464 0.0385909 0.00243613 0.301385 0.00345259
480 0.040232 0.00224428 0.300898 0.00340201
496 0.0458421 0.000544919 0.296504 0.000593911
512 0.0635708 0.00118323 0.25891 0.00130456
528 0.091368 0.00187023 0.172699 0.00210765
544 0.110722 0.00244906 0.0559723 0.00279945
560 0.104579 0.00286474 -0.0530645 0.00327759
576 0.0670997 0.00314429 -0.131099 0.0035783
592 0.00973919 0.00328675 -0.170762 0.00374299
608 -0.0656327 0.00337087 -0.179952 0.00382535
624 -0.13428 0.00344046 -0.14821 0.00385733
640 -0.174674 0.00347255 -0.0886061 0.00386515
656 -0.200029 0.00349413 0.00419798 0.00383618
672 -0.182447 0.00350581 0.075188 0.00382604
688 -0.140393 0.00350918 0.153351 0.00381055
704 -0.0762229 0.00352369 0.199292 0.0038234
720 0.00342334 0.00352048 0.220616 0.00383801
736 0.0845992 0.0035347 0.197257 0.00387146
752 0.143557 0.00354087 0.154897 0.00391784
768 0.192954 0.00355244 0.0805496 0.00398019
784 0.197221 0.00357956 -0.00130841 0.00402495
800 0.177136 0.00358888 -0.0791568 0.00407879
816 0.133846 0.00361742 -0.148703 0.00412392
832 0.05349 0.00365279 -0.183159 0.00414484
848 -0.0322919 0.00367273 -0.208026 0.00416424
864 -0.0951505 0.00369327 -0.176779 0.00415928
880 -0.164187 0.00371502 -0.117283 0.00413646
896 -0.193604 0.0037195 -0.0439648 0.00411046
912 -0.20049 0.00372681 0.0402465 0.00407879
928 -0.158648 0.00372313 0.113983 0.00405535
944 -0.110149 0.00373261 0.176078 0.00404047
960 -0.0360523 0.00373425 0.216561 0.00406188
976 0.0467082 0.00374442 0.204289 0.00407079
992 0.115036 0.00374928 0.183497 0.00411908
1008 0.176673 0.00375311 0.116694 0.00418101
1024 0.195289 0.00378474 0.0325566 0.00425603
1040 0.182943 0.00381247 -0.0540382 0.00431219
1056 0.154097 0.00381972 -0.122719 0.00436
1072 0.0898504 0.00385003 -0.1802 0.00439599
1088 0.0139578 0.00388925 -0.205388 0.00441623
1104 -0.0655478 0.00390976 -0.196099 0.00442218
1120 -0.132586 0.00391969 -0.153043 0.00439964
1136 -0.184854 0.00393582 -0.0728944 0.00436226
1152 -0.186325 0.00394742 0.00440269 0.00433828
1168 -0.175438 0.0039534 0.0809031 0.0043083
1184 -0.136332 0.00394743 0.159478 0.00427666
1200 -0.0634368 0.00394932 0.209618 0.00426975
1216 0.0178517 0.00396615 0.215271 0.00431701
1232 0.0898863 0.00396611 0.188322 0.00435245
1248 0.158786 0.00397545 0.142532 0.00440931
1264 0.184341 0.00399693 0.0708624 0.00447272
1280 0.197981 0.00402151 -0.0149766 0.00453624
1296 0.16842 0.00404385 -0.0936191 0.00458956
1312 0.118792 0.00409151 -0.161065 0.00465708
1328 0.0442547 0.00410196 -0.183554 0.00465628
1344 -0.037614 0.00411853 -0.19989 0.00466814
1360 -0.11303 0.00415609 -0.162851 0.00465005
1376 -0.170397 0.00416607 -0.111535 0.00464375
1392 -0.194892 0.00418147 -0.0241919 0.00460076
1408 -0.185134 0.00417695 0.0500801 0.00455758
1424 -0.157863 0.0041861 0.122371 0.00455381
1440 -0.0899413 0.00419299 0.188787 0.0045373
1456 -0.0222821 0.00419621 0.214343 0.00454995
1472 0.0690449 0.00419049 0.205793 0.00459456
1488 0.131681 0.00420107 0.170593 0.00463873
1504 0.183662 0.00422513 0.0958824 0.00472203
1520 0.203286 0.00425396 0.0203425 0.00479244
1536 0.193159 0.00427607 -0.0702252 0.00484224
1552 0.1435 0.00430469 -0.138748 0.0049112
1568 0.0727416 0.00433129 -0.191399 0.00493325
1584 0.00134163 0.00435707 -0.205217 0.0049486
1600 -0.077247 0.00438364 -0.190619 0.00494701
1616 -0.140169 0.00441287 -0.13106 0.00491276
1632 -0.188365 0.00442804 -0.0566481 0.004891
1648 -0.199578 0.00444974 0.00485943 0.00486234
1664 -0.174495 0.00444478 0.0903776 0.00484626
1680 -0.124095 0.00444488 0.153648 0.00482208
1696 -0.0579327 0.00442155 0.20255 0.00478924
1712 0.029372 0.00444616 0.214266 0.00484153
1728 0.0992685 0.00446393 0.177041 0.00489454
1744 0.163563 0.00446556 0.12256 0.00497182
1760 0.198181 0.00448302 0.0511486 0.00502102
1776 0.202418 0.00449316 -0.0293477 0.00507698
1792 0.164238 0.00452177 -0.112598 0.0051559
1808 0.103146 0.0045766 -0.163913 0.0052106
1824 0.0249151 0.00461081 -0.213541 0.00524154
1840 -0.0488939 0.0046404 -0.199449 0.00524484
1856 -0.116767 0.00464537 -0.155413 0.00520544
1872 -0.176174 0.0046784 -0.102889 0.00519591
1888 -0.202938 0.00468995 -0.0271431 0.00515054
1904 -0.18537 0.00470085 0.0570911 0.00512689
1920 -0.153205 0.00469531 0.124878 0.00510904
1936 -0.0879887 0.00469213 0.190732 0.00508967
1952 -0.0128965 0.00469892 0.204179 0.00510217
1968 0.0718011 0.0046966 0.195265 0.00514519
1984 0.142237 0.00472983 0.155855 0.00520175
2000 0.183617 0.00475347 0.0800845 0.00530352
2016 0.200724 0.00475784 0.00114414 0.00537177
2032 0.179396 0.00479751 -0.0721626 0.00543641
2048 0.129407 0.00482446 -0.151409 0.0055122
2064 0.0673511 0.00487258 -0.189278 0.00554381
2080 -0.0180351 0.00490158 -0.203441 0.00555426
2096 -0.0955914 0.00493472 -0.180958 0.00552901
2112 -0.148336 0.00495479 -0.126476 0.00554239
2128 -0.193979 0.00495894 -0.0531353 0.00546392
2144 -0.202089 0.00496937 0.0266829 0.00543713
2160 -0.166933 0.00497365 0.110701 0.00539263
2176 -0.110326 0.00496382 0.16871 0.00537675
2192 -0.035512 0.00496911 0.208186 0.00539698
2208 0.04128 0.00499507 0.207639 0.00543286
2224 0.11886 0.00497744 0.172261 0.00547566
2240 0.171948 0.00500131 0.10385 0.00556366
2256 0.199824 0.00503133 0.0339894 0.00564572
2272 0.197759 0.00507914 -0.0483867 0.00573554
2288 0.152529 0.0051028 -0.118878 0.00580605
2304 0.0917554 0.00515034 -0.176857 0.00585711
2320 0.00806819 0.00517823 -0.202021 0.00586553
2336 -0.0579291 0.00520579 -0.197467 0.00588834
2352 -0.122196 0.00522838 -0.153083 0.00584517
2368 -0.180418 0.00524748 -0.0870322 0.00580464
2384 -0.208621 0.00524193 -0.0157824 0.00576511
2400 -0.187729 0.00528384 0.0710793 0.00573094
2416 -0.13655 0.00526145 0.136852 0.00569816
2432 -0.0772038 0.00527312 0.191735 0.0057254
2448 0.0169137 0.00529824 0.20674 0.00572514
2464 0.0824039 0.0052863 0.193378 0.00578622
2480 0.151339 0.0052928 0.134585 0.00585673
2496 0.184643 0.0053068 0.0632485 0.0059277
2512 0.204233 0.00533707 -0.0142493 0.0060243
2528 0.179628 0.00537299 -0.103552 0.0061329
2544 0.128835 0.00542823 -0.173747 0.00618936
2560 0.0541577 0.00545398 -0.204182 0.00620754
2576 -0.0272904 0.00549018 -0.192157 0.00619671
2592 -0.103835 0.00549469 -0.16322 0.00618265
2608 -0.167456 0.0055318 -0.122664 0.00616223
2624 -0.192713 0.00556034 -0.0513409 0.00613336
2640 -0.195233 0.00557372 0.0411026 0.00607808
2656 -0.156291 0.00554626 0.11895 0.00603735
2672 -0.105428 0.00558695 0.172197 0.00605527
2688 -0.0255886 0.00558254 0.214603 0.00604352
2704 0.0592816 0.00558381 0.204619 0.00610331
2720 0.117874 0.00562225 0.172685 0.00616426
2736 0.176283 0.00560554 0.0870183 0.0062675
2752 0.197422 0.00566689 0.0172239 0.00634696
2768 0.191324 0.00568648 -0.0656622 0.00644616
2784 0.146649 0.00572744 -0.137281 0.0065069
2800 0.079766 0.00576247 -0.199876 0.00653238
2816 0.0089819 0.005803 -0.206531 0.00656668
2832 -0.0711772 0.00580751 -0.193841 0.00655053
2848 -0.138661 0.00583616 -0.153328 0.00654049
2864 -0.188824 0.00587423 -0.0814652 0.0065073
2880 -0.190067 0.00589423 -0.00824371 0.00647423
2896 -0.183766 0.00590477 0.0890843 0.0064259
2912 -0.128983 0.00589686 0.155924 0.0063891
2928 -0.0531227 0.00588415 0.193193 0.00638266
2944 0.0224643 0.00589803 0.195644 0.00644928
2960 0.10505 0.00591 0.182697 0.00648238
2976 0.158095 0.00592948 0.121743 0.00658632
2992 0.191989 0.0059572 0.0655704 0.00665275
3008 0.200812 0.00599906 -0.0372078 0.00676702
3024 0.168727 0.00604204 -0.116611 0.00683994
3040 0.111865 0.0060631 -0.145418 0.00685972
3056 0.0288109 0.00612231 -0.209227 0.00697353
3072 -0.0454191 0.00616706 -0.206428 0.00697522
3088 -0.115822 0.00617452 -0.162439 0.00692466
3104 -0.17046 0.00620028 -0.103824 0.0068879
3120 -0.204829 0.00622985 -0.04518 0.00687315
3136 -0.175905 0.00623045 0.0466085 0.00680814
3152 -0.142255 0.006232 0.133473 0.006775
3168 -0.0901707 0.00621994 0.186242 0.00675163
3184 -0.0253463 0.00624159 0.200919 0.0067601
3200 0.0554175 0.00624565 0.194509 0.00680857
3216 0.125917 0.00627029 0.145026 0.006913
3232 0.171704 0.00627168 0.0794466 0.00701238
3248 0.189831 0.00633917 0.0100505 0.00710249
3264 0.18042 0.00634972 -0.0750515 0.0071861
3280 0.13072 0.00640942 -0.136204 0.00724888
3296 0.0724953 0.00645173 -0.187346 0.00734436
3312 -0.00547171 0.00649319 -0.198324 0.00736368
3328 -0.0877273 0.00652072 -0.188154 0.00734862
3344 -0.14004 0.00658776 -0.122582 0.0073361
3360 -0.185565 0.00657528 -0.0544366 0.00726945
3376 -0.204862 0.00657514 0.00499322 0.00721754
3392 -0.173556 0.00659716 0.0910519 0.00718922
3408 -0.120422 0.00660458 0.156034 0.00714251
3424 -0.0549268 0.00659667 0.181182 0.00716094
3440 0.0302755 0.00664038 0.187465 0.00723579
3456 0.106644 0.00661989 0.180269 0.00723744
3472 0.171085 0.00664646 0.111676 0.00739878
3488 0.198226 0.00671255 0.0187711 0.0075275
3504 0.196615 0.006693 -0.0341668 0.00755386
3520 0.155417 0.00677357 -0.122856 0.00769531
3536 0.102664 0.00682014 -0.197673 0.00781011
3552 0.0244276 0.00685268 -0.201293 0.00777057
3568 -0.0576806 0.0068836 -0.212523 0.00779738
3584 -0.126557 0.00693265 -0.168756 0.00777797
3600 -0.170515 0.00695891 -0.102283 0.00773783
3616 -0.178293 0.00696545 -0.0196297 0.00764605
3632 -0.192505 0.00699605 0.0737832 0.00760525
3648 -0.144525 0.0070085 0.122921 0.00757497
3664 -0.100742 0.00699186 0.176726 0.00759828
3680 -0.0119781 0.00699051 0.198153 0.00759874
3696 0.0809576 0.00700091 0.192393 0.00768639
3712 0.137451 0.00702334 0.141942 0.00775667
3728 0.177544 0.00705748 0.0625277 0.00787177
3744 0.209152 0.00710219 -0.0108519 0.00799355
3760 0.18501 0.00711025 -0.0741414 0.00806271
3776 0.128663 0.00720088 -0.142096 0.00813621
3792 0.0647076 0.00721713 -0.179814 0.00821557
3808 -0.0164358 0.0072786 -0.205004 0.0082225
3824 -0.100468 0.00731219 -0.181354 0.00826237
3840 -0.142409 0.00732551 -0.119334 0.00816132
3856 -0.176136 0.00735565 -0.0397652 0.0080761
3872 -0.192762 0.0073986 0.000313253 0.00810933
3888 -0.164131 0.00738451 0.103395 0.00802905
3904 -0.0907013 0.00738663 0.169836 0.0080144
3920 -0.0355133 0.00738222 0.188561 0.00804302
3936 0.0484091 0.00739825 0.197692 0.00809983
3952 0.102847 0.00738403 0.180166 0.0081605
3968 0.177149 0.00742658 0.101351 0.00826949
3984 0.184101 0.00750773 0.0284637 0.00843373
4000 0.185711 0.00754192 -0.0595063 0.00850625
4016 0.158057 0.0075668 -0.115164 0.00860099
4032 0.0999546 0.0075938 -0.191949 0.00871249
4048 -0.00138867 0.00773216 -0.203293 0.00873604
4064 -0.0795937 0.00772209 -0.190259 0.00870018
4080 -0.144144 0.00778012 -0.163016 0.0086717
4096 -0.176949 0.00781955 -0.0828584 0.00866087
4112 -0.187097 0.00780122 -0.0142177 0.00854819
4128 -0.169853 0.00779711 0.0741168 0.00850916
4144 -0.145 0.0078318 0.126202 0.00848916
4160 -0.0787845 0.00781878 0.182919 0.00847672
4176 0.00771005 0.00781562 0.208521 0.00851765
4192 0.0902886 0.00783814 0.171928 0.00860146
4208 0.156568 0.00784801 0.135412 0.00865798
4224 0.186049 0.00790334 0.0471139 0.00887063
4240 0.202904 0.00793851 -0.00886884 0.00895621
4256 0.180728 0.00803266 -0.101493 0.00908988
4272 0.105305 0.00810725 -0.157056 0.0091835
4288 0.0553285 0.00809057 -0.194678 0.00918228
4304 -0.0358699 0.00816537 -0.209884 0.00927277
4320 -0.0915624 0.00821197 -0.165663 0.00918354
4336 -0.1622 0.00824718 -0.0947169 0.00909039
4352 -0.198007 0.00825974 -0.0305266 0.00906324
4368 -0.178936 0.00821854 0.0527856 0.00897726
4384 -0.158092 0.00827661 0.128523 0.00897449
4400 -0.103118 0.00829881 0.175613 0.00900153
4416 -0.0283001 0.00828289 0.196812 0.00897925
4432 0.0602982 0.00829967 0.182393 0.00910756
4448 0.119517 0.00828766 0.154155 0.00913072
4464 0.172439 0.00835612 0.0824575 0.00930502
4480 0.18888 0.00835991 0.0183188 0.00939854
4496 0.185397 0.00844229 -0.0685131 0.00956455
4512 0.151704 0.00849481 -0.158476 0.00968283
4528 0.0727866 0.0085734 -0.177952 0.00969864
4544 0.00154963 0.0086138 -0.217968 0.00978738
4560 -0.063216 0.00868009 -0.180449 0.0097584
4576 -0.133434 0.00867593 -0.144216 0.00965734
4592 -0.189977 0.00873434 -0.0691936 0.00967181
4608 -0.190645 0.00873905 0.0137626 0.00961312
4624 -0.175797 0.00875739 0.0807567 0.00950055
4640 -0.118465 0.00873602 0.148252 0.00952734
4656 -0.046993 0.00872094 0.176688 0.00952365
4672 0.0201721 0.00877093 0.193348 0.00957028
4688 0.104354 0.00878492 0.186598 0.00966546
4704 0.150025 0.00876672 0.130609 0.0097059
4720 0.17872 0.0088416 0.0490119 0.00992449
4736 0.179474 0.00893132 -0.0389778 0.0100855
4752 0.143924 0.00895729 -0.103193 0.0101695
4768 0.106916 0.0090543 -0.167369 0.0102608
4784 0.0413993 0.0090468 -0.191211 0.0102861
4800 -0.0540568 0.00914041 -0.214001 0.0103373
4816 -0.114669 0.00915225 -0.151511 0.0103722
4832 -0.171775 0.00921982 -0.116487 0.0103264
4848 -0.204762 0.00925753 -0.0305064 0.0101526
4864 -0.183464 0.0092648 0.0393771 0.0101064
4880 -0.145718 0.00922545 0.124036 0.0100675
4896 -0.0654528 0.00922044 0.179625 0.00999562
4912 -0.00413732 0.00929295 0.197036 0.0101451
4928 0.0653122 0.00928032 0.202659 0.0101002
4944 0.126646 0.00928293 0.143826 0.0102459
4960 0.163688 0.00929525 0.0898334 0.0103479
4976 0.183926 0.00943626 -0.00108386 0.0105549
4992 0.179272 0.00947167 -0.0889968 0.0107366
5008 0.111564 0.00952781 -0.144911 0.0107801
5024 0.0637688 0.00959427 -0.192487 0.0108617
5040 -0.0309318 0.00972127 -0.186098 0.0108742
5056 -0.087993 0.00970002 -0.180268 0.0108566
5072 -0.141176 0.00974013 -0.132387 0.0109135
5088 -0.189927 0.0097429 -0.0731085 0.0107519
5104 -0.18949 0.0097962 0.0175207 0.0106869
5120 -0.175736 0.00978084 0.076696 0.0107813
5136 -0.111176 0.00975266 0.154387 0.0106152
5152 -0.0530682 0.009871 0.176547 0.0106507
5168 0.0232784 0.00987347 0.201012 0.0107679
5184 0.0895309 0.00978386 0.149677 0.0107205
5200 0.166875 0.00990371 0.113311 0.0109617
5216 0.171406 0.00996981 0.0145415 0.0111434
5232 0.180536 0.00997912 -0.0545717 0.0112994
5248 0.136367 0.0101203 -0.1251 0.0114255
5264 0.0936005 0.0101461 -0.155101 0.011394
5280 0.00453115 0.0101816 -0.207624 0.0115563
5296 -0.0489888 0.0102694 -0.217942 0.0116438
5312 -0.140888 0.0103071 -0.144572 0.0114121
5328 -0.158544 0.0103258 -0.0664333 0.0114045
5344 -0.202748 0.0103706 -0.0166752 0.0113766
5360 -0.17612 0.010361 0.0640136 0.0113009
5376 -0.138163 0.0102639 0.129603 0.0111343
5392 -0.0748134 0.0104035 0.150874 0.0113107
5408 0.00478718 0.0104544 0.191023 0.0113194
5424 0.0799384 0.0104027 0.177475 0.0113563
5440 0.152041 0.0103754 0.11667 0.0114546
5456 0.163644 0.0105116 0.0649687 0.0117173
5472 0.194217 0.0104938 0.000508317 0.0118116
5488 0.148543 0.0105157 -0.0840587 0.0119264
5504 0.117368 0.0107091 -0.156768 0.0121971
5520 0.0605351 0.0106994 -0.208183 0.0121315
5536 -0.0261804 0.0107751 -0.222675 0.0122289
5552 -0.0948389 0.0108882 -0.184761 0.0122022
5568 -0.164496 0.0109445 -0.103736 0.0120897
5584 -0.193898 0.0109895 -0.0461449 0.0120493
5600 -0.187756 0.0109788 0.0249361 0.0119707
5616 -0.15567 0.0109441 0.0919744 0.011959
5632 -0.104468 0.0110116 0.158112 0.0118787
5648 -0.0353597 0.0109783 0.193674 0.0118582
5664 0.0141828 0.0109934 0.206791 0.0119621
5680 0.10612 0.0110113 0.139456 0.0121537
5696 0.150938 0.011128 0.110352 0.0123087
5712 0.182571 0.0111224 0.00160536 0.0123491
5728 0.174847 0.0112508 -0.0475464 0.0126383
5744 0.138457 0.0113262 -0.138036 0.0128332
5760 0.0791873 0.0112853 -0.166077 0.0127707
5776 0.0108771 0.0114296 -0.201747 0.013023
5792 -0.08488 0.0115931 -0.216118 0.0130453
5808 -0.149451 0.0116071 -0.123696 0.0128321
5824 -0.176317 0.0115961 -0.063622 0.0128691
5840 -0.202884 0.011645 -0.00202388 0.0127596
5856 -0.14937 0.0115913 0.0501924 0.0127063
5872 -0.144132 0.0116178 0.115144 0.0126239
5888 -0.0513392 0.0115885 0.183378 0.0126506
5904 0.00448709 0.0116061 0.202446 0.0125771
5920 0.0848872 0.0116692 0.17454 0.0128413
5936 0.142272 0.0116595 0.115539 0.0129863
5952 0.193268 0.011727 0.0547494 0.0131789
5968 0.182095 0.0118024 -0.0101508 0.0132015
5984 0.160745 0.0119504 -0.108335 0.0135426
6000 0.11177 0.0119215 -0.162654 0.0135711
6016 0.0355599 0.0120626 -0.188177 0.0135725
6032 -0.0344784 0.0121019 -0.173672 0.0135247
6048 -0.108561 0.0121688 -0.162691 0.0136074
6064 -0.16956 0.012219 -0.115352 0.013506
6080 -0.175923 0.0121717 -0.0499602 0.013437
6096 -0.168959 0.0122465 0.058995 0.013365
6112 -0.140871 0.0123487 0.114694 0.013362
6128 -0.0999251 0.0122718 0.144432 0.0133752
6144 -0.0252191 0.0123859 0.201749 0.0134057
6160 0.0590436 0.012379 0.187967 0.013522
6176 0.129208 0.0122174 0.157638 0.0135293
6192 0.167247 0.0123702 0.0603118 0.0138009
6208 0.151387 0.0124011 0.00721851 0.0138254
6224 0.169967 0.0124861 -0.0808298 0.0142085
6240 0.151846 0.0125106 -0.143747 0.0142608
6256 0.0576603 0.0124999 -0.167327 0.0142335
6272 -0.0154398 0.0127542 -0.177975 0.0144423
6288 -0.0541755 0.0127764 -0.170362 0.0144028
6304 -0.147924 0.0128008 -0.155354 0.0143687
6320 -0.165853 0.0129825 -0.0688728 0.0142608
6336 -0.163264 0.0129795 0.0117445 0.0142436
6352 -0.159632 0.013019 0.0594948 0.0142094
6368 -0.117231 0.0129943 0.131851 0.0140063
6384 -0.0609614 0.0130879 0.171416 0.0141972
6400 0.00989918 0.0130813 0.148898 0.0142876
6416 0.0952771 0.0131215 0.177054 0.014426
6432 0.153377 0.0131081 0.131732 0.0144148
6448 0.161082 0.0131205 0.0486248 0.0146732
6464 0.202628 0.013328 -0.0489147 0.0149225
6480 0.148238 0.0133305 -0.115437 0.0151104
6496 0.109092 0.0133972 -0.160702 0.0153631
6512 0.00738623 0.0134833 -0.189735 0.0151735
6528 -0.0509319 0.0135265 -0.202016 0.0153723
6544 -0.0728332 0.0135751 -0.14902 0.0152324
6560 -0.172929 0.0135859 -0.0808099 0.0151353
6576 -0.188116 0.0137195 -0.0166065 0.0150713
6592 -0.174043 0.0138107 0.0317444 0.0150745
6608 -0.149521 0.0138625 0.123547 0.0150218
6624 -0.0909524 0.0137815 0.167777 0.0149914
6640 -0.0053912 0.0137732 0.216899 0.0149033
6656 0.0509479 0.0138998 0.165069 0.0152323
6672 0.133109 0.013759 0.127391 0.0152066
6688 0.162861 0.0138622 0.0633967 0.015372
6704 0.175415 0.013983 0.019263 0.0157454
6720 0.184128 0.0138733 -0.0512249 0.0157772
6736 0.101256 0.0139263 -0.146075 0.0160163
6752 0.0555765 0.0142296 -0.159594 0.0160137
6768 -0.014339 0.0142946 -0.193339 0.0160905
6784 -0.109746 0.0143869 -0.180969 0.0161457
6800 -0.138257 0.0144295 -0.135174 0.0161125
6816 -0.16452 0.0144733 -0.0806892 0.016005
6832 -0.178299 0.0144466 0.0398372 0.0158602
6848 -0.172187 0.0145867 0.094249 0.0159095
6864 -0.0921561 0.0145308 0.129373 0.0158005
6880 -0.0483806 0.0146267 0.183863 0.0158011
6896 0.0470919 0.0144825 0.177953 0.0158408
6912 0.109271 0.014541 0.148618 0.0161599
6928 0.167266 0.0146558 0.0921477 0.0162879
6944 0.180034 0.0148608 0.0431009 0.0164449
6960 0.179666 0.0147946 -0.0857191 0.0167407
6976 0.139671 0.0150073 -0.116838 0.0168601
6992 0.081287 0.0151183 -0.168854 0.0170927
7008 -0.0037029 0.0152726 -0.176456 0.0171067
7024 -0.0341157 0.015235 -0.205962 0.0171346
7040 -0.132439 0.0152104 -0.142945 0.0170814
7056 -0.183475 0.0153279 -0.0619866 0.0168066
7072 -0.153568 0.0152572 -0.0114681 0.0169901
7088 -0.165388 0.0154725 0.0575231 0.016823
7104 -0.127604 0.0153567 0.129032 0.0166302
7120 -0.0682842 0.0154466 0.14771 0.0166286
7136 -0.00606077 0.0154507 0.160304 0.016875
7152 0.0870674 0.0154988 0.193121 0.0169149
7168 0.1226 0.0154794 0.111007 0.0170894
7184 0.17495 0.0156336 0.0499228 0.0175467
7200 0.19498 0.0154825 0.00730406 0.0175108
7216 0.153035 0.0157233 -0.0881719 0.0177287
7232 0.100484 0.0157278 -0.121352 0.0177887
7248 0.0481307 0.0158739 -0.192576 0.0181184
7264 -0.0241186 0.0160685 -0.153531 0.0180196
7280 -0.106285 0.0161231 -0.180636 0.0181641
7296 -0.178341 0.0163069 -0.0914894 0.0177718
7312 -0.207455 0.0162699 -0.0617162 0.0177879
7328 -0.177819 0.0160197 0.0582543 0.0174525
7344 -0.137675 0.0164595 0.101718 0.0178017
7360 -0.0947241 0.0165318 0.195532 0.0175138
7376 -0.0191342 0.0163815 0.19678 0.0177746
7392 0.0680749 0.0162034 0.213132 0.0177773
7408 0.0895914 0.0163103 0.160432 0.0177599
7424 0.137158 0.0165121 0.0842607 0.0183114
7440 0.190501 0.0163353 0.00518444 0.0184754
7456 0.160273 0.0165308 -0.0475282 0.0186404
7472 0.138498 0.0165922 -0.103415 0.0188229
7488 0.0685976 0.0169476 -0.208192 0.0192358
7504 0.00487793 0.0168865 -0.141153 0.0188066
7520 -0.0713128 0.0171628 -0.163263 0.0192844
7536 -0.140049 0.0170809 -0.14021 0.0190625
7552 -0.152894 0.0170763 -0.0842397 0.0190532
7568 -0.176344 0.0172202 -0.0167943 0.0188485
7584 -0.161761 0.0171495 0.0726347 0.0186932
7600 -0.119913 0.0170107 0.137162 0.0187969
7616 -0.0402939 0.0172352 0.178851 0.0187258
7632 0.0391365 0.0171159 0.180363 0.01874
7648 0.112452 0.0170755 0.145513 0.0189384
7664 0.177598 0.0173644 0.0802055 0.019423
7680 0.192483 0.0173857 0.0326376 0.0195891
7696 0.162635 0.017462 -0.0538991 0.0196755
7712 0.14726 0.0176201 -0.0916274 0.0197389
7728 0.0716113 0.0175082 -0.142293 0.0199661
7744 0.0200284 0.0178303 -0.219824 0.0202832
7760 -0.0126864 0.0179043 -0.147548 0.0201101
7776 -0.100674 0.0179857 -0.16836 0.0200564
7792 -0.14555 0.0180327 -0.0990559 0.0200431
7808 -0.193276 0.0179506 -0.010353 0.0201043
7824 -0.157099 0.018136 0.0298381 0.0198139
7840 -0.152329 0.0181645 0.116638 0.0197411
7856 -0.0931102 0.0183713 0.142213 0.0199725
7872 0.00397976 0.018167 0.173562 0.0199399
7888 0.0898311 0.0181799 0.164865 0.0197622
7904 0.101137 0.0184995 0.134168 0.0202438
7920 0.162376 0.0185108 0.110857 0.0203239
7936 0.19915 0.0184133 0.0124955 0.0206967
7952 0.165425 0.0182447 -0.075654 0.0208342
7968 0.140498 0.0186028 -0.14197 0.021215
7984 0.0654602 0.0189168 -0.176474 0.0213334
8000 -0.000711467 0.0186841 -0.143446 0.0210134
8016 -0.118625 0.0191297 -0.152463 0.0212255
8032 -0.187446 0.0190439 -0.0933807 0.0209328
8048 -0.170994 0.0194717 -0.0601087 0.0210675
8064 -0.193728 0.0191684 -0.0311286 0.0211001
8080 -0.147365 0.0193034 0.0908737 0.0211439
8096 -0.0799243 0.0189379 0.140255 0.0208916
8112 -0.0448749 0.0192149 0.144392 0.0209228
8128 0.0195767 0.0190753 0.143508 0.0212431
8144 0.0780429 0.019178 0.160315 0.0212269
8160 0.118823 0.0193779 0.087887 0.0214028
8176 0.177613 0.0196072 -0.00296946 0.0219126
8192 0.14642 0.0197506 -0.027107 0.0220838
8208 0.121312 0.0197924 -0.134201 0.0222035
8224 0.0990129 0.0197759 -0.183227 0.0226179
8240 0.0360617 0.0199772 -0.175422 0.022702
8256 -0.0680372 0.0200032 -0.135498 0.0222046
8272 -0.0864796 0.020021 -0.106319 0.0223187
8288 -0.176095 0.0202068 -0.0997474 0.0223976
8304 -0.159182 0.0201464 -0.0134321 0.0221233
8320 -0.170891 0.0203224 0.0496438 0.0219023
8336 -0.133548 0.0206747 0.0971449 0.0222775
8352 -0.0582081 0.0202573 0.164296 0.0225587
8368 -0.0155329 0.0204459 0.154764 0.0223734
8384 0.0857369 0.0203018 0.160014 0.0225284
8400 0.16224 0.0203514 0.123537 0.0224762
8416 0.124803 0.0206839 0.0735935 0.0226239
8432 0.152039 0.0208564 -0.00289477 0.0230342
8448 0.188186 0.0204789 -0.0465533 0.023244
8464 0.112719 0.0209046 -0.163842 0.0239936
8480 0.062331 0.0212915 -0.156013 0.0235374
8496 -0.0267367 0.0211684 -0.191937 0.0238073
8512 -0.11484 0.0212193 -0.186741 0.0241453
8528 -0.142594 0.021554 -0.109981 0.0239123
8544 -0.17756 0.021586 -0.016374 0.0235132
8560 -0.175299 0.0215526 0.0059623 0.0236061
8576 -0.130091 0.0214928 0.118453 0.0237911
8592 -0.0849768 0.0214291 0.17572 0.0233164
8608 -0.0093993 0.0214226 0.160692 0.023618
8624 0.0586602 0.0213773 0.186232 0.0236962
8640 0.109178 0.0215344 0.104948 0.0238932
8656 0.132988 0.0215582 0.0941252 0.0237099
8672 0.173213 0.0218974 0.0239145 0.0245207
8688 0.154102 0.0219138 -0.0767551 0.0246995
8704 0.102618 0.0221937 -0.106054 0.0249948
8720 0.104939 0.0224123 -0.195675 0.0253243
8736 0.0255817 0.0222128 -0.189435 0.0253288
8752 0.003933 0.0223075 -0.174607 0.0254916
8768 -0.118202 0.0225546 -0.142494 0.0255277
8784 -0.129869 0.0224269 -0.0896312 0.0251806
8800 -0.191607 0.0226918 0.0103021 0.0249559
8816 -0.148724 0.0226477 0.0449671 0.0250962
8832 -0.133468 0.0226219 0.156136 0.0248924
8848 -0.0409312 0.0228299 0.185612 0.0247261
8864 0.0300713 0.0227893 0.163402 0.0247806
8880 0.0549248 0.0229577 0.192307 0.0255297
8896 0.120259 0.0229904 0.0778489 0.0252215
8912 0.168747 0.0232368 -0.00254344 0.0260326
8928 0.185978 0.0233936 0.0149881 0.0261695
8944 0.150543 0.0231989 -0.0726653 0.0262487
8960 0.111493 0.0228194 -0.156839 0.0263208
8976 0.0258326 0.0239736 -0.209537 0.0268378
8992 -0.0603481 0.0240033 -0.196632 0.0268159
9008 -0.081244 0.0241436 -0.203726 0.0272958
9024 -0.139801 0.0241436 -0.0715128 0.0263358
9040 -0.164015 0.0237083 -0.0209978 0.0262141
9056 -0.193012 0.0240811 0.0588454 0.0265315
9072 -0.108274 0.0238785 0.106281 0.0262602
9088 -0.0961625 0.0238366 0.17529 0.0261619
9104 -0.0629214 0.0239516 0.179034 0.0261426
9120 0.0262037 0.0241576 0.205582 0.026645
9136 0.120642 0.024082 0.198495 0.0265689
9152 0.139779 0.0239965 0.0610534 0.0269388
9168 0.128357 0.0241978 -0.0145794 0.0275775
9184 0.159222 0.0247713 -0.0284185 0.0275094
9200 0.109469 0.0246835 -0.133642 0.0282032
9216 0.068536 0.0247032 -0.184092 0.0282399
9232 0.0101199 0.0253273 -0.176292 0.028746
9248 -0.0700617 0.025161 -0.155504 0.0281301
9264 -0.119271 0.0250479 -0.101738 0.0280938
9280 -0.144846 0.0253485 -0.0349879 0.0280735
9296 -0.111119 0.0259332 0.0550486 0.0276781
9312 -0.178072 0.0258477 0.0605521 0.0284633
9328 -0.089699 0.0257778 0.135153 0.027634
9344 -0.0533646 0.0251592 0.152635 0.0275863
9360 -0.0247518 0.0255708 0.130912 0.0279371
9376 0.120832 0.0256758 0.144234 0.0282169
9392 0.135063 0.0259346 0.0799847 0.0288184
9408 0.191482 0.0256065 0.0427516 0.0286562
9424 0.14318 0.0263799 -0.0608568 0.0295586
9440 0.180153 0.0261957 -0.0364583 0.0295332
9456 0.0675793 0.0264937 -0.172308 0.0305165
9472 0.0306763 0.0266336 -0.192818 0.0303217
9488 -0.0869139 0.0266986 -0.133102 0.0296897
9504 -0.119302 0.026476 -0.124535 0.0296581
9520 -0.158104 0.0268953 -0.117733 0.0304375
9536 -0.163598 0.0266451 -0.048455 0.0297078
9552 -0.149945 0.0272847 0.120714 0.0294494
9568 -0.0782215 0.0268485 0.179191 0.0292532
9584 -0.126678 0.0268695 0.146708 0.0294828
9600 0.00800703 0.0272436 0.165287 0.0294653
9616 0.0778445 0.0266505 0.202197 0.029667
9632 0.140089 0.0268499 0.172832 0.0299257
9648 0.153793 0.0271759 0.102293 0.0298772
9664 0.166412 0.0278518 0.0154549 0.0310215
9680 0.143838 0.0273979 -0.0317323 0.0309924
9696 0.132999 0.0277325 -0.104179 0.0313519
9712 0.0566803 0.027949 -0.204364 0.03198
9728 -0.0210317 0.028248 -0.0920855 0.0308227
9744 -0.0831426 0.0282972 -0.223539 0.0323629
9760 -0.133107 0.028334 -0.122832 0.0317524
9776 -0.211586 0.0291769 -0.00387482 0.0317297
9792 -0.167865 0.0285849 0.00760665 0.031532
9808 -0.130916 0.0283129 0.0423642 0.0305676
9824 -0.107268 0.0290386 0.0958693 0.0316992
9840 -0.00504623 0.0287662 0.199652 0.0313431
9856 -0.0211331 0.0285535 0.164794 0.0312662
9872 0.0869346 0.0289593 0.112489 0.0317586
9888 0.0977337 0.0293903 0.0966981 0.0321467
9904 0.143208 0.0289753 -0.00747733 0.0325264
9920 0.217126 0.0285084 -0.0519895 0.0325125
9936 0.191817 0.0294234 -0.0629289 0.0333348
9952 0.072715 0.0297684 -0.140174 0.034378
9968 0.0102483 0.0295422 -0.167913 0.034037
9984 -0.0869009 0.029876 -0.118113 0.0335393
10000 -0.0903836 0.0301249 -0.161215 0.0338578
10016 -0.164472 0.0300693 -0.0740014 0.0334464
10032 -0.164998 0.0305904 0.0359951 0.0331548
10048 -0.142594 0.0302683 0.0537125 0.0328993
10064 -0.0988682 0.0302118 0.141774 0.0329084
10080 -0.0612813 0.030701 0.123449 0.0328834
10096 -0.0214684 0.0308891 0.218409 0.0333716
10112 0.0535389 0.0307282 0.176818 0.0339013
10128 0.164931 0.0308722 0.109409 0.0339766
10144 0.180785 0.0297801 0.060162 0.0344207
10160 0.168328 0.0305443 -0.0648568 0.0349983
10176 0.137767 0.0313098 -0.151141 0.0356108
10192 0.0818058 0.0308875 -0.133842 0.0352635
10208 0.0507331 0.0313306 -0.153824 0.0359929
10224 0.000790063 0.031516 -0.178753 0.0358606
10240 -0.154631 0.0318699 -0.2354 0.0361957
10256 -0.0949589 0.0316755 -0.0730487 0.0353719
10272 -0.13523 0.0315064 -0.0469267 0.0350454
10288 -0.206587 0.0323332 0.0890269 0.0346533
10304 -0.100199 0.031529 0.104844 0.0353227
10320 -0.0709562 0.0320708 0.112139 0.0351403
10336 -0.0105369 0.0318986 0.168116 0.0352674
10352 0.0663831 0.0318492 0.172747 0.0356431
10368 0.116352 0.0316672 0.136113 0.0360459
10384 0.128736 0.0326588 0.0397689 0.0361986
10400 0.17775 0.0321573 0.0225663 0.0363125
10416 0.154503 0.0340379 -0.109586 0.0381077
10432 0.119241 0.0326745 -0.174533 0.0370838
10448 0.103656 0.0329689 -0.10687 0.0370887
10464 0.0229524 0.0333127 -0.200316 0.0380061
10480 -0.0480369 0.0332742 -0.149142 0.0378868
10496 -0.103763 0.033104 -0.130372 0.0380056
10512 -0.151804 0.0337799 -0.0981629 0.0375507
10528 -0.169457 0.0336537 0.023865 0.037569
10544 -0.155414 0.0337367 0.0973013 0.0377246
10560 -0.105512 0.0339519 0.113574 0.0371888
10576 -0.0222861 0.0345514 0.187779 0.0377804
10592 -0.0136027 0.0351088 0.132745 0.0384867
10608 0.0793716 0.0345121 0.132176 0.0377682
10624 0.0951676 0.0344536 0.0817182 0.0385773
10640 0.160039 0.0345906 -0.00237775 0.038943
10656 0.170008 0.0350932 -0.0637035 0.0395487
10672 0.0933658 0.0356439 -0.104511 0.0401855
10688 0.119939 0.0340621 -0.139557 0.0399816
10704 0.0757246 0.0357741 -0.2108 0.0405769
10720 -0.0330177 0.0355828 -0.153128 0.0402265
10736 -0.150324 0.0362108 -0.172043 0.0406671
10752 -0.182453 0.0357009 -0.16803 0.0403331
10768 -0.181907 0.0366266 -0.0388473 0.0402114
10784 -0.151485 0.0372339 -0.0125053 0.0407219
10800 -0.0574233 0.0362069 0.145927 0.0402844
10816 -0.131183 0.0369488 0.124402 0.0402081
10832 -0.00716426 0.0365137 0.105758 0.039727
10848 0.096928 0.037053 0.177084 0.0404791
10864 0.0673948 0.0367099 0.0782202 0.0405673
10880 0.142605 0.0369575 0.0445495 0.0409326
10896 0.132868 0.0371083 0.0845389 0.0415958
10912 0.136867 0.0377735 -0.0653477 0.0420858
10928 0.119695 0.036699 -0.11591 0.0419446
10944 0.0447347 0.0377368 -0.141206 0.0421018
10960 -0.0221666 0.0371992 -0.137352 0.0419433
10976 -0.0754028 0.038214 -0.0964276 0.0422939
10992 -0.132711 0.0381185 -0.0881512 0.0426945
11008 -0.18185 0.0389046 -0.102435 0.0421277
11024 -0.230019 0.038826 -0.00354779 0.0426044
11040 -0.134056 0.0380707 0.0734436 0.0419787
11056 -0.118287 0.0388878 0.0757702 0.0422569
11072 -0.0715004 0.0386757 0.21387 0.0426205
11088 0.0175154 0.0391458 0.236862 0.0431601
11104 0.151837 0.0387621 0.126719 0.0433458
11120 0.0739764 0.0385061 0.0826558 0.0429646
11136 0.200912 0.0397468 0.174683 0.0438324
11152 0.193426 0.0394071 -0.137387 0.0441468
11168 0.142471 0.0397028 -0.109281 0.0449202
11184 0.0793424 0.0397428 -0.123588 0.0445961
11200 -0.048408 0.0399289 -0.125184 0.0446132
11216 -0.109939 0.0406936 -0.175665 0.0454985
11232 -0.122121 0.0412834 -0.121936 0.0447467
11248 -0.130274 0.0405661 -0.157996 0.0455847
11264 -0.189468 0.041235 -0.0524048 0.0445582
11280 -0.120889 0.0403639 0.0986087 0.0446284
11296 -0.0557692 0.0407593 0.147059 0.0450805
11312 -0.0664705 0.0407172 0.216077 0.0449937
11328 0.0594203 0.0411656 0.107528 0.0454902
11344 0.138597 0.0417535 0.184886 0.0457186
11360 0.156861 0.0420373 0.139585 0.0460038
11376 0.170913 0.0419483 0.0443264 0.0461569
11392 0.176977 0.0422179 0.00377796 0.0461465
11408 0.151801 0.0416776 -0.0541535 0.0461255
11424 0.116358 0.0426566 -0.160815 0.047141
11440 0.0241228 0.0426272 -0.110864 0.0473487
11456 -0.0062632 0.0420006 -0.124737 0.0477416
11472 -0.121397 0.0430845 -0.128927 0.0478151
11488 -0.133451 0.0433263 -0.140063 0.0473667
11504 -0.211034 0.043862 -0.021492 0.0472269
11520 -0.165998 0.0429433 0.0819883 0.047115
11536 -0.150511 0.0437215 0.066023 0.0472143
11552 -0.0600347 0.0431863 0.154175 0.047036
11568 0.0646823 0.0429591 0.162704 0.0474505
11584 -0.0225471 0.0436308 0.137747 0.0478585
11600 0.0631024 0.0430413 0.0551713 0.047773
11616 0.155969 0.0441055 -0.0281443 0.0483776
11632 0.108599 0.0448903 -0.0119419 0.0480966
11648 0.156389 0.0444896 -0.084101 0.0490652
11664 0.131761 0.0447644 -0.132855 0.0501081
11680 0.0900474 0.0447093 -0.199297 0.0498836
11696 -0.0868881 0.0442333 -0.18379 0.0496815
11712 -0.0500621 0.0453901 -0.226622 0.0501667
11728 -0.11215 0.0461254 -0.153643 0.0502138
11744 -0.218433 0.0462218 -0.0739157 0.0503599
11760 -0.126458 0.0460019 -0.0545225 0.0494126
11776 -0.127839 0.0451249 0.0451267 0.0493761
11792 -0.129294 0.0455513 0.0987789 0.0497404
11808 -0.0995335 0.0459972 0.139943 0.0501766
11824 0.0601182 0.0455831 0.193479 0.0499653
11840 0.071901 0.0456261 0.183539 0.0507746
11856 0.125189 0.046195 0.0956302 0.050676
11872 0.163024 0.0453686 -0.0218173 0.0502417
11888 0.115835 0.0463862 -0.0174786 0.0509022
11904 0.181258 0.0467529 -0.0571112 0.051347
11920 0.0774519 0.0465842 -0.200204 0.0531717
11936 0.0184321 0.0465057 -0.16664 0.0509681
11952 -0.0327326 0.0464619 -0.182134 0.0511179
11968 -0.0792216 0.0463472 -0.177788 0.0520319
11984 -0.0497688 0.0473209 -0.109818 0.0520998
12000 -0.178829 0.0481524 -0.123894 0.052674
12016 -0.239873 0.0477906 0.0791733 0.05219
12032 -0.116973 0.0470977 0.218007 0.0521355
12048 -0.0176316 0.047577 0.101551 0.0526537
12064 -0.00725768 0.047754 0.166342 0.0528059
12080 -0.011695 0.0472785 0.0967118 0.0526002
12096 0.101766 0.049392 0.200554 0.0533732
12112 0.180208 0.0482305 -0.0419994 0.053041
12128 0.293933 0.04892 -0.0165244 0.0535741
12144 0.130867 0.0484928 -0.124482 0.0533764
12160 0.0148932 0.048895 -0.132288 0.0538255
12176 0.0205524 0.048859 -0.112099 0.0543976
12192 -0.051074 0.048499 -0.121857 0.0539582
12208 -0.108462 0.0492054 -0.146341 0.0548679
12224 -0.0281139 0.0492674 -0.204062 0.0545304
12240 -0.176704 0.0495829 -0.0751195 0.0545726
12256 -0.127004 0.049952 0.00673808 0.0552389
12272 -0.128019 0.0503995 0.0723423 0.055031
12288 -0.0718763 0.0499438 0.088653 0.0555197
12304 0.0192251 0.0497511 0.298277 0.0553512
12320 0.0112329 0.0499326 0.127892 0.0555531
12336 0.0888401 0.0514584 0.0903043 0.0562748
12352 0.102651 0.0508464 0.112717 0.0559638
12368 0.205953 0.0504811 -0.00119151 0.0561633
12384 0.144689 0.0509706 -0.0872891 0.0569976
12400 0.209128 0.0516108 -0.0693146 0.0568436
12416 0.095934 0.0516425 -0.108217 0.0569752
12432 -0.0962337 0.0512217 -0.172137 0.0569873
12448 -0.0684815 0.0514086 -0.173286 0.0571952
12464 -0.096186 0.0515961 -0.0351254 0.0574038
12480 -0.0543962 0.0517843 -0.14478 0.0576132
12496 -0.234286 0.0534445 -0.000156851 0.0581627
12512 -0.213455 0.0521628 0.0600546 0.0580343
12528 -0.156063 0.0523531 0.103635 0.058246
12544 0.00237764 0.0525441 0.0761086 0.0584585
12560 -0.0301666 0.0527358 0.158962 0.0586718
12576 0.0884304 0.0529281 0.0708268 0.0588858
12592 0.126565 0.0531212 0.12176 0.0591006
12608 0.0378051 0.053315 0.0905838 0.0593162
12624 0.0608515 0.0537014 0.107405 0.0605808
12640 0.103874 0.0537047 -0.169025 0.0597498
12656 0.137778 0.0539006 -0.183791 0.0599677
12672 0.0541416 0.0540972 -0.154247 0.0601865
12688 -0.0495929 0.0542945 -0.19469 0.060406
12704 -0.0628816 0.0544926 -0.0175202 0.0606264
12720 -0.135558 0.0546914 -0.142856 0.0608475
12736 -0.19617 0.0548909 0.0387771 0.0610695
12752 -0.100278 0.0550912 -0.0230449 0.0612923
12768 -0.121602 0.0552921 0.182828 0.0615159
12784 -0.11516 0.0554938 0.0865742 0.0617403
12800 -0.0562356 0.0556962 0.138926 0.0619655
12816 0.0244377 0.0558994 0.204284 0.0621915
12832 0.0850076 0.0561033 0.0832808 0.0624184
12848 0.121841 0.056308 0.135603 0.0626461
12864 0.0896151 0.0573707 0.0961376 0.0631787
12880 0.12148 0.0567196 -0.130751 0.063104
12896 0.155852 0.0569265 -0.084351 0.0633342
12912 0.0171499 0.0571341 -0.143837 0.0635652
12928 0.0703331 0.0573426 -0.233793 0.0637971
12944 -0.0648315 0.0575517 -0.181983 0.0640299
12960 -0.143355 0.0577617 -0.0192476 0.0642634
12976 -0.085254 0.0579724 0.122767 0.0644979
12992 -0.24106 0.0594922 0.0631537 0.065155
13008 -0.142774 0.0583961 -0.0357311 0.0649693
13024 -0.202463 0.0586092 0.0260081 0.0652063
13040 0.0285859 0.0588229 0.130923 0.0654441
13056 -0.1191 0.0590375 0.0406767 0.0656829
13072 0.0953777 0.0592529 0.122333 0.0659225
13088 0.139816 0.059469 0.168998 0.066163
13104 0.153464 0.059686 0.1416 0.0664043
13120 0.174145 0.0599037 -0.00853062 0.0666466
13136 0.239282 0.0601222 -0.319741 0.0668897
13152 0.131282 0.0603416 -0.145923 0.0671337
13168 0.0829005 0.0605617 -0.0260899 0.0673786
13184 0.0246312 0.0607826 -0.103295 0.0676244
13200 -0.200734 0.0610043 -0.0579886 0.0678711
13216 -0.211485 0.0612269 -0.129264 0.0681187
13232 -0.100483 0.0614502 -0.0422732 0.0683671
13248 -0.183033 0.0616744 0.102022 0.0686165
13264 -0.117719 0.0618994 0.287715 0.0688668
13280 -0.205849 0.0621252 0.0262758 0.0691181
13296 0.0877084 0.0623518 0.159038 0.0693702
13312 0.100091 0.0625793 0.0710268 0.0696233
13328 0.0936617 0.0628075 0.198326 0.0698772
13344 0.160785 0.0630367 0.102847 0.0701322
13360 0.155711 0.0632666 0.000158833 0.070388
13376 0.101737 0.0634974 -0.031866 0.0706448
13392 0.142214 0.063729 -0.117949 0.0709025
13408 0.0733816 0.0639615 -0.221682 0.0711611
13424 -0.124458 0.0641948 -0.0435846 0.0714207
13440 -0.0652517 0.064429 -0.0426921 0.0716812
13456 -0.283632 0.064664 -0.14785 0.0719427
13472 -0.122292 0.0648999 -0.160215 0.0722052
13488 -0.125993 0.0651367 0.0737444 0.0724686
13504 -0.126355 0.0653743 0.111883 0.0727329
13520 -0.0913934 0.0656128 0.185674 0.0729982
13536 -0.0216058 0.0658521 0.115621 0.0732645
13552 0.0714403 0.0660923 0.0278532 0.0735318
13568 0.149738 0.0663335 0.138945 0.0738
13584 0.0263542 0.0665754 0.0224402 0.0740693
13600 0.0961991 0.0668183 -0.0144655 0.0743394
13616 0.116687 0.067062 -0.161702 0.0746106
13632 0.1896 0.0673067 -0.0123103 0.0748828
13648 0.0190856 0.0675522 -0.126224 0.075156
13664 -0.133951 0.0677986 -0.145708 0.0754301
13680 0.0805365 0.068046 -0.164544 0.0757053
13696 -0.086789 0.0682942 0.0413315 0.0759815
13712 -0.197701 0.0685433 -0.158433 0.0762586
13728 -0.212934 0.0687934 -0.0175976 0.0765368
13744 -0.208024 0.0690443 0.0403421 0.076816
13760 -0.0985742 0.0692962 0.087726 0.0770963
13776 0.00125019 0.069549 0.151684 0.0773775
13792 -0.138549 0.0698027 0.201434 0.0776598
13808 0.00675438 0.0700573 0.187348 0.077943
13824 0.261828 0.0703129 0.0165217 0.0782274
13840 0.296798 0.0705694 0.13873 0.0785128
13856 0.0958861 0.0708268 0.0737483 0.0787992
13872 0.209586 0.0710852 0.0104894 0.0790866
13888 0.158282 0.0713445 -0.244318 0.0793751
13904 0.0270795 0.0716047 -0.187924 0.0796647
13920 0.00544623 0.0718659 -0.0470433 0.0799553
13936 -7.5122E-005 0.0721281 -0.122091 0.0802469
13952 -0.156618 0.0723912 -0.2213 0.0805397
13968 -0.16315 0.0726553 0.0176026 0.0808335
13984 -0.0966947 0.0729203 -0.0297302 0.0811283
14000 0.00913613 0.0731864 0.14752 0.0814243
14016 -0.105688 0.0734533 0.198356 0.0817213
14032 -0.0455823 0.0737213 0.170941 0.0820194
14048 0.122518 0.0739902 0.195034 0.0823186
14064 0.105822 0.0742601 0.0948954 0.0826189
14080 0.170032 0.074531 0.147889 0.0829203
14096 0.0555752 0.0748029 0.0488843 0.0832228
14112 0.159477 0.0750758 0.0463353 0.0835264
14128 0.160616 0.0753496 -0.065725 0.0838311
14144 0.0425047 0.0756245 -0.162835 0.0841369
14160 0.160011 0.0759004 -0.340446 0.0844438
14176 -0.0427592 0.0761773 -0.135492 0.0847519
14192 -0.020404 0.0764551 0.0315693 0.085061
14208 -0.28304 0.076734 0.0182579 0.0853713
14224 -0.160658 0.077014 -0.181526 0.0856828
14240 -0.170127 0.0772949 0.0896987 0.0859953
14256 -0.102286 0.0775769 0.0715338 0.086309
14272 -0.196309 0.0778599 0.165872 0.0866239
14288 -0.0632995 0.0781439 0.09131 0.0869399
14304 0.126095 0.078429 0.214227 0.087257
14320 0.235288 0.0787151 0.159965 0.0875753
14336 0.0374171 0.0790022 -0.0473225 0.0878948
14352 0.137751 0.0792904 -0.0758754 0.0882154
14368 0.260069 0.0795796 -0.230796 0.0885372
14384 0.177133 0.0798699 -0.00913996 0.0888602
14400 0.100588 0.0801613 -0.164283 0.0891844
14416 -0.0415632 0.0804537 -0.141445 0.0895097
14432 -0.213805 0.0807472 -0.193202 0.0898362
14448 -0.213806 0.0810418 -0.105382 0.0901639
14464 -0.14309 0.0813374 -0.0176955 0.0904929
14480 -0.324302 0.0816341 0.0637694 0.090823
14496 -0.306162 0.0819319 0.15814 0.0911543
14512 -0.122486 0.0822308 0.209136 0.0914868
14528 -0.187728 0.0825308 0.196514 0.0918205
14544 0.0372219 0.0828318 -0.0286789 0.0921555
14560 -0.066223 0.083134 0.0430637 0.0924917
14576 0.166486 0.0834373 0.11409 0.0928291
14592 0.0707508 0.0837416 -0.0232322 0.0931677
14608 0.132163 0.0840471 -0.0479964 0.0935076
14624 0.173653 0.0843537 -0.0769147 0.0938487
14640 0.0849704 0.0846614 -0.231752 0.094191
14656 0.00712997 0.0849703 -0.0581894 0.0945346
14672 -0.168274 0.0852802 -0.286654 0.0948795
14688 -0.178124 0.0855913 -0.121115 0.0952256
14704 -0.299011 0.0859035 0.0404819 0.095573
14720 -0.128212 0.0862169 0.0263548 0.0959216
14736 -0.169279 0.0865314 0.00959297 0.0962715
14752 0.0205594 0.0868471 0.245035 0.0966227
14768 -0.210498 0.0871639 0.187201 0.0969752
14784 0.102248 0.0874819 0.206398 0.097329
14800 -0.0109973 0.087801 0.163915 0.097684
14816 0.123632 0.0881213 0.133275 0.0980403
14832 0.256613 0.0884427 0.1221 0.098398
14848 0.128459 0.0887654 0.00246579 0.0987569
14864 0.14517 0.0890892 -0.159693 0.0991172
14880 0.193987 0.0894142 -0.0625378 0.0994788
14896 -0.0721554 0.0897404 -0.192331 0.0998416
14912 -0.0245042 0.0900677 -0.149819 0.100206
14928 0.0121379 0.0903963 -0.273062 0.100571
14944 0.191063 0.090726 -0.235742 0.100938
14960 -0.139127 0.091057 0.019737 0.101306
14976 -0.0827939 0.0913892 0.0976755 0.101676
14992 -0.142169 0.0917225 0.263165 0.102047
15008 -0.000206966 0.0920571 0.338107 0.102419
15024 0.0925993 0.092393 -0.0113104 0.102793
15040 0.133686 0.09273 0.14916 0.103168
15056 0.182292 0.0930683 0.23279 0.103544
15072 0.164714 0.0934078 0.0267612 0.103922
15088 0.0784843 0.0937485 0.0288801 0.104301
15104 0.0877649 0.0940905 0.0506855 0.104681
15120 0.118637 0.0944337 -0.0816738 0.105063
15136 -0.0727421 0.0947782 -0.365814 0.105447
15152 -0.0113233 0.095124 -0.247066 0.105831
15168 -0.146703 0.095471 0.0300289 0.106217
15184 -0.0841058 0.0958192 0.11816 0.106605
15200 -0.114119 0.0961688 -0.0156671 0.106994
15216 -0.0601511 0.0965196 -0.0280701 0.107384
15232 -0.139609 0.0968717 0.168308 0.107776
15248 -0.0503789 0.0972251 0.170966 0.108169
15264 0.0342845 0.0975797 0.294568 0.108563
15280 0.011267 0.0979357 0.244487 0.108959
15296 0.201056 0.098293 0.2447 0.109357
15312 0.131117 0.0986515 0.0484812 0.109756
15328 0.273831 0.0990114 -0.0172 0.110156
15344 0.22223 0.0993726 0.126892 0.110558
15360 0.0540637 0.0997351 -0.21516 0.110961
15376 0.232843 0.100099 -0.269534 0.111366
15392 0.00217567 0.100464 -0.0783653 0.111772
15408 0.0511967 0.100831 0.232799 0.11218
15424 -0.0811704 0.101198 -0.0342582 0.112589
15440 -0.0542528 0.101568 -0.0626455 0.113
15456 -0.0596588 0.101938 -0.0460294 0.113412
15472 -0.0235429 0.10231 -0.183302 0.113826
15488 -0.243157 0.102683 -0.00905608 0.114241
15504 -0.079336 0.103058 0.0827369 0.114658
15520 0.101055 0.103434 -0.00567087 0.115076
15536 -0.18068 0.103811 0.283739 0.115496
15552 0.244742 0.10419 0.105018 0.115917
15568 0.281285 0.10457 0.222327 0.11634
15584 -0.00655492 0.104951 0.0388105 0.116765
15600 0.188206 0.105334 0.146875 0.117191
15616 -0.0934241 0.105718 -0.0757029 0.117618
15632 0.157753 0.106104 0.158226 0.118047
15648 -0.139435 0.106491 -0.315487 0.118478
15664 0.15949 0.106879 -0.145649 0.11891
15680 -0.0505632 0.107269 -0.19723 0.119344
15696 -0.131224 0.107661 -0.149553 0.119779
15712 -0.132468 0.108053 -0.0200393 0.120216
15728 -0.269069 0.108448 0.284317 0.120655
15744 -0.203512 0.108843 0.256318 0.121095
15760 -0.0167293 0.10924 0.399043 0.121536
15776 0.0311363 0.109639 0.201301 0.12198
15792 -0.00761687 0.110039 0.0279334 0.122425
15808 0.125517 0.11044 -0.0980562 0.122871
15824 0.291049 0.110843 0.242238 0.12332
15840 0.188269 0.111247 0.133753 0.123769
15856 0.175886 0.111653 -0.172817 0.124221
15872 0.0574725 0.11206 -0.404022 0.124674
15888 0.102619 0.112469 -0.323431 0.125129
15904 0.00252878 0.11288 -0.0553455 0.125585
15920 0.0471973 0.113291 -0.23205 0.126044
15936 -0.190978 0.113705 0.12994 0.126503
15952 -0.198645 0.114119 -0.233632 0.126965
15968 -0.25959 0.114536 0.053209 0.127428
15984 -0.303785 0.114953 0.012289 0.127893
16000 -0.0988285 0.115373 0.183092 0.128359
16016 -0.207035 0.115794 0.312038 0.128828
16032 -0.0231356 0.116216 0.2912 0.129298
16048 0.191982 0.11664 -0.0362047 0.129769
16064 0.231856 0.117066 0.159939 0.130243
16080 0.181336 0.117493 0.053389 0.130718
16096 -0.101662 0.117921 -0.198279 0.131195
16112 -0.0932497 0.118351 -0.0138102 0.131673
16128 -0.0505376 0.118783 -0.297655 0.132153
16144 -0.0474597 0.119216 -0.344168 0.132636
16160 -0.141315 0.119651 -0.247549 0.133119
16176 -0.256069 0.120088 -0.243547 0.133605
16192 -0.251458 0.120526 0.0636385 0.134092
16208 -0.0952115 0.120965 0.109038 0.134582
16224 -0.0222533 0.121407 -0.0127612 0.135072
16240 -0.273867 0.12185 0.22988 0.135565
16256 -0.262598 0.122294 0.0297858 0.13606
16272 0.186557 0.12274 0.214906 0.136556
16288 0.279923 0.123188 0.061618 0.137054
16304 0.0899963 0.123637 0.325609 0.137554
16320 0.101929 0.124088 -0.279581 0.138056
16336 -0.0107783 0.124541 -0.089 0.13856
16352 -0.0439045 0.124995 -0.351371 0.139065
16368 0.00771023 0.125451 -0.279923 0.139572
16384 -0.181778 0.125909 -0.336097 0.140081
16400 0.134967 0.126368 -0.261553 0.140592
16416 -0.213769 0.126829 -0.132145 0.141105
16432 -0.149698 0.127292 -0.253592 0.14162
16448 -0.140038 0.127756 -0.0456702 0.142137
16464 -0.124124 0.128222 -0.0106503 0.142655
16480 0.0286564 0.12869 0.191001 0.143176
16496 -0.213733 0.12916 0.218529 0.143698
16512 -0.089529 0.129631 0.356643 0.144222
16528 -0.196245 0.130104 0.24727 0.144748
16544 -0.119777 0.130578 -0.0231348 0.145276
16560 0.10686 0.131055 0.108117 0.145806
16576 -0.0127349 0.131533 0.110821 0.146338
16592 0.199006 0.132012 0.246022 0.146872
16608 0.192364 0.132494 -0.18037 0.147408
16624 0.169279 0.132977 -0.0523878 0.147945
16640 0.0063723 0.133462 -0.234346 0.148485
16656 -0.161433 0.133949 -0.187906 0.149027
16672 -0.213101 0.134438 -0.138496 0.14957
16688 -0.192126 0.134928 0.109631 0.150116
16704 -0.0854595 0.135421 -0.0891397 0.150664
16720 -0.380634 0.135915 0.158564 0.151213
16736 0.0970557 0.13641 -0.00980088 0.151765
16752 -0.000395703 0.136908 0.31543 0.152318
16768 -0.0401348 0.137407 0.170788 0.152874
16784 -0.0582712 0.137909 -0.176659 0.153432
16800 0.0710609 0.138412 0.0145594 0.153992
16816 0.176853 0.138917 0.0646628 0.154553
16832 0.128748 0.139423 -0.128759 0.155117
16848 -0.0565893 0.139932 -0.00139061 0.155683
16864 -0.0889362 0.140442 -0.0515827 0.156251
16880 0.188996 0.140955 -0.344892 0.156821
16896 0.0686441 0.141469 -0.308237 0.157393
16912 -0.10607 0.141985 0.0158392 0.157967
16928 -0.399355 0.142503 0.091732 0.158543
16944 -0.194068 0.143023 -0.0128761 0.159122
16960 -0.197904 0.143545 -0.194444 0.159702
16976 -0.121941 0.144068 0.0603126 0.160285
16992 -0.208029 0.144594 0.112793 0.160869
17008 0.304279 0.145121 0.442184 0.161456
17024 -0.0481137 0.145651 0.197101 0.162045
17040 0.0953511 0.146182 0.381591 0.162636
17056 0.210311 0.146715 -0.00160389 0.16323
17072 0.3695 0.14725 -0.0917543 0.163825
17088 0.0397862 0.147788 0.136293 0.164423
17104 0.0641631 0.148327 -0.330277 0.165022
17120 -0.246713 0.148868 -0.129922 0.165624
17136 0.131133 0.149411 0.0288057 0.166229
17152 -0.210733 0.149956 -0.263202 0.166835
17168 -0.38275 0.150503 0.0120818 0.167444
17184 0.142764 0.151052 0.27366 0.168054
17200 -0.0731615 0.151603 0.10729 0.168668
17216 -0.16594 0.152156 -0.0672416 0.169283
17232 -0.177682 0.152711 0.0175971 0.1699
17248 0.109339 0.153268 -0.0507967 0.17052
17264 -0.0525362 0.153827 0.134545 0.171142
17280 0.284708 0.154388 0.0870782 0.171766
17296 0.212952 0.154951 0.148165 0.172393
17312 0.254392 0.155517 -0.143256 0.173022
17328 0.210486 0.156084 -0.396474 0.173653
17344 0.221824 0.156653 -0.331544 0.174287
17360 -0.0277197 0.157225 -0.342678 0.174922
17376 -0.201249 0.157798 -0.385921 0.17556
17392 -0.422594 0.158374 -0.203375 0.176201
17408 -0.0374762 0.158952 -0.252933 0.176844
17424 -0.0752108 0.159532 0.000386151 0.177489
17440 -0.101377 0.160114 0.0615152 0.178136
17456 -0.220201 0.160698 0.0164061 0.178786
17472 -0.0275286 0.161284 -0.08965 0.179438
17488 0.368959 0.161872 0.375866 0.180093
17504 -0.0696878 0.162463 -0.0662358 0.18075
17520 0.431362 0.163055 -0.0562676 0.181409
17536 0.201189 0.16365 -0.264867 0.182071
17552 0.0422658 0.164247 -0.289231 0.182735
17568 0.0738116 0.164846 -0.0386725 0.183402
17584 0.0526813 0.165448 0.0991357 0.184071
17600 -0.0589812 0.166051 0.0738923 0.184742
17616 -0.115771 0.166657 0.132755 0.185416
17632 0.107178 0.167265 -0.10433 0.186093
17648 -0.022705 0.167875 -0.355246 0.186771
17664 -0.219002 0.168488 -0.0629462 0.187453
17680 -0.223195 0.169102 0.222661 0.188136
17696 -0.0740933 0.169719 0.284328 0.188823
17712 -0.236924 0.170338 0.225488 0.189512
17728 -0.077105 0.17096 0.134407 0.190203
17744 0.0229572 0.171583 0.139599 0.190897
17760 -0.112308 0.172209 0.38251 0.191593
17776 0.0272268 0.172837 0.0656132 0.192292
17792 0.529438 0.173468 -0.12067 0.192994
17808 0.122629 0.174101 -0.169148 0.193698
17824 0.0610755 0.174736 -0.232199 0.194404
17840 0.362818 0.175373 0.141825 0.195113
17856 -0.087814 0.176013 -0.0326254 0.195825
17872 0.0528825 0.176655 0.225031 0.196539
17888 0.140367 0.177299 0.0424719 0.197256
17904 -0.348034 0.177946 -0.0810307 0.197976
17920 -0.576304 0.178595 -0.0917836 0.198698
17936 -0.360084 0.179247 -0.154246 0.199423
17952 -0.090184 0.179901 0.0481761 0.20015
17968 0.195679 0.180557 -0.14672 0.200881
17984 -0.0420398 0.181216 0.200729 0.201613
18000 -0.0117047 0.181877 -0.0153578 0.202349
18016 0.226461 0.18254 0.158993 0.203087
18032 0.129481 0.183206 0.00899933 0.203828
18048 0.112864 0.183874 -0.263508 0.204571
18064 0.19404 0.184545 -0.285359 0.205318
18080 -0.0326323 0.185218 -0.188289 0.206067
18096 -0.119269 0.185894 0.0994709 0.206818
18112 -0.120364 0.186572 -0.435319 0.207573
18128 -0.012511 0.187253 -0.466318 0.20833
18144 0.202417 0.187936 -0.154376 0.20909
18160 -0.514358 0.188621 -0.0948206 0.209853
18176 -0.263187 0.189309 0.291766 0.210618
18192 -0.434446 0.19 -0.0351186 0.211387
18208 -0.0539532 0.190693 0.37284 0.212158
18224 -0.288012 0.191389 0.43859 0.212932
18240 -0.0503397 0.192087 0.353538 0.213708
18256 -0.101295 0.192788 0.00309481 0.214488
18272 0.033938 0.193491 -0.0312353 0.21527
18288 0.113132 0.194197 0.168999 0.216056
18304 0.261453 0.194905 -0.120363 0.216844
18320 0.0566856 0.195616 -0.224778 0.217635
18336 0.126789 0.19633 -0.00439023 0.218429
18352 -0.0397909 0.197046 -0.0611047 0.219226
18368 -0.188466 0.197765 0.225013 0.220025
18384 -0.0260792 0.198486 -0.0687081 0.220828
18400 -0.0848566 0.19921 0.0451423 0.221634
18416 -0.0200065 0.199937 0.162008 0.222442
18432 0.381447 0.200666 0.247617 0.223254
18448 -0.135216 0.201398 0.423741 0.224068
18464 0.0586806 0.202133 0.0256472 0.224885
18480 -0.224451 0.20287 0.323078 0.225706
18496 -0.0568411 0.20361 0.255974 0.226529
18512 0.592443 0.204353 0.299606 0.227355
18528 0.0918377 0.205099 0.0778077 0.228185
18544 0.196604 0.205847 0.0391616 0.229017
18560 -0.226349 0.206598 0.562189 0.229853
18576 -0.335481 0.207351 -0.363914 0.230691
18592 -0.00441241 0.208108 -0.0253365 0.231533
18608 0.333021 0.208867 -0.400013 0.232377
18624 -0.128872 0.209629 -0.0533657 0.233225
18640 0.296324 0.210394 -0.6276 0.234076
18656 0.0365341 0.211161 -0.297231 0.23493
18672 -0.109557 0.211931 0.185913 0.235787
18688 0.121829 0.212704 0.050192 0.236647
18704 0.20534 0.21348 0.20051 0.23751
18720 -0.124225 0.214259 0.0652771 0.238376
18736 -0.0129053 0.215041 0.36336 0.239246
18752 0.153366 0.215825 0.297093 0.240119
18768 0.522739 0.216612 0.0108497 0.240995
18784 0.0320746 0.217403 -0.239741 0.241874
18800 0.325011 0.218196 -0.372015 0.242756
18816 0.227206 0.218992 -0.135622 0.243642
18832 0.266908 0.219791 0.378683 0.244531
18848 -0.107769 0.220592 0.0271717 0.245422
18864 -0.345444 0.221397 -0.0392944 0.246318
18880 -0.381391 0.222205 -0.171634 0.247216
18896 0.197447 0.223015 0.0588983 0.248118
18912 -0.147516 0.223829 -0.0546631 0.249023
18928 0.172735 0.224645 -0.0903348 0.249932
18944 -0.0717871 0.225465 -0.204573 0.250843
18960 0.138085 0.226287 0.435012 0.251758
18976 0.210843 0.227113 -0.0203379 0.252677
18992 0.159961 0.227941 0.0523627 0.253599
19008 0.310103 0.228773 0.275358 0.254524
19024 -0.331762 0.229607 0.0894085 0.255452
19040 0.167744 0.230445 0.295182 0.256384
19056 0.678533 0.231285 -0.298465 0.257319
19072 -0.0379785 0.232129 0.0319921 0.258258
19088 -0.0150575 0.232976 -0.317516 0.2592
19104 -0.142367 0.233826 0.0627879 0.260146
19120 -0.203994 0.234679 -0.0617349 0.261095
19136 -0.115795 0.235535 0.06728 0.262047
19152 -0.455821 0.236394 0.511844 0.263003
19168 0.173931 0.237256 0.439829 0.263962
19184 -0.605269 0.238122 -0.162206 0.264925
19200 -0.392888 0.238991 -0.183506 0.265892
19216 -0.091287 0.239862 0.400222 0.266862
19232 0.463328 0.240737 0.158262 0.267835
19248 0.0614773 0.241616 -0.15552 0.268812
19264 0.472453 0.242497 0.00732041 0.269793
19280 0.0894968 0.243382 0.0384534 0.270777
19296 -0.256468 0.24427 0.508667 0.271765
19312 0.0241985 0.245161 0.292466 0.272756
19328 -0.100998 0.246055 -0.0138811 0.273751
19344 -0.259499 0.246952 0.0294431 0.27475
19360 -0.0880463 0.247853 -0.371448 0.275752
19376 -0.420034 0.248757 -0.411135 0.276758
19392 -0.987794 0.249665 0.220916 0.277768
19408 -0.154764 0.250576 0.0389969 0.278781
19424 -0.384178 0.25149 0.235473 0.279798
19440 -0.0873725 0.252407 0.695506 0.280818
19456 -0.176106 0.253328 -0.0859956 0.281843
19472 0.0940204 0.254252 -0.27126 0.282871
19488 0.321824 0.25518 -0.295514 0.283903
19504 -0.0200017 0.25611 -0.0310283 0.284939
19520 -0.0251289 0.257045 0.168757 0.285978
19536 0.0822404 0.257982 0.33624 0.287021
19552 0.0570305 0.258923 -0.207925 0.288068
19568 0.249227 0.259868 -0.401662 0.289119
19584 -0.149012 0.260816 -0.376911 0.290174
19600 -0.0677834 0.261767 -0.0900879 0.291232
19616 -0.0216989 0.262722 0.192423 0.292295
19632 -0.365727 0.263681 -0.458466 0.293361
19648 -0.175819 0.264643 0.0577009 0.294431
19664 0.183062 0.265608 0.55733 0.295505
19680 -0.399815 0.266577 -0.102988 0.296583
19696 0.280962 0.267549 0.375478 0.297665
19712 0.0231388 0.268525 0.115563 0.298751
19728 -0.00275188 0.269505 0.378764 0.299841
19744 -0.0597733 0.270488 -0.190526 0.300935
19760 -0.164757 0.271475 -0.428058 0.302032
19776 -0.505527 0.272465 0.410261 0.303134
19792 0.422009 0.273459 -0.344038 0.30424
19808 -0.463475 0.274457 0.0429538 0.30535
19824 -0.209515 0.275458 -0.290113 0.306464
19840 -0.199673 0.276463 -0.375245 0.307582
19856 0.0332427 0.277471 0.274875 0.308704
19872 -0.793313 0.278483 -0.0779354 0.30983
19888 -0.37337 0.279499 0.14825 0.31096
19904 -0.031341 0.280519 -0.381389 0.312094
19920 -0.0578808 0.281542 0.201058 0.313233
19936 0.293711 0.282569 -0.208288 0.314375
19952 -0.11055 0.2836 0.185304 0.315522
19968 0.491605 0.284634 -0.255564 0.316673
19984 -0.0601838 0.285673 0.201411 0.317829
20000 -0.238379 0.286715 -0.255099 0.318988
20016 0.191705 0.287761 -0.514516 0.320152
20032 -0.311082 0.288811 -0.61069 0.321319
20048 0.225798 0.289864 -0.443789 0.322492
20064 0.506695 0.290922 -0.160337 0.323668
20080 0.404946 0.291983 -0.115975 0.324849
20096 -0.365547 0.293048 0.358566 0.326034
20112 -0.557435 0.294117 0.256101 0.327223
20128 -0.0888755 0.29519 -0.812515 0.328417
20144 -0.249158 0.296267 -0.369096 0.329615
20160 0.128202 0.297347 -0.135236 0.330817
20176 -0.245079 0.298432 0.0452042 0.332024
20192 0.339558 0.299521 0.204295 0.333235
20208 -0.214436 0.300613 -0.196481 0.334451
20224 0.0519948 0.30171 0.443431 0.335671
20240 0.503186 0.302811 0.416348 0.336895
20256 0.17116 0.303915 0.00768017 0.338124
20272 -0.0852256 0.305024 0.190501 0.339358
20288 -0.0727186 0.306137 -0.064083 0.340596
20304 0.523848 0.307253 -0.391224 0.341838
20320 0.216602 0.308374 -0.294389 0.343085
20336 -0.194249 0.309499 -0.0951164 0.344337
20352 -0.210793 0.310628 0.112041 0.345593
20368 -0.0194393 0.311761 -0.409972 0.346854
20384 -0.00126204 0.312899 0.0118451 0.348119
20400 0.192982 0.31404 -0.078697 0.349389
20416 -0.417319 0.315186 -0.0481024 0.350663
20432 0.0989215 0.316335 -0.504085 0.351942
20448 0.142286 0.317489 0.337534 0.353226
20464 0.557438 0.318647 0.230872 0.354515
20480 0.261879 0.31981 0.00805567 0.355808
20496 0.0306448 0.320977 -0.255774 0.357106
20512 0.34986 0.322147 0.346874 0.358409
20528 -0.0564093 0.323323 -0.734282 0.359716
20544 0.247846 0.324502 -0.0375241 0.361028
20560 0.510382 0.325686 0.148257 0.362345
20576 0.410206 0.326874 -0.79567 0.363667
20592 -0.0109376 0.328066 -0.12907 0.364994
20608 0.0788205 0.329263 -0.0705315 0.366326
20624 -0.133943 0.330464 0.0273037 0.367662
20640 0.106505 0.33167 0.0818394 0.369003
20656 -0.553353 0.33288 -0.147435 0.370349
20672 -0.390725 0.334094 -0.54391 0.3717
20688 0.116263 0.335313 0.599194 0.373056
20704 -0.255777 0.336536 0.0390946 0.374417
20720 0.251461 0.337764 0.0791393 0.375783
20736 0.611657 0.338996 0.116632 0.377154
20752 0.420803 0.340232 -0.0512719 0.378529
20768 0.558781 0.341474 -0.180083 0.37991
20784 0.00292853 0.342719 -0.504804 0.381296
20800 0.195304 0.343969 0.251692 0.382687
20816 0.379582 0.345224 -0.11093 0.384083
20832 0.254955 0.346483 -0.626379 0.385484
20848 0.883297 0.347748 -0.962037 0.38689
20864 0.351732 0.349016 0.199454 0.388302
20880 -0.256469 0.350289 0.192272 0.389718
20896 -0.808907 0.351567 -0.265803 0.39114
20912 0.265424 0.35285 -0.192317 0.392567
20928 -0.298548 0.354137 0.750411 0.393999
20944 0.0167493 0.355429 -0.449385 0.395436
20960 -0.0762875 0.356725 0.0399989 0.396879
20976 0.00746129 0.358026 0.0633081 0.398326
20992 -0.308735 0.359333 0.115786 0.399779
21008 0.0574855 0.360643 -0.670283 0.401238
21024 0.119331 0.361959 -0.841758 0.402701
21040 0.186927 0.363279 0.0492954 0.404171
21056 0.383024 0.364605 -0.467954 0.405645
21072 -0.42076 0.365935 -0.487186 0.407125
21088 -0.871421 0.367269 -0.507877 0.40861
21104 -0.246168 0.368609 -0.0718034 0.4101
21120 0.141719 0.369954 -0.121853 0.411596
21136 -0.415935 0.371303 0.112687 0.413098
21152 -0.635747 0.372658 0.926873 0.414605
21168 -0.508245 0.374017 -0.116004 0.416117
21184 0.17175 0.375382 -0.142451 0.417635
21200 0.429055 0.376751 0.415763 0.419159
21216 -0.130476 0.378125 0.00776449 0.420688
21232 0.310656 0.379505 0.322196 0.422222
21248 0.475606 0.380889 0.426563 0.423763
21264 -0.400964 0.382279 0.809876 0.425309
21280 0.19277 0.383673 -0.353114 0.42686
21296 0.678798 0.385073 -0.00502767 0.428417
21312 0.365431 0.386478 -0.32407 0.42998
21328 -0.217461 0.387887 -0.36397 0.431549
21344 -0.6476 0.389302 -0.336788 0.433123
21360 0.165127 0.390723 0.195147 0.434703
21376 0.248813 0.392148 0.548827 0.436289
21392 0.165601 0.393578 0.0282051 0.43788
21408 0.0619759 0.395014 0.293219 0.439477
21424 0.518823 0.396455 0.151718 0.441081
21440 0.338564 0.397901 -0.08247 0.44269
21456 -0.513049 0.399353 1.16158 0.444305
21472 -0.0784966 0.40081 1.03888 0.445925
21488 0.419002 0.402272 -0.419664 0.447552
21504 -0.352202 0.403739 -0.563647 0.449185
21520 0.748472 0.405212 -0.655032 0.450823
21536 0.0510873 0.40669 0.418686 0.452468
21552 0.480656 0.408174 0.567658 0.454118
21568 0.0851625 0.409663 -0.499523 0.455775
21584 -0.153185 0.411157 -0.181686 0.457438
21600 0.446576 0.412657 0.354553 0.459106
21616 -0.0545425 0.414162 -0.315929 0.460781
21632 -0.0872763 0.415673 0.166694 0.462462
21648 -0.460911 0.41719 -0.157107 0.464149
21664 -0.0858967 0.418711 0.45612 0.465842
21680 0.112171 0.420239 0.27991 0.467541
21696 0.326061 0.421772 0.410951 0.469247
21712 -0.180199 0.42331 -0.165077 0.470959
21728 0.29496 0.424855 0.295902 0.472677
21744 0.367945 0.426404 0.422717 0.474401
21760 0.559852 0.42796 0.0493944 0.476132
21776 0.837467 0.429521 -1.01532 0.477869
21792 -0.0468275 0.431088 -0.0568319 0.479612
21808 -0.444024 0.432661 0.0520692 0.481361
21824 0.567246 0.434239 0.0299362 0.483117
21840 0.71525 0.435823 -0.194186 0.48488
21856 0.131552 0.437413 0.00998171 0.486649
21872 -0.669193 0.439008 0.411841 0.488424
21888 -0.171908 0.44061 0.255951 0.490205
21904 0.498099 0.442217 -0.324218 0.491994
21920 -0.73728 0.44383 -0.78305 0.493789
21936 0.417282 0.445449 0.373394 0.49559
21952 -0.449743 0.447074 -0.413652 0.497398
21968 0.462846 0.448705 0.496104 0.499212
21984 0.734869 0.450342 0.02353 0.501033
22000 0.544571 0.451985 -0.245741 0.502861
22016 0.310076 0.453634 0.411747 0.504695
22032 0.207011 0.455288 0.0593634 0.506536
22048 -0.000498126 0.456949 -0.295658 0.508384
22064 0.40725 0.458616 -0.365419 0.510239
22080 -0.0365726 0.460289 -1.43802 0.5121
22096 -0.0399075 0.461968 0.203344 0.513968
22112 -0.0765517 0.463654 -0.998984 0.515843
22128 0.317948 0.465345 -0.0430554 0.517725
22144 0.105 0.467042 0.0127605 0.519613
22160 0.115527 0.468746 0.116942 0.521509
22176 0.348115 0.470456 0.31402 0.523411
22192 0.372218 0.472172 -0.47324 0.525321
22208 0.39297 0.473895 -0.158341 0.527237
22224 -0.487235 0.475623 -1.04473 0.52916
22240 0.370556 0.477359 -0.068406 0.531091
22256 -0.124812 0.4791 0.127642 0.533028
22272 -0.601625 0.480848 -0.491204 0.534972
22288 0.514989 0.482602 0.175746 0.536924
22304 -0.934615 0.484362 0.260345 0.538883
22320 0.88642 0.486129 -0.216214 0.540848
22336 -1.05534 0.487902 0.295609 0.542822
22352 -0.212776 0.489682 1.72936 0.544802
22368 -0.178816 0.491469 0.0639503 0.546789
22384 0.650018 0.493262 -0.470926 0.548784
22400 -0.140598 0.495061 -0.407347 0.550786
22416 -0.0953212 0.496867 -0.63781 0.552795
22432 -0.318808 0.498679 0.501341 0.554811
22448 0.680518 0.500499 0.0333738 0.556835
22464 0.532385 0.502324 -0.0232826 0.558867
22480 -0.80179 0.504157 0.680996 0.560905
22496 0.638906 0.505996 0.335818 0.562952
22512 0.296725 0.507842 -0.58235 0.565005
22528 0.0522516 0.509694 -0.101177 0.567066
22544 -0.151663 0.511554 -1.16311 0.569135
22560 -0.901676 0.51342 0.121706 0.571211
22576 -0.188568 0.515293 0.411121 0.573295
22592 -1.53149 0.517172 0.424815 0.575386
22608 -0.487801 0.519059 0.234701 0.577485
22624 -0.653836 0.520952 0.0468146 0.579591
22640 -0.0263663 0.522853 -0.345615 0.581706
22656 0.14743 0.52476 0.163977 0.583828
22672 0.423482 0.526674 -0.504688 0.585958
22688 0.802638 0.528596 -1.70765 0.588095
22704 -0.208824 0.530524 0.563059 0.59024
22720 0.298385 0.532459 -0.222151 0.592394
22736 -0.0740516 0.534402 -0.726664 0.594555
22752 0.363019 0.536351 -0.258726 0.596724
22768 0.205581 0.538308 -0.405615 0.5989
22784 0.133559 0.540271 0.466855 0.601085
22800 -0.514754 0.542242 -0.135409 0.603278
22816 0.0261894 0.54422 0.212118 0.605478
22832 -1.25881 0.546206 1.05076 0.607687
22848 0.140332 0.548198 0.764171 0.609904
22864 -0.0689584 0.550198 0.727537 0.612129
22880 0.174513 0.552205 -1.25393 0.614362
22896 -0.925669 0.554219 -0.16117 0.616603
22912 0.0641352 0.556241 0.614594 0.618852
22928 0.870144 0.55827 0.784211 0.62111
22944 0.759397 0.560307 0.710187 0.623375
22960 -0.947345 0.562351 0.510117 0.62565
22976 0.680949 0.564402 0.425602 0.627932
22992 -0.812198 0.566461 -0.0783673 0.630223
23008 0.123128 0.568527 0.519985 0.632522
23024 0.821873 0.570601 0.441796 0.634829
23040 0.405628 0.572683 -0.460759 0.637145
23056 -0.0916568 0.574772 0.194016 0.639469
23072 -0.683019 0.576869 0.196833 0.641802
23088 -0.763451 0.578973 0.449217 0.644143
23104 0.172284 0.581085 0.486175 0.646493
23120 -1.75525 0.583205 -1.46097 0.648851
23136 0.74279 0.585332 0.972889 0.651218
23152 -0.10775 0.587467 -0.0572736 0.653594
23168 1.21072 0.58961 0.508974 0.655978
23184 0.55285 0.591761 0.370964 0.658371
23200 0.301311 0.59392 -0.338347 0.660773
23216 0.544217 0.596087 -0.785042 0.663183
23232 -0.5949 0.598261 0.893546 0.665602
23248 -0.162054 0.600443 -0.324135 0.66803
23264 0.951057 0.602634 0.100047 0.670467
23280 0.5766 0.604832 0.0293967 0.672913
23296 -0.0463068 0.607038 0.981024 0.675368
23312 -0.0734495 0.609253 -1.23164 0.677831
23328 -1.29344 0.611476 0.18908 0.680304
23344 -0.667143 0.613706 0.80781 0.682786
23360 -0.469713 0.615945 -0.93212 0.685277
23376 0.51822 0.618192 -0.272361 0.687776
23392 0.0417117 0.620447 -0.0659882 0.690285
23408 -0.273636 0.62271 1.64177 0.692803
23424 -0.0640542 0.624982 -1.27197 0.695331
23440 0.0356242 0.627262 0.81901 0.697867
23456 0.190211 0.62955 -0.655501 0.700413
23472 -0.290917 0.631846 0.205506 0.702968
23488 -0.12379 0.634151 0.218135 0.705532
23504 1.15404 0.636465 0.142796 0.708106
23520 -0.192015 0.638786 -1.14153 0.710689
23536 -1.13356 0.641117 -1.17894 0.713282
23552 0.490376 0.643456 -0.343589 0.715884
23568 -0.479138 0.645803 -0.944105 0.718495
23584 -0.704362 0.648159 0.195219 0.721116
23600 -0.920927 0.650523 -0.131837 0.723747
23616 2.12306 0.652896 -0.08195 0.726387
23632 0.094046 0.655278 0.115491 0.729037
23648 -0.244545 0.657668 -0.537931 0.731696
23664 -0.64321 0.660067 -1.81366 0.734365
23680 -0.0364732 0.662475 0.393514 0.737044
23696 0.527273 0.664892 0.243191 0.739733
23712 0.727678 0.667317 -0.565053 0.742432
23728 1.13812 0.669752 0.685941 0.74514
23744 1.43654 0.672195 0.0387231 0.747858
23760 0.249784 0.674647 -2.01374 0.750586
23776 -0.661965 0.677108 0.468601 0.753324
23792 0.397234 0.679578 -1.40861 0.756072
23808 0.914053 0.682057 0.655873 0.75883
23824 -0.00461848 0.684545 -0.249706 0.761598
23840 -0.41052 0.687042 0.536077 0.764377
23856 0.267461 0.689549 -0.342474 0.767165
23872 -2.56915 0.692064 -0.0898214 0.769964
23888 0.99214 0.694588 -0.864213 0.772772
23904 0.347663 0.697122 -0.399952 0.775591
23920 -1.54207 0.699665 -1.9872 0.778421
23936 -0.549846 0.702218 0.886373 0.78126
23952 1.43382 0.704779 0.865741 0.78411
23968 0.00886687 0.70735 0.884653 0.786971
23984 0.0317753 0.709931 0.0464559 0.789842
24000 0.33363 0.71252 -0.606981 0.792723
24016 1.63235 0.71512 1.38141 0.795615
24032 -1.59836 0.717728 0.654474 0.798517
24048 0.0706462 0.720347 -0.158529 0.80143
24064 -2.16026 0.722974 0.48198 0.804353
24080 0.797942 0.725612 0.855234 0.807288
24096 -0.306171 0.728259 0.459209 0.810232
24112 0.356183 0.730915 -0.169929 0.813188
24128 0.265879 0.733582 0.452925 0.816155
24144 -1.08728 0.736258 -0.119088 0.819132
24160 -0.505357 0.738944 0.171725 0.82212
24176 -1.64997 0.741639 0.690292 0.825119
24192 0.555151 0.744344 -0.27166 0.828129
24208 2.8451 0.74706 0.152733 0.83115
24224 0.492512 0.749785 0.320251 0.834182
24240 1.52583 0.75252 -0.358817 0.837225
24256 -1.29606 0.755265 0.0063725 0.840279
24272 -0.538827 0.75802 -1.8409 0.843344
24288 -1.1847 0.760786 0.0255072 0.846421
24304 0.60335 0.763561 -0.122385 0.849509
24320 -0.851859 0.766346 -1.01007 0.852607
24336 0.625315 0.769142 -1.29357 0.855718
24352 -0.422521 0.771948 -0.220972 0.858839
24368 -1.16631 0.774764 0.803113 0.861972
24384 0.526901 0.77759 0.339368 0.865117
24400 -0.829785 0.780427 0.128761 0.868272
24416 -0.0391915 0.783273 1.82071 0.87144
24432 1.04062 0.786131 0.0478483 0.874619
24448 -0.204404 0.788998 -0.715059 0.877809
24464 0.0614596 0.791877 -1.45612 0.881011
24480 -0.67915 0.794765 -1.237 0.884225
24496 0.914582 0.797665 -1.65852 0.887451
24512 -1.51505 0.800574 -1.54912 0.890688
24528 0.435467 0.803495 -0.292287 0.893938
24544 1.68756 0.806426 -1.0911 0.897198
24560 -1.06089 0.809368 -0.929488 0.900471
24576 0.119931 0.81232 0.545286 0.903756
24592 0.20949 0.815284 -1.74203 0.907053
24608 2.14916 0.818258 0.314116 0.910362
24624 0.548795 0.821243 0.514021 0.913683
24640 -0.174324 0.824238 1.64609 0.917016
24656 0.0222258 0.827245 0.726566 0.920361
24672 -0.259497 0.830263 1.38605 0.923718
24688 -0.633899 0.833292 1.10831 0.927088
24704 -0.144547 0.836331 0.800414 0.93047
24720 -0.351664 0.839382 0.700708 0.933864
24736 -0.0772751 0.842444 0.276954 0.937271
24752 -0.151998 0.845517 -0.147245 0.94069
24768 -0.53368 0.848602 0.400607 0.944122
24784 -1.25547 0.851697 0.735627 0.947566
24800 -0.255497 0.854804 0.435027 0.951022
24816 -0.284841 0.857923 -0.493466 0.954492
24832 0.88066 0.861052 0.531888 0.957974
24848 -2.61427 0.864193 -0.129565 0.961468
24864 -1.01228 0.867346 -1.14555 0.964975
24880 -1.46635 0.87051 -0.525189 0.968496
24896 -0.50502 0.873685 0.62042 0.972029
24912 -1.32255 0.876872 -0.301259 0.975574
24928 -2.36963 0.880071 0.221208 0.979133
24944 1.96973 0.883282 0.741146 0.982705
24960 2.07138 0.886504 -1.34026 0.98629
24976 -0.0537527 0.889738 -1.09729 0.989888
24992 -0.131565 0.892983 1.22777 0.993499
25008 -0.91345 0.896241 1.29403 0.997123
25024 0.700519 0.89951 -0.0670076 1.00076
25040 -1.52262 0.902792 -1.92475 1.00441
25056 -1.31957 0.906085 -0.78501 1.00808
25072 0.300252 0.90939 -0.727557 1.01175
25088 1.15012 0.912708 1.19728 1.01544
25104 -0.129106 0.916037 -2.54378 1.01915
25120 -0.943005 0.919379 -0.0134212 1.02287
25136 -0.598122 0.922733 1.11983 1.0266
25152 -2.52062 0.926099 0.56884 1.03034
25168 -0.875651 0.929477 -0.5883 1.0341
25184 0.66914 0.932868 1.8521 1.03787
25200 0.0613068 0.936271 -0.687537 1.04166
25216 0.815994 0.939686 -0.770793 1.04546
25232 0.252979 0.943114 -1.17282 1.04927
25248 1.45627 0.946554 0.0577023 1.0531
25264 1.81905 0.950007 -0.666035 1.05694
25280 -1.34126 0.953473 1.02076 1.0608
25296 0.780047 0.956951 0.56708 1.06467
25312 -0.0135043 0.960442 -0.694055 1.06855
25328 1.32086 0.963946 -0.45574 1.07245
25344 -0.1266 0.967462 0.663025 1.07636
25360 -0.533309 0.970991 -1.2974 1.08029
25376 1.81582 0.974533 1.76002 1.08423
25392 -1.47214 0.978088 0.752699 1.08818
25408 -0.319813 0.981656 -0.163184 1.09215
25424 -1.63737 0.985237 1.74532 1.09614
25440 1.26183 0.988831 3.83981 1.10014
25456 0.0732853 0.992438 0.969824 1.10415
25472 0.149473 0.996059 0.140565 1.10818
25488 1.22287 0.999692 -0.273397 1.11222
25504 -1.29545 1.00334 0.898854 1.11628
25520 0.680943 1.007 -0.849455 1.12035
25536 0.0432295 1.01067 1.22865 1.12444
25552 -3.22745 1.01436 -2.24707 1.12854
25568 0.0719979 1.01806 -1.45754 1.13265
25584 -0.0894043 1.02177 1.06928 1.13679
25600 -2.42938 1.0255 -0.701108 1.14093
25616 2.06305 1.02924 -1.38554 1.14509
25632 0.664987 1.033 -0.351676 1.14927
25648 -3.57438 1.03676 -1.04928 1.15346
25664 1.88258 1.04055 0.759618 1.15767
25680 -0.716344 1.04434 -0.493073 1.1619
25696 -0.787227 1.04815 -2.77373 1.16613
25712 0.0460446 1.05198 0.300286 1.17039
25728 -1.48331 1.05581 0.276445 1.17466
25744 0.129478 1.05966 0.0173139 1.17894
25760 1.47067 1.06353 2.50849 1.18324
25776 -2.55846 1.06741 -0.18067 1.18756
25792 1.49355 1.0713 0.883239 1.19189
25808 0.615979 1.07521 -0.700134 1.19624
25824 -0.0982692 1.07913 1.96361 1.2006
25840 1.08721 1.08307 0.666108 1.20498
25856 -0.193134 1.08702 -2.17005 1.20938
25872 0.517331 1.09099 1.29061 1.21379
25888 0.525082 1.09497 -1.19884 1.21822
25904 -1.41802 1.09896 -0.639792 1.22266
25920 -2.37871 1.10297 -4.55293 1.22712
25936 0.68339 1.10699 1.04476 1.2316
25952 -2.2747 1.11103 -1.16331 1.23609
25968 -1.70177 1.11509 0.883141 1.2406
25984 1.78098 1.11915 -0.591359 1.24513
26000 1.72955 1.12324 1.63033 1.24967
26016 1.25577 1.12733 0.036598 1.25423
26032 -0.0173823 1.13145 -2.23717 1.2588
26048 -1.00071 1.13557 1.09255 1.26339
26064 1.63177 1.13972 0.951993 1.268
26080 -2.23444 1.14387 -0.763456 1.27263
26096 -0.900789 1.14805 2.51612 1.27727
26112 -0.786853 1.15223 0.643171 1.28193
26128 -1.11721 1.15644 0.17069 1.28661
26144 2.98214 1.16066 -1.14007 1.2913
26160 -1.49101 1.16489 0.559196 1.29601
26176 -3.29612 1.16914 2.69984 1.30074
26192 0.232885 1.1734 -1.84629 1.30548
26208 0.0460446 1.17768 0.300286 1.31025
26224 0.642131 1.18198 -1.15896 1.31503
26240 -1.21938 1.18629 -1.75372 1.31982
26256 0.155465 1.19062 1.77283 1.32464
26272 0.132592 1.19496 -1.37717 1.32947
26288 1.39533 1.19932 0.919663 1.33432
26304 0.0460446 1.2037 0.300286 1.33919
26320 -0.166963 1.20809 1.79759 1.34407
26336 1.07812 1.21249 -1.94975 1.34898
26352 -0.172008 1.21692 -0.750636 1.3539
26368 0.822112 1.22136 1.40656 1.35883
26384 -1.4416 1.22581 0.610991 1.36379
26400 0.0460446 1.23028 0.300286 1.36877
26416 2.65652 1.23477 0.381828 1.37376
26432 1.19926 1.23928 1.02283 1.37877
26448 -0.447935 1.2438 -0.887342 1.3838
26464 -1.6554 1.24833 -2.0801 1.38885
26480 -2.76087 1.25289 1.08297 1.39392
26496 -1.55448 1.25746 -3.22297 1.399
26512 -1.36238 1.26205 -3.0796 1.4041
26528 0.0460445 1.26665 0.300286 1.40923
26544 0.529464 1.27127 -5.12171 1.41437
26560 0.45004 1.27591 -1.84393 1.41953
26576 -0.016745 1.28056 -1.38982 1.4247
26592 -1.10862 1.28523 -0.901281 1.4299
26608 -2.02576 1.28992 -1.61259 1.43512
26624 -4.00461 1.29463 2.0023 1.44035
26640 -1.93198 1.29935 -4.21378 1.44561
26656 1.19609 1.30409 -0.772715 1.45088
26672 -2.74972 1.30885 0.1537 1.45617
26688 0.215347 1.31362 -0.705575 1.46149
26704 0.0212706 1.31841 0.00964902 1.46682
26720 0.0460446 1.32322 0.300286 1.47217
26736 2.24832 1.32805 -1.87943 1.47754
26752 0.703407 1.3329 -0.535927 1.48293
26768 -0.00839683 1.33776 -3.26055 1.48834
26784 0.0460446 1.34264 0.300286 1.49377
26800 -0.18954 1.34754 1.63778 1.49922
26816 -0.610001 1.35245 -2.39994 1.50468
26832 1.02868 1.35738 -0.181041 1.51017
26848 0.0460446 1.36234 0.300286 1.51568
26864 -0.00816371 1.36731 0.313864 1.52121
26880 -1.22278 1.37229 -8.51972 1.52676
26896 2.02416 1.3773 0.630422 1.53233
26912 2.07364 1.38232 4.09131 1.53792
26928 -2.76221 1.38737 1.02315 1.54353
26944 1.35781 1.39243 -0.91025 1.54916
26960 1.58442 1.39751 -0.561293 1.55481
26976 0.905232 1.40261 -0.163003 1.56048
26992 0.0460446 1.40772 0.300286 1.56618
27008 0.769352 1.41286 -3.13321 1.57189
27024 -1.60303 1.41801 -0.700128 1.57762
27040 -0.82167 1.42318 -1.1029 1.58338
27056 1.7713 1.42838 0.668479 1.58916
27072 -3.00818 1.43359 -0.2516 1.59495
27088 1.23674 1.43882 -4.40645 1.60077
27104 0.254346 1.44406 0.508231 1.60661
27120 0.668522 1.44933 3.62851 1.61247
27136 -3.99039 1.45462 0.242792 1.61835
27152 1.28966 1.45993 1.54446 1.62426
27168 -3.7427 1.46525 -1.07041 1.63018
27184 -4.14318 1.4706 -4.94721 1.63613
27200 2.15731 1.47596 -8.44839 1.6421
27216 -1.12129 1.48135 5.10195 1.64809
27232 0.0845295 1.48675 -2.19059 1.6541
27248 -2.51578 1.49217 -2.717 1.66013
27264 1.30061 1.49762 -1.84944 1.66619
27280 -0.556667 1.50308 -8.73935 1.67227
27296 -1.55726 1.50856 -1.30978 1.67837
27312 -6.33417 1.51407 -2.6833 1.68449
27328 1.07121 1.51959 -4.0283 1.69064
27344 0.0460446 1.52513 0.300286 1.6968
27360 -2.81061 1.53069 -1.45092 1.70299
27376 -3.41527 1.53628 1.2284 1.7092
27392 -0.8709 1.54188 2.16261 1.71544
27408 -1.06923 1.54751 -2.89498 1.7217
27424 -0.426085 1.55315 -5.59361 1.72798
27440 -2.37036 1.55882 0.928042 1.73428
27456 1.97002 1.56451 0.916937 1.74061
27472 -1.36122 1.57021 -3.32026 1.74696
27488 1.72555 1.57594 -1.2667 1.75333
27504 0.0460446 1.58169 0.300286 1.75973
27520 1.94004 1.58746 -8.06727 1.76615
27536 -1.91794 1.59325 3.74443 1.77259
27552 -2.32894 1.59906 1.71719 1.77905
27568 1.98009 1.6049 1.51206 1.78554
27584 -0.416 1.61075 -5.35751 1.79206
27600 -1.61974 1.61663 0.0324769 1.7986
27616 1.45574 1.62252 -4.10947 1.80516
27632 -1.4699 1.62844 -1.25283 1.81174
27648 -0.791386 1.63438 2.54015 1.81835
27664 -1.68667 1.64034 1.96915 1.82498
27680 -1.64387 1.64633 5.4414 1.83164
27696 -1.88574 1.65233 3.71082 1.83832
27712 1.53257 1.65836 -1.51296 1.84503
27728 2.24915 1.66441 0.479343 1.85176
27744 -2.95831 1.67048 -4.92959 1.85851
27760 -1.16297 1.67658 -2.24349 1.86529
27776 0.277127 1.68269 0.0980739 1.8721
27792 1.24984 1.68883 1.92417 1.87893
27808 -2.58008 1.69499 2.61499 1.88578
27824 0.0460445 1.70117 0.300286 1.89266
27840 -1.13914 1.70738 2.60476 1.89957
27856 0.371324 1.71361 1.51702 1.9065
27872 -0.141585 1.71986 -0.468582 1.91345
27888 0.0460445 1.72613 0.300286 1.92043
27904 -2.49307 1.73243 4.69409 1.92744
27920 1.37106 1.73875 -2.97735 1.93447
27936 0.0460446 1.74509 0.300286 1.94152
27952 0.0460445 1.75146 0.300286 1.94861
27968 -3.35699 1.75785 -2.09602 1.95571
27984 -3.62263 1.76426 -2.26201 1.96285
28000 -2.21745 1.7707 1.61524 1.97001
28016 -2.234 1.77716 1.62485 1.9772
28032 0.0460446 1.78364 0.300286 1.98441
28048 3.06117 1.79015 -5.2294 1.99165
28064 -0.528333 1.79668 3.60771 1.99891
28080 3.11311 1.80323 1.12996 2.0062
28096 -7.59936 1.80981 -4.51332 2.01352
28112 1.83882 1.81641 3.18376 2.02087
28128 -1.71578 1.82304 -5.03028 2.02824
28144 -0.446893 1.82969 -2.07547 2.03564
28160 5.33395 1.83636 1.38433 2.04306
28176 -0.615549 1.84306 0.0989182 2.05052
28192 0.0460446 1.84978 0.300286 2.058
28208 0.0460446 1.85653 0.300286 2.06551
28224 -0.480084 1.8633 -4.13191 2.07304
28240 0.0460446 1.8701 0.300286 2.0806
28256 -1.67738 1.87692 2.98058 2.08819
28272 3.95064 1.88377 3.75571 2.09581
28288 0.0460445 1.89064 0.300286 2.10345
28304 0.0460446 1.89754 0.300286 2.11113
28320 0.189382 1.90446 2.36397 2.11883
28336 0.109654 1.91141 -3.81674 2.12656
28352 -0.623872 1.91838 -1.24138 2.13432
28368 0.0460445 1.92538 0.300286 2.1421
28384 -3.01646 1.9324 -1.55759 2.14992
28400 -3.44997 1.93945 -3.34069 2.15776
28416 4.41739 1.94653 3.06221 2.16563
28432 -2.60844 1.95363 -4.98955 2.17353
28448 -3.52484 1.96075 2.43065 2.18146
28464 0.0460446 1.96791 0.300286 2.18942
28480 3.13341 1.97509 0.559786 2.1974
28496 -1.31999 1.98229 5.79131 2.20542
28512 -4.53307 1.98952 5.68228 2.21346
28528 3.23887 1.99678 0.609153 2.22154
28544 9.42612 2.00406 0.635408 2.22964
28560 -0.834565 2.01137 -2.5759 2.23778
28576 -10.6244 2.01871 -6.51491 2.24594
28592 0.304963 2.02608 2.54686 2.25413
28608 0.0460446 2.03347 0.300286 2.26236
28624 0.0460446 2.04088 0.300286 2.27061
28640 0.0460445 2.04833 0.300286 2.27889
28656 3.3681 2.0558 1.36504 2.2872
28672 1.34097 2.0633 -1.01269 2.29555
28688 -3.63908 2.07083 0.0622222 2.30392
28704 -6.58659 2.07838 -6.98804 2.31233
28720 -8.3669 2.08596 12.6355 2.32076
28736 0.0460446 2.09357 0.300286 2.32923
28752 0.0460446 2.10121 0.300286 2.33773
28768 -4.33784 2.10887 -2.95198 2.34625
28784 0.0460445 2.11657 0.300286 2.35481
28800 3.09765 2.12429 -2.54687 2.3634
28816 0.0460446 2.13204 0.300286 2.37202
28832 -4.48715 2.13982 1.24708 2.38068
28848 -0.29876 2.14762 -3.27623 2.38936
28864 -7.41549 2.15546 4.24029 2.39808
28880 8.1607 2.16332 1.08766 2.40683
28896 -0.447015 2.17121 -10.5939 2.41561
28912 0.0460446 2.17913 0.300286 2.42442
28928 -3.8769 2.18708 -2.07957 2.43326
28944 3.30436 2.19506 -2.73974 2.44214
28960 -3.21997 2.20307 3.72701 2.45105
28976 0.000589311 2.2111 2.85613 2.45999
28992 0.344532 2.21917 -5.48497 2.46896
29008 -7.21754 2.22726 5.75085 2.47797
29024 0.0460445 2.23539 0.300286 2.48701
29040 -0.128317 2.24354 3.03424 2.49608
29056 -1.39168 2.25173 -4.34278 2.50518
29072 -7.5091 2.25994 3.05826 2.51432
29088 2.51372 2.26819 -4.15757 2.5235
29104 1.37773 2.27646 -0.814557 2.5327
29120 2.27331 2.28476 -5.15217 2.54194
29136 0.0460446 2.2931 0.300286 2.55121
29152 1.44598 2.30146 -5.53237 2.56052
29168 0.0460446 2.30986 0.300286 2.56986
29184 -2.23366 2.31829 2.09804 2.57924
29200 -0.751097 2.32674 -3.5416 2.58864
29216 -1.32954 2.33523 -0.0827023 2.59809
29232 0.0460445 2.34375 0.300286 2.60756
29248 -0.768704 2.3523 -3.62646 2.61708
29264 -0.677081 2.36088 4.40573 2.62662
29280 2.44156 2.36949 -5.56406 2.63621
29296 4.62065 2.37814 -2.267 2.64582
29312 -3.93619 2.38681 -3.84371 2.65547
29328 3.47509 2.39552 -5.31829 2.66516
29344 1.58939 2.40426 5.42228 2.67488
29360 4.75587 2.41303 -2.34289 2.68464
29376 0.0460445 2.42183 0.300286 2.69443
29392 -0.324239 2.43066 3.70305 2.70426
29408 0.0460445 2.43953 0.300286 2.71413
29424 -5.61769 2.44843 3.24912 2.72403
29440 10.2887 2.45736 2.86207 2.73397
29456 9.47697 2.46633 -0.107938 2.74394
29472 5.22726 2.47532 1.40603 2.75395
29488 -5.68662 2.48435 3.72035 2.764
29504 -12.2986 2.49342 0.73567 2.77408
29520 -2.36937 2.50251 5.20602 2.7842
29536 0.0460446 2.51164 0.300286 2.79435
29552 -4.20679 2.5208 -1.14678 2.80455
29568 5.22356 2.53 -2.60535 2.81478
29584 -1.68777 2.53923 -3.78818 2.82505
29600 -2.96354 2.54849 5.34361 2.83535
29616 10.0045 2.55779 -2.60378 2.8457
29632 5.25271 2.56712 10.2487 2.85608
29648 0.0460446 2.57648 0.300286 2.86649
29664 0.0460445 2.58588 0.300286 2.87695
29680 -13.3282 2.59531 0.771982 2.88745
29696 5.78339 2.60478 1.52471 2.89798
29712 -0.325472 2.61428 -11.6893 2.90855
29728 -1.8611 2.62382 -4.0094 2.91916
29744 0.0460446 2.63339 0.300286 2.92981
29760 0.0460446 2.643 0.300286 2.9405
29776 -7.24644 2.65264 -16.2081 2.95122
29792 -0.199484 2.66232 4.15011 2.96199
29808 5.65467 2.67203 6.18064 2.9728
29824 0.0460446 2.68178 0.300286 2.98364
29840 0.0460446 2.69156 0.300286 2.99452
29856 0.0460446 2.70138 0.300286 3.00545
29872 -0.338369 2.71123 -8.19337 3.01641
29888 -1.56945 2.72112 -5.91865 3.02742
29904 11.2446 2.73105 13.2831 3.03846
29920 -1.14098 2.74101 0.822943 3.04954
29936 5.99114 2.75101 6.53341 3.06067
29952 -4.16024 2.76105 -6.3882 3.07183
29968 2.87994 2.77112 4.73475 3.08304
29984 -3.47294 2.78123 10.3985 3.09429
30000 5.92673 2.79137 -1.30381 3.10557
30016 -2.06451 2.80155 -4.67658 3.1169
30032 0.0460446 2.81177 0.300286 3.12827
30048 0.691417 2.82203 1.2251 3.13968
30064 3.88861 2.83233 -10.6945 3.15114
30080 -19.4745 2.84266 -6.44659 3.16263
30096 0.539397 2.85303 -9.26184 3.17417
30112 -3.79454 2.86344 -15.5704 3.18575
30128 4.86209 2.87388 -4.93167 3.19737
30144 0.0460446 2.88436 0.300286 3.20903
30160 -7.77198 2.89489 -5.09823 3.22074
30176 1.30017 2.90545 6.32166 3.23249
30192 3.67413 2.91605 -8.58145 3.24428
30208 -1.71046 2.92668 -3.90261 3.25611
30224 5.05487 2.93736 -7.29381 3.26799
30240 0.0460446 2.94808 0.300286 3.27991
30256 -33.8054 2.95883 -5.1176 3.29188
30272 -4.42681 2.96962 11.5914 3.30389
30288 -7.05276 2.98046 -6.93597 3.31594
30304 11.3892 2.99133 7.0097 3.32804
30320 -3.83078 3.00224 -7.85658 3.34018
30336 -2.81641 3.01319 -8.81301 3.35236
30352 0.0460445 3.02418 0.300286 3.36459
30368 0.0460445 3.03522 0.300286 3.37686
30384 8.68805 3.04629 -17.7908 3.38918
30400 -6.4882 3.0574 -6.4994 3.40155
30416 -7.67631 3.06855 -4.38449 3.41395
30432 2.65648 3.07975 12.4948 3.42641
30448 -2.55736 3.09098 7.1318 3.43891
30464 7.15828 3.10226 -3.56315 3.45145
30480 -7.57069 3.11357 1.77815 3.46404
30496 -0.646289 3.12493 -18.4478 3.47668
30512 0.0460446 3.13633 0.300286 3.48936
30528 0.0460446 3.14777 0.300286 3.50209
30544 -9.63359 3.15926 15.9628 3.51487
30560 -9.33317 3.17078 -6.17626 3.52769
30576 0.0460446 3.18235 0.300286 3.54056
30592 -10.0537 3.19396 2.40968 3.55347
30608 0.0460446 3.20561 0.300286 3.56644
30624 10.7183 3.2173 -16.8377 3.57945
30640 -5.06468 3.22904 0.342959 3.5925
30656 8.29661 3.24082 8.95057 3.60561
30672 -20.3131 3.25264 4.71602 3.61876
30688 -8.69406 3.2645 -5.00191 3.63196
30704 0.0460446 3.27641 0.300286 3.64521
30720 4.32082 3.28837 9.52553 3.65851
30736 0.0460445 3.30036 0.300286 3.67185
30752 1.8791 3.3124 -15.7921 3.68525
30768 9.55858 3.32448 4.76878 3.69869
30784 8.44845 3.33661 -1.99167 3.71219
30800 0.0460446 3.34878 0.300286 3.72573
30816 -9.21839 3.361 -5.31999 3.73932
30832 8.56384 3.37326 -2.34418 3.75296
30848 -4.76471 3.38557 7.27454 3.76665
30864 0.0460446 3.39792 0.300286 3.78039
30880 9.88063 3.41031 2.39912 3.79418
30896 1.34377 3.42275 5.15454 3.80802
30912 0.0460446 3.43524 0.300286 3.82191
30928 -1.37973 3.44777 1.49117 3.83585
30944 -0.412441 3.46035 -12.0408 3.84985
30960 0.0460446 3.47297 0.300286 3.86389
30976 6.36694 3.48564 9.31063 3.87799
30992 14.121 3.49835 8.22181 3.89213
31008 0.0460445 3.51112 0.300286 3.90633
31024 -5.29515 3.52392 -10.9376 3.92058
31040 -3.36246 3.53678 9.24445 3.93488
31056 0.809746 3.54968 -14.5017 3.94924
31072 0.0460446 3.56263 0.300286 3.96364
31088 9.61648 3.57563 -2.67098 3.9781
31104 -9.90422 3.58867 15.0364 3.99261
31120 7.57702 3.60176 -11.1178 4.00718
31136 -4.88483 3.6149 17.0203 4.0218
31152 0.0460446 3.62809 0.300286 4.03647
31168 0.0460446 3.64132 0.300286 4.05119
31184 0.0460446 3.6546 0.300286 4.06597
31200 0.0460446 3.66794 0.300286 4.0808
31216 -12.9612 3.68132 -3.55946 4.09569
31232 0.0460445 3.69474 0.300286 4.11063
31248 10.2081 3.70822 -5.21985 4.12563
31264 -6.73026 3.72175 10.8389 4.14068
31280 0.0460446 3.73533 0.300286 4.15578
31296 -1.42759 3.74895 8.23393 4.17094
31312 17.8386 3.76263 -21.0929 4.18616
31328 0.0460446 3.77636 0.300286 4.20143
31344 0.0460445 3.79013 0.300286 4.21675
31360 22.7363 3.80396 4.95188 4.23214
31376 -14.4029 3.81783 23.7198 4.24757
31392 -1.85881 3.83176 11.1149 4.26307
31408 -0.520254 3.84574 -14.9428 4.27862
31424 -27.7507 3.85977 -17.5979 4.29423
31440 11.8346 3.87385 12.6599 4.30989
31456 17.2419 3.88798 28.8012 4.32562
31472 -15.0291 3.90216 3.44884 4.3414
31488 12.5213 3.9164 8.38862 4.35723
31504 0.0460445 3.93068 0.300286 4.37313
31520 -1.13716 3.94502 -9.75523 4.38908
31536 -6.69686 3.95941 -13.8868 4.40509
31552 11.9644 3.97386 -2.95073 4.42116
31568 -7.70196 3.98835 -23.1463 4.43729
31584 0.0460446 4.0029 0.300286 4.45347
31600 -20.3186 4.01751 -65.0518 4.46972
31616 0.0460445 4.03216 0.300286 4.48603
31632 19.2176 4.04687 5.81865 4.50239
31648 0.0460446 4.06163 0.300286 4.51882
31664 0.0460446 4.07645 0.300286 4.5353
31680 0.0460446 4.09132 0.300286 4.55184
31696 1.42551 4.10624 8.7336 4.56845
31712 0.0460445 4.12122 0.300286 4.58511
31728 0.0460445 4.13626 0.300286 4.60184
31744 0.0460445 4.15135 0.300286 4.61863
31760 0.0460446 4.16649 0.300286 4.63548
31776 0.0460446 4.18169 0.300286 4.65238
31792 27.8237 4.19694 15.9794 4.66936
31808 -5.51646 4.21225 15.1782 4.68639
31824 -5.55712 4.22762 15.287 4.70349
31840 0.0460446 4.24304 0.300286 4.72064
31856 12.3156 4.25852 -11.0224 4.73786
31872 19.406 4.27405 -18.0036 4.75515
31888 0.0460445 4.28965 0.300286 4.77249
31904 17.7841 4.30529 12.6742 4.7899
31920 0.0460446 4.321 0.300286 4.80738
31936 -22.2069 4.33676 -13.9304 4.82491
31952 -2.7435 4.35258 -13.1441 4.84251
31968 0.0460445 4.36846 0.300286 4.86018
31984 6.59083 4.3844 -45.6341 4.87791
